#METRIC|m2|年化,最大回撤,Sharpe,Calmar,平均仓位,年均换手,持仓数中位,单票权重中位,单票权重P90,单票权重最大,前三权重中位,单票超60%天数占比,滚动3年年化中位,滚动3年回撤中位,滚动3年Calmar中位,滚动3年Sharpe中位,滚动3年为负的窗口占比,滚动5年年化中位,滚动5年年化P25,滚动5年年化最差,滚动5年回撤中位,滚动5年Calmar中位,滚动5年Sharpe中位,滚动5年为负的窗口占比,滚动5年窗口数,互不重叠5年块中位,滚动10年年化中位,滚动10年窗口数,逐年收益中位,逐年为正比例,逐年最差,完整自然年数,强平次数,最低担保比例,最低股票同跌缓冲,最低总资产冲击缓冲,rf覆盖率,年化_交易日口径,最低担保比例日,最低股票同跌缓冲日,滚动5年年化最差窗口末日,最大回撤起日,最大回撤止日,末次净值日
#EX5|fixed|601088,002128,000933,000651,000338
BASE|2009-11-01|0.313671|0.693960|0.753637|0.452001|1.620187|6.513478|6.000000|0.659951|0.999036|1.240627|1.427959|0.809630|0.345258|0.437173|0.826074|0.818675|0.072727|0.354410|0.200820|-0.043392|0.465111|0.761280|0.789551|0.042553|141.000000|0.461252|0.332922|81.000000|0.355592|0.750000|-0.277082|16.000000|0.000000|1.828535|0.289048|0.289048|0.984589|0.314964|20150824.000000|20150824.000000|20160229.000000|20150612.000000|20160616.000000|20260828.000000
BASE|2010-05-01|0.384892|0.663979|0.872536|0.579674|1.643964|6.919292|6.000000|0.661598|0.961168|1.241596|1.463840|0.774053|0.426251|0.431696|0.891936|0.921144|0.056604|0.436319|0.337015|-0.017465|0.451436|0.863560|0.943248|0.014815|135.000000|0.594415|0.421321|75.000000|0.387716|0.800000|-0.276843|15.000000|0.000000|1.742886|0.254111|0.254111|1.000000|0.386654|20150825.000000|20150825.000000|20160229.000000|20150609.000000|20160201.000000|20260828.000000
BASE|2010-11-01|0.323747|0.707306|0.772943|0.457718|1.612029|7.044267|6.000000|0.658376|0.925824|1.145085|1.401492|0.805978|0.369479|0.424419|0.905609|0.885043|0.084967|0.385978|0.209395|-0.061089|0.437072|0.917513|0.841897|0.069767|129.000000|0.462464|0.332224|69.000000|0.281902|0.800000|-0.316190|15.000000|0.000000|1.826051|0.288081|0.288081|1.000000|0.324961|20150825.000000|20150825.000000|20160630.000000|20150609.000000|20160616.000000|20260828.000000
BASE|2011-05-01|0.315362|0.702332|0.755310|0.449022|1.596396|6.706993|6.000000|0.662919|0.927899|1.126171|1.417640|0.806568|0.368996|0.441103|0.849744|0.849565|0.040816|0.391513|0.238177|-0.040188|0.452362|0.885366|0.857344|0.024390|123.000000|0.456260|0.336163|63.000000|0.360859|0.785714|-0.310331|14.000000|0.000000|1.712320|0.240796|0.240796|1.000000|0.316556|20150825.000000|20150825.000000|20160531.000000|20150609.000000|20160616.000000|20260828.000000
BASE|2011-11-01|0.359292|0.745172|0.821145|0.482160|1.640904|7.166607|7.000000|0.672308|1.011866|1.277698|1.430877|0.816775|0.388846|0.425505|0.968899|0.894870|0.042553|0.411019|0.249519|0.027506|0.433137|0.961479|0.889535|0.000000|117.000000|0.586368|0.339389|57.000000|0.386813|0.857143|-0.357911|14.000000|0.000000|1.859362|0.300836|0.300836|1.000000|0.360885|20150824.000000|20150824.000000|20161230.000000|20150609.000000|20160203.000000|20260828.000000
BASE|2012-05-01|0.363126|0.695070|0.829275|0.522431|1.655222|7.017899|6.000000|0.669655|0.896753|1.074116|1.457155|0.838320|0.406200|0.432282|0.863031|0.891631|0.029630|0.420243|0.341324|0.122458|0.463296|0.847484|0.884850|0.000000|111.000000|0.564410|0.392379|51.000000|0.368963|0.769231|-0.266259|13.000000|0.000000|1.710115|0.239817|0.239817|1.000000|0.364399|20150825.000000|20150825.000000|20170531.000000|20150609.000000|20160201.000000|20260828.000000
BASE|2012-11-01|0.460040|0.689124|0.955280|0.667571|1.694866|6.666922|6.000000|0.633093|0.877550|1.091374|1.480526|0.687909|0.524884|0.542830|1.076449|1.067008|0.015504|0.561728|0.398516|0.152549|0.542830|1.056312|1.066691|0.000000|105.000000|0.634630|0.473194|45.000000|0.377345|0.769231|-0.156592|13.000000|0.000000|1.729113|0.248170|0.248170|1.000000|0.462220|20150825.000000|20150825.000000|20200430.000000|20150609.000000|20160201.000000|20260828.000000
BASE|2013-05-01|0.470772|0.653723|0.971692|0.720140|1.685289|6.769186|7.000000|0.640924|0.794878|0.982195|1.441665|0.796976|0.508549|0.490601|1.120890|1.019260|0.016260|0.541909|0.437772|0.210076|0.510068|1.064405|1.049548|0.000000|99.000000|0.670713|0.475025|39.000000|0.422273|0.833333|-0.162553|12.000000|0.000000|1.707217|0.238527|0.238527|1.000000|0.472289|20150825.000000|20150825.000000|20200430.000000|20150612.000000|20160201.000000|20260828.000000
BASE|2013-11-01|0.453076|0.669472|0.956104|0.676765|1.670013|7.180484|7.000000|0.625618|0.842702|1.035315|1.437466|0.711538|0.489815|0.435420|1.127481|1.020146|0.008547|0.507200|0.369368|0.118071|0.449613|1.130357|1.025595|0.000000|93.000000|0.633773|0.428131|33.000000|0.384122|0.750000|-0.218313|12.000000|0.000000|1.896537|0.314540|0.314540|1.000000|0.454365|20200323.000000|20200323.000000|20181228.000000|20150612.000000|20160616.000000|20260828.000000
BASE|2014-05-01|0.460151|0.747492|0.964667|0.615593|1.670236|7.409002|6.000000|0.655705|1.063330|1.327542|1.475337|0.807205|0.480209|0.438099|1.093275|1.000993|0.027027|0.516876|0.422520|0.112204|0.439601|1.175786|1.026598|0.000000|87.000000|0.595752|0.423603|27.000000|0.436114|0.727273|-0.336172|11.000000|0.000000|1.879052|0.308162|0.308162|1.000000|0.461225|20200323.000000|20200323.000000|20200430.000000|20150609.000000|20160616.000000|20260828.000000
BASE|2014-11-01|0.479176|0.819996|0.988287|0.584364|1.627233|7.531097|7.000000|0.624030|0.738396|0.997798|1.446982|0.660589|0.589668|0.437579|1.264255|1.150285|0.028571|0.624475|0.527735|0.026504|0.559644|1.122903|1.169589|0.000000|81.000000|0.658605|0.508223|21.000000|0.470246|0.727273|-0.428941|11.000000|0.000000|1.795592|0.276005|0.276005|1.000000|0.480635|20200323.000000|20200323.000000|20200430.000000|20150609.000000|20160613.000000|20260828.000000
BASE|2015-05-01|0.480776|0.622013|1.035162|0.772936|1.591968|7.010411|7.000000|0.638292|0.740571|0.951859|1.458566|0.738903|0.608968|0.439527|1.291434|1.184431|0.000000|0.631227|0.564223|0.186105|0.577286|1.127102|1.170456|0.000000|75.000000|0.664195|0.561550|15.000000|0.474455|0.800000|-0.146421|10.000000|0.000000|2.000200|0.350065|0.350065|1.000000|0.482182|20200319.000000|20200319.000000|20200529.000000|20150609.000000|20160518.000000|20260828.000000
BASE|2015-11-01|0.616760|0.574713|1.211256|1.073162|1.648410|7.073630|7.000000|0.644984|0.745609|0.944390|1.474112|0.787614|0.649139|0.441470|1.312567|1.191715|0.000000|0.660862|0.578078|0.464053|0.574713|1.170488|1.201198|0.000000|69.000000|0.734709|0.739714|9.000000|0.585015|0.800000|-0.156067|10.000000|0.000000|2.052453|0.366612|0.366612|1.000000|0.618849|20200319.000000|20200319.000000|20201130.000000|20200114.000000|20200323.000000|20260828.000000
BASE|2016-05-01|0.650141|0.549885|1.281797|1.182322|1.670079|6.026931|6.000000|0.624818|0.740490|0.967177|1.463796|0.701475|0.634954|0.439713|1.334827|1.193221|0.000000|0.639115|0.583057|0.477797|0.549885|1.197286|1.199705|0.000000|63.000000|0.646660|0.649171|3.000000|0.494125|0.888889|-0.150877|9.000000|0.000000|1.974873|0.341730|0.341730|1.000000|0.652720|20200323.000000|20200323.000000|20230131.000000|20200114.000000|20200323.000000|20260828.000000
EX5:BASE|2009-11-01|0.323211|0.747002|0.810373|0.432678|1.518298|6.377823|6.000000|0.622829|0.720456|0.951353|1.366326|0.664653|0.395623|0.544576|0.746949|0.897334|0.151515|0.388681|0.219117|-0.174675|0.544576|0.650737|0.878021|0.106383|141.000000|0.504277|0.349218|81.000000|0.247777|0.625000|-0.346536|16.000000|0.000000|1.680803|0.226560|0.226560|0.984589|0.324548|20200323.000000|20200323.000000|20160229.000000|20110328.000000|20140320.000000|20260828.000000
EX5:BASE|2010-05-01|0.346838|0.746047|0.845730|0.464900|1.552428|6.186945|6.000000|0.624717|0.721419|0.948088|1.377367|0.658790|0.408378|0.544113|0.819885|0.927747|0.119497|0.398709|0.317818|-0.159893|0.544113|0.690511|0.906275|0.081481|135.000000|0.493910|0.366905|75.000000|0.312532|0.666667|-0.346227|15.000000|0.000000|1.681238|0.226760|0.226760|1.000000|0.348405|20200323.000000|20200323.000000|20160229.000000|20110328.000000|20140320.000000|20260828.000000
EX5:BASE|2010-11-01|0.380720|0.607389|0.927596|0.626814|1.477373|5.868668|6.000000|0.613558|0.714445|0.966608|1.335703|0.606126|0.428115|0.459484|0.867119|0.972426|0.084967|0.414977|0.346672|-0.016833|0.545557|0.732668|0.938660|0.007752|129.000000|0.503956|0.392043|69.000000|0.321026|0.666667|-0.202368|15.000000|0.000000|1.679106|0.225779|0.225779|1.000000|0.382177|20200323.000000|20200323.000000|20160229.000000|20150615.000000|20160229.000000|20260828.000000
EX5:BASE|2011-05-01|0.400993|0.647831|0.941686|0.618978|1.527429|6.054928|7.000000|0.616400|0.712927|0.949980|1.359071|0.628790|0.425765|0.446711|0.882031|0.984930|0.040816|0.411690|0.352084|0.035113|0.545588|0.726416|0.936904|0.000000|123.000000|0.509980|0.405457|63.000000|0.364335|0.714286|-0.202480|14.000000|0.000000|1.589673|0.182222|0.182222|1.000000|0.402557|20150825.000000|20150825.000000|20160531.000000|20150615.000000|20160229.000000|20260828.000000
EX5:BASE|2011-11-01|0.429333|0.647953|0.980364|0.662598|1.575303|6.978992|7.000000|0.619761|0.712832|0.950122|1.352471|0.653050|0.450745|0.516050|1.037607|1.045321|0.000000|0.438256|0.370645|0.084642|0.545600|0.796197|1.005347|0.000000|117.000000|0.623396|0.431414|57.000000|0.401376|0.714286|-0.202459|14.000000|0.000000|1.590403|0.182597|0.182597|1.000000|0.431282|20150825.000000|20150825.000000|20161230.000000|20150615.000000|20160229.000000|20260828.000000
EX5:BASE|2012-05-01|0.448899|0.656458|1.024764|0.683820|1.600386|5.846693|7.000000|0.617827|0.706232|0.950754|1.347289|0.634843|0.432466|0.544560|0.940567|1.039117|0.000000|0.428444|0.370227|0.133451|0.544560|0.731777|0.964489|0.000000|111.000000|0.600891|0.410202|51.000000|0.444515|0.769231|-0.129949|13.000000|0.000000|1.680314|0.226335|0.226335|1.000000|0.450518|20200323.000000|20200323.000000|20200529.000000|20150615.000000|20160229.000000|20260828.000000
EX5:BASE|2012-11-01|0.497180|0.671043|1.075410|0.740906|1.641236|5.917698|7.000000|0.612950|0.714097|0.994978|1.331284|0.596486|0.452184|0.545674|1.016826|1.097213|0.007752|0.449818|0.382928|0.125621|0.545674|0.819801|1.028174|0.000000|105.000000|0.609587|0.437944|45.000000|0.462752|0.769231|-0.130043|13.000000|0.000000|1.557060|0.165093|0.165093|1.000000|0.499564|20150825.000000|20150825.000000|20200529.000000|20150615.000000|20160229.000000|20260828.000000
EX5:BASE|2013-05-01|0.437022|0.686305|0.983022|0.636775|1.625549|5.948761|7.000000|0.611569|0.729546|1.060315|1.310438|0.594878|0.408679|0.506177|0.900202|1.005264|0.000000|0.419094|0.319613|0.075892|0.531196|0.788963|0.987759|0.000000|99.000000|0.592817|0.381743|39.000000|0.457579|0.833333|-0.237957|12.000000|0.000000|1.626376|0.200677|0.200677|1.000000|0.438414|20150825.000000|20150825.000000|20200529.000000|20150615.000000|20160229.000000|20260828.000000
EX5:BASE|2013-11-01|0.481404|0.659942|1.049428|0.729463|1.627681|5.915589|7.000000|0.613910|0.711301|0.951783|1.360280|0.624679|0.445793|0.472097|0.974898|1.055954|0.000000|0.470786|0.360838|0.143689|0.546543|0.861389|1.069282|0.000000|93.000000|0.612427|0.436388|33.000000|0.396085|0.833333|-0.174884|12.000000|0.000000|1.671445|0.222230|0.222230|1.000000|0.482787|20150825.000000|20150825.000000|20200529.000000|20150615.000000|20160229.000000|20260828.000000
EX5:BASE|2014-05-01|0.514422|0.716158|1.104067|0.718307|1.610342|6.016768|8.000000|0.609873|0.748387|1.002131|1.321429|0.593062|0.432476|0.465276|1.119944|1.056012|0.000000|0.458432|0.349583|0.075129|0.545385|0.842000|1.066401|0.000000|87.000000|0.601346|0.428146|27.000000|0.444501|0.727273|-0.247844|11.000000|0.000000|1.679333|0.225883|0.225883|1.000000|0.515643|20200323.000000|20200323.000000|20200529.000000|20150615.000000|20160229.000000|20260828.000000
EX5:BASE|2014-11-01|0.494898|0.743455|1.066162|0.665673|1.602770|6.378887|7.000000|0.614217|0.706071|0.950148|1.316273|0.613217|0.462102|0.357899|1.310680|1.140100|0.000000|0.478840|0.374428|0.058450|0.545545|0.877728|1.084905|0.000000|81.000000|0.603864|0.474726|21.000000|0.481892|0.727273|-0.315999|11.000000|0.000000|1.521648|0.145663|0.145663|1.000000|0.496412|20150825.000000|20150825.000000|20200529.000000|20150615.000000|20160128.000000|20260828.000000
EX5:BASE|2015-05-01|0.459130|0.564354|1.124997|0.813550|1.508081|5.998019|7.000000|0.604105|0.692944|0.818276|1.338182|0.535472|0.446562|0.320577|1.508314|1.090102|0.000000|0.482739|0.349240|0.122725|0.474254|1.017891|1.110883|0.000000|75.000000|0.607898|0.449823|15.000000|0.484007|0.800000|-0.272405|10.000000|0.000000|1.785690|0.271990|0.271990|1.000000|0.460464|20200323.000000|20200323.000000|20200529.000000|20150615.000000|20160613.000000|20260828.000000
EX5:BASE|2015-11-01|0.477669|0.478839|1.164295|0.997555|1.567354|5.936524|7.000000|0.603741|0.693867|0.803670|1.331754|0.540437|0.399232|0.320714|1.450706|1.113493|0.000000|0.440863|0.362350|0.213095|0.474550|0.940336|1.065645|0.000000|69.000000|0.573013|0.569529|9.000000|0.427481|0.800000|-0.267057|10.000000|0.000000|1.784613|0.271551|0.271551|1.000000|0.479220|20200323.000000|20200323.000000|20230131.000000|20151225.000000|20160613.000000|20260828.000000
EX5:BASE|2016-05-01|0.622485|0.474701|1.404678|1.311320|1.591794|5.940075|7.000000|0.603761|0.694616|0.826776|1.354213|0.532483|0.468000|0.320116|1.548988|1.211854|0.000000|0.502381|0.429232|0.269597|0.474701|1.079670|1.151692|0.000000|63.000000|0.614575|0.616504|3.000000|0.544806|0.888889|-0.076812|9.000000|0.000000|1.784219|0.271390|0.271390|1.000000|0.624935|20200323.000000|20200323.000000|20230131.000000|20200114.000000|20200323.000000|20260828.000000
WJ_RF5|2009-11-01|0.306069|0.688520|0.750214|0.444532|1.618393|6.741749|6.000000|0.654616|0.986824|1.240627|1.449879|0.809878|0.318403|0.440645|0.781674|0.766617|0.072727|0.318159|0.201089|-0.040526|0.444840|0.674286|0.746615|0.042553|141.000000|0.375191|0.296581|81.000000|0.297967|0.687500|-0.277082|16.000000|0.000000|1.828594|0.289071|0.289071|0.984589|0.307327|20150825.000000|20150825.000000|20160229.000000|20150612.000000|20160616.000000|20260828.000000
WJ_RF5|2010-05-01|0.384892|0.663979|0.872536|0.579674|1.643964|6.919292|6.000000|0.661598|0.961168|1.241596|1.463840|0.774053|0.426251|0.431696|0.891936|0.921144|0.056604|0.436319|0.337015|-0.017465|0.451436|0.863560|0.943248|0.014815|135.000000|0.594415|0.421321|75.000000|0.387716|0.800000|-0.276843|15.000000|0.000000|1.742886|0.254111|0.254111|1.000000|0.386654|20150825.000000|20150825.000000|20160229.000000|20150609.000000|20160201.000000|20260828.000000
WJ_RF5|2010-11-01|0.308185|0.703493|0.742416|0.438079|1.615109|6.673497|6.000000|0.662017|0.922914|1.130821|1.420253|0.816728|0.376857|0.435277|0.856527|0.842127|0.084967|0.404526|0.210870|-0.059792|0.476263|0.859671|0.862710|0.069767|129.000000|0.477185|0.343168|69.000000|0.326328|0.733333|-0.310944|15.000000|0.000000|1.722403|0.245240|0.245240|1.000000|0.309334|20150825.000000|20150825.000000|20160630.000000|20150609.000000|20160616.000000|20260828.000000
WJ_RF5|2011-05-01|0.315362|0.702332|0.755310|0.449022|1.596396|6.706993|6.000000|0.662919|0.927899|1.126171|1.417640|0.806568|0.368996|0.441103|0.849744|0.849565|0.040816|0.391513|0.238177|-0.040188|0.452362|0.885366|0.857344|0.024390|123.000000|0.456260|0.336163|63.000000|0.360859|0.785714|-0.310331|14.000000|0.000000|1.712320|0.240796|0.240796|1.000000|0.316556|20150825.000000|20150825.000000|20160531.000000|20150609.000000|20160616.000000|20260828.000000
WJ_RF5|2011-11-01|0.357701|0.745172|0.818993|0.480024|1.640886|7.629230|7.000000|0.671484|1.011866|1.277698|1.430334|0.817337|0.388846|0.425505|0.968899|0.894870|0.042553|0.411019|0.249519|0.027506|0.433137|0.961485|0.895178|0.000000|117.000000|0.585787|0.339389|57.000000|0.386813|0.857143|-0.357911|14.000000|0.000000|1.859362|0.300836|0.300836|1.000000|0.359285|20150824.000000|20150824.000000|20161230.000000|20150609.000000|20160203.000000|20260828.000000
WJ_RF5|2012-05-01|0.373677|0.693071|0.845971|0.539161|1.660042|6.568701|6.000000|0.656833|0.895461|1.066531|1.472003|0.805811|0.446975|0.431359|0.931529|0.928760|0.029630|0.435112|0.369043|0.117903|0.481495|0.904938|0.923974|0.000000|111.000000|0.582825|0.416769|51.000000|0.316815|0.769231|-0.279967|13.000000|0.000000|1.696957|0.233923|0.233923|1.000000|0.374991|20150825.000000|20150825.000000|20170531.000000|20150609.000000|20160201.000000|20260828.000000
WJ_RF5|2012-11-01|0.461331|0.689124|0.957263|0.669445|1.694894|6.592491|6.000000|0.633047|0.877550|1.091374|1.480151|0.682251|0.524884|0.542830|1.076449|1.067008|0.015504|0.565678|0.398516|0.152549|0.542830|1.057716|1.066691|0.000000|105.000000|0.635258|0.473194|45.000000|0.377345|0.769231|-0.156592|13.000000|0.000000|1.729113|0.248170|0.248170|1.000000|0.463518|20150825.000000|20150825.000000|20200430.000000|20150609.000000|20160201.000000|20260828.000000
WJ_RF5|2013-05-01|0.442555|0.682070|0.941573|0.648842|1.672766|6.883491|6.000000|0.640414|0.853481|1.031962|1.471609|0.703795|0.524961|0.434806|1.198765|1.043568|0.016260|0.549350|0.437051|0.226763|0.440709|1.246513|1.048698|0.000000|99.000000|0.633356|0.480108|39.000000|0.407645|0.833333|-0.152950|12.000000|0.000000|1.720411|0.244367|0.244367|1.000000|0.443968|20160115.000000|20160115.000000|20181228.000000|20150609.000000|20160201.000000|20260828.000000
WJ_RF5|2013-11-01|0.448339|0.668815|0.948230|0.670348|1.670728|8.012261|6.000000|0.635069|0.847726|1.033272|1.443215|0.757372|0.487588|0.438837|1.143031|1.010151|0.008547|0.512319|0.367619|0.115811|0.447412|1.145074|1.030715|0.000000|93.000000|0.620467|0.428498|33.000000|0.379373|0.750000|-0.215605|12.000000|0.000000|1.916764|0.321774|0.321774|1.000000|0.449614|20200323.000000|20200323.000000|20181228.000000|20150612.000000|20160616.000000|20260828.000000
WJ_RF5|2014-05-01|0.463997|0.747492|0.969510|0.620737|1.670240|7.392941|6.000000|0.655035|1.063330|1.327542|1.480644|0.807538|0.480209|0.438099|1.093275|1.000993|0.027027|0.516876|0.422520|0.112204|0.439601|1.175786|1.026918|0.000000|87.000000|0.600540|0.426029|27.000000|0.436114|0.727273|-0.336172|11.000000|0.000000|1.879052|0.308162|0.308162|1.000000|0.465081|20200323.000000|20200323.000000|20200430.000000|20150609.000000|20160616.000000|20260828.000000
WJ_RF5|2014-11-01|0.480724|0.819996|0.990101|0.586252|1.627035|7.684523|7.000000|0.623999|0.738396|0.997798|1.448300|0.662342|0.591358|0.437579|1.264255|1.150285|0.028571|0.624475|0.527735|0.026504|0.559644|1.122903|1.169589|0.000000|81.000000|0.661674|0.510101|21.000000|0.470246|0.727273|-0.428941|11.000000|0.000000|1.795592|0.276005|0.276005|1.000000|0.482189|20200323.000000|20200323.000000|20200430.000000|20150609.000000|20160613.000000|20260828.000000
WJ_RF5|2015-05-01|0.485139|0.622013|1.040976|0.779949|1.592110|7.049202|7.000000|0.638302|0.740571|0.951859|1.458566|0.737784|0.617786|0.439527|1.291434|1.184431|0.000000|0.635056|0.566909|0.186105|0.577286|1.127102|1.170456|0.000000|75.000000|0.669301|0.566866|15.000000|0.482671|0.800000|-0.146421|10.000000|0.000000|2.000200|0.350065|0.350065|1.000000|0.486559|20200319.000000|20200319.000000|20200529.000000|20150609.000000|20160518.000000|20260828.000000
WJ_RF5|2015-11-01|0.619633|0.574713|1.214671|1.078161|1.648555|7.083435|7.000000|0.644815|0.746695|0.944390|1.474587|0.783815|0.649139|0.441470|1.322672|1.191715|0.000000|0.660862|0.578078|0.464053|0.574713|1.170488|1.201198|0.000000|69.000000|0.738041|0.742497|9.000000|0.585015|0.800000|-0.156067|10.000000|0.000000|2.052453|0.366612|0.366612|1.000000|0.621734|20200319.000000|20200319.000000|20201130.000000|20200114.000000|20200323.000000|20260828.000000
WJ_RF5|2016-05-01|0.653614|0.549885|1.286753|1.188637|1.670120|5.835770|6.000000|0.625698|0.740490|0.967177|1.465242|0.712635|0.634954|0.439713|1.334827|1.193221|0.000000|0.643265|0.584498|0.477797|0.549885|1.197286|1.199705|0.000000|63.000000|0.650342|0.652896|3.000000|0.494125|0.888889|-0.150877|9.000000|0.000000|1.974873|0.341730|0.341730|1.000000|0.656209|20200323.000000|20200323.000000|20230131.000000|20200114.000000|20200323.000000|20260828.000000
EX5:WJ_RF5|2009-11-01|0.316261|0.747002|0.800605|0.423374|1.518763|5.686758|6.000000|0.622135|0.720812|0.951353|1.349609|0.653575|0.399848|0.544576|0.746949|0.896962|0.151515|0.389402|0.219117|-0.174675|0.544576|0.650737|0.881050|0.106383|141.000000|0.502837|0.350090|81.000000|0.238393|0.625000|-0.346536|16.000000|0.000000|1.680803|0.226560|0.226560|0.984589|0.317566|20200323.000000|20200323.000000|20160229.000000|20110328.000000|20140320.000000|20260828.000000
EX5:WJ_RF5|2010-05-01|0.330520|0.746047|0.817812|0.443028|1.553538|6.040046|6.000000|0.625533|0.721558|0.948088|1.370806|0.666580|0.398997|0.544113|0.816894|0.927747|0.119497|0.398709|0.317818|-0.159893|0.544113|0.690511|0.906275|0.081481|135.000000|0.492969|0.365086|75.000000|0.312170|0.666667|-0.346227|15.000000|0.000000|1.681238|0.226760|0.226760|1.000000|0.332005|20200323.000000|20200323.000000|20160229.000000|20110328.000000|20140320.000000|20260828.000000
EX5:WJ_RF5|2010-11-01|0.378008|0.607389|0.923105|0.622349|1.477719|6.082047|6.000000|0.614932|0.714301|0.966608|1.336790|0.616427|0.410457|0.459484|0.859896|0.963573|0.084967|0.414977|0.346429|-0.016833|0.545557|0.709300|0.928616|0.007752|129.000000|0.503389|0.383293|69.000000|0.283885|0.666667|-0.202368|15.000000|0.000000|1.679106|0.225779|0.225779|1.000000|0.379453|20200323.000000|20200323.000000|20160229.000000|20150615.000000|20160229.000000|20260828.000000
EX5:WJ_RF5|2011-05-01|0.408256|0.614155|0.968017|0.664744|1.513832|5.916937|7.000000|0.616122|0.704534|0.950294|1.346459|0.627940|0.442753|0.420997|0.979870|1.030682|0.040816|0.447873|0.361831|0.037888|0.545651|0.797032|0.990702|0.000000|123.000000|0.552798|0.423869|63.000000|0.425057|0.714286|-0.202480|14.000000|0.000000|1.678540|0.225518|0.225518|1.000000|0.409852|20200323.000000|20200323.000000|20160531.000000|20150615.000000|20160229.000000|20260828.000000
EX5:WJ_RF5|2011-11-01|0.425208|0.647793|0.973709|0.656394|1.577955|5.913593|7.000000|0.612464|0.711610|0.950113|1.337458|0.601418|0.449958|0.516050|1.006408|1.049322|0.000000|0.435442|0.370188|0.084370|0.545578|0.790177|1.002675|0.000000|117.000000|0.619567|0.425856|57.000000|0.415539|0.714286|-0.202459|14.000000|0.000000|1.590403|0.182597|0.182597|1.000000|0.427135|20150825.000000|20150825.000000|20161230.000000|20150615.000000|20160229.000000|20260828.000000
EX5:WJ_RF5|2012-05-01|0.454335|0.673295|1.022742|0.674793|1.571472|6.626525|7.000000|0.619296|0.699967|0.847617|1.363681|0.656764|0.426830|0.464966|0.976824|0.995344|0.000000|0.468106|0.400237|0.179010|0.464966|0.887068|1.024114|0.000000|111.000000|0.608364|0.426865|51.000000|0.400891|0.769231|-0.063790|13.000000|0.000000|1.601158|0.188088|0.188088|1.000000|0.455977|20150825.000000|20150825.000000|20200529.000000|20150615.000000|20160229.000000|20260828.000000
EX5:WJ_RF5|2012-11-01|0.489886|0.674823|1.056496|0.725948|1.631949|6.565390|7.000000|0.630102|0.723918|0.987895|1.358210|0.703395|0.424018|0.544682|0.892003|1.001475|0.007752|0.422248|0.360308|0.126501|0.544682|0.744907|0.955542|0.000000|105.000000|0.602844|0.410230|45.000000|0.457618|0.846154|-0.151066|13.000000|0.000000|1.558856|0.166055|0.166055|1.000000|0.492230|20150825.000000|20150825.000000|20200529.000000|20150615.000000|20160229.000000|20260828.000000
EX5:WJ_RF5|2013-05-01|0.467334|0.683005|1.033010|0.684232|1.631731|6.380844|7.000000|0.609296|0.714978|1.010097|1.291105|0.569269|0.459761|0.516379|1.172853|1.151403|0.000000|0.520335|0.336194|0.077134|0.543334|0.959717|1.162947|0.000000|99.000000|0.640297|0.432488|39.000000|0.449801|0.833333|-0.217979|12.000000|0.000000|1.597704|0.186333|0.186333|1.000000|0.468838|20150825.000000|20150825.000000|20200529.000000|20150615.000000|20160229.000000|20260828.000000
EX5:WJ_RF5|2013-11-01|0.489609|0.660033|1.070103|0.741794|1.629802|5.683667|7.000000|0.612054|0.698611|0.830543|1.345930|0.610897|0.455292|0.474197|0.965675|1.055255|0.000000|0.465509|0.358334|0.140336|0.532379|0.874394|1.075573|0.000000|93.000000|0.621752|0.436046|33.000000|0.402258|0.833333|-0.158982|12.000000|0.000000|1.671445|0.222230|0.222230|1.000000|0.491019|20150825.000000|20150825.000000|20200529.000000|20150615.000000|20160229.000000|20260828.000000
EX5:WJ_RF5|2014-05-01|0.536543|0.715489|1.138457|0.749897|1.607426|5.865901|7.000000|0.610209|0.757282|0.999774|1.322909|0.593396|0.462539|0.464947|1.129068|1.079384|0.000000|0.473050|0.361879|0.077198|0.545400|0.872689|1.092118|0.000000|87.000000|0.632715|0.436638|27.000000|0.444500|0.727273|-0.250590|11.000000|0.000000|1.679081|0.225767|0.225767|1.000000|0.537825|20200323.000000|20200323.000000|20200529.000000|20150615.000000|20160229.000000|20260828.000000
EX5:WJ_RF5|2014-11-01|0.502918|0.743455|1.076027|0.676460|1.603209|6.711415|7.000000|0.614269|0.706322|0.950148|1.325005|0.618435|0.458614|0.357899|1.289995|1.139493|0.000000|0.478886|0.374432|0.058450|0.545545|0.877813|1.084820|0.000000|81.000000|0.616665|0.478992|21.000000|0.480687|0.727273|-0.315999|11.000000|0.000000|1.521648|0.145663|0.145663|1.000000|0.504461|20150825.000000|20150825.000000|20200529.000000|20150615.000000|20160128.000000|20260828.000000
EX5:WJ_RF5|2015-05-01|0.454588|0.564354|1.117428|0.805501|1.509158|6.058065|7.000000|0.603797|0.692506|0.819286|1.339078|0.535472|0.439229|0.320577|1.444036|1.089368|0.000000|0.480671|0.343614|0.122725|0.474254|1.014728|1.109374|0.000000|75.000000|0.601826|0.443611|15.000000|0.477502|0.800000|-0.272405|10.000000|0.000000|1.785690|0.271990|0.271990|1.000000|0.455906|20200323.000000|20200323.000000|20200529.000000|20150615.000000|20160613.000000|20260828.000000
EX5:WJ_RF5|2015-11-01|0.479440|0.478839|1.168821|1.001254|1.566588|5.847901|7.000000|0.603726|0.695280|0.803670|1.333614|0.540820|0.401330|0.320714|1.462615|1.111468|0.000000|0.437305|0.360152|0.211131|0.474550|0.931371|1.058000|0.000000|69.000000|0.576227|0.572809|9.000000|0.421506|0.800000|-0.267057|10.000000|0.000000|1.784613|0.271551|0.271551|1.000000|0.480998|20200323.000000|20200323.000000|20230131.000000|20151225.000000|20160613.000000|20260828.000000
EX5:WJ_RF5|2016-05-01|0.619770|0.474701|1.403391|1.305601|1.591678|5.791173|7.000000|0.603779|0.694616|0.826776|1.350858|0.532882|0.468000|0.320116|1.548988|1.211854|0.000000|0.502381|0.429232|0.269597|0.474701|1.079670|1.151692|0.000000|63.000000|0.612132|0.613982|3.000000|0.544806|0.888889|-0.076812|9.000000|0.000000|1.784219|0.271390|0.271390|1.000000|0.622208|20200323.000000|20200323.000000|20230131.000000|20200114.000000|20200323.000000|20260828.000000
