BASE|2009-11-01|0.345877|0.688988|0.668950|0.502008|1.617469|6.994895|6.000000|0.655579|1.001470|1.238976|1.444971|0.807148|0.385259|0.436021|0.901063|0.737659|0.078788|0.416628|0.227394|-0.050039|0.470190|0.873402|0.764860|0.049645|141.000000|0.579896|0.385463|81.000000|0.360386|0.812500|-0.277082|16.000000
BASE|2010-05-01|0.373600|0.681123|0.732045|0.548505|1.642645|6.932940|6.000000|0.660312|0.998630|1.239787|1.461928|0.767656|0.442337|0.434966|0.970592|0.822980|0.069182|0.457213|0.346119|-0.042059|0.434966|0.905668|0.838746|0.037037|135.000000|0.583011|0.421872|75.000000|0.346241|0.800000|-0.276843|15.000000
BASE|2010-11-01|0.302017|0.740891|0.574714|0.407640|1.618154|6.598146|6.000000|0.659400|1.023876|1.287204|1.421025|0.805191|0.366304|0.461150|0.821974|0.726805|0.098039|0.387800|0.210497|-0.060431|0.472049|0.846173|0.709087|0.069767|129.000000|0.457928|0.333490|69.000000|0.305287|0.800000|-0.311087|15.000000
BASE|2011-05-01|0.335388|0.734664|0.642865|0.456518|1.597495|7.165767|6.000000|0.653665|1.019389|1.262014|1.409263|0.779850|0.371623|0.451784|0.885380|0.766832|0.061224|0.406292|0.231560|-0.039366|0.460839|0.899306|0.757059|0.024390|123.000000|0.450344|0.339325|63.000000|0.375857|0.857143|-0.321265|14.000000
BASE|2011-11-01|0.326007|0.761243|0.633748|0.428256|1.644721|7.096356|6.000000|0.666182|1.078122|1.361216|1.452180|0.764706|0.348002|0.426985|0.872015|0.745433|0.049645|0.355974|0.238378|0.030729|0.471722|0.791130|0.712710|0.000000|117.000000|0.527553|0.305052|57.000000|0.330044|0.857143|-0.350766|14.000000
BASE|2012-05-01|0.403993|0.715819|0.786393|0.564379|1.662070|7.053260|7.000000|0.642979|0.909747|1.147962|1.441810|0.756041|0.445311|0.429095|0.987405|0.841657|0.014815|0.460683|0.382979|0.132989|0.456570|0.963317|0.864097|0.000000|111.000000|0.626589|0.430127|51.000000|0.467648|0.769231|-0.225605|13.000000
BASE|2012-11-01|0.463543|0.711177|0.880342|0.651796|1.683563|7.821517|6.000000|0.635396|0.925738|1.160527|1.445884|0.707564|0.472705|0.439166|1.088896|0.904502|0.015504|0.499836|0.335831|0.136393|0.439166|1.138148|0.947273|0.000000|105.000000|0.641864|0.414915|45.000000|0.419585|0.692308|-0.192410|13.000000
BASE|2013-05-01|0.467166|0.653723|0.891579|0.714623|1.682551|6.830200|7.000000|0.639164|0.794743|0.982195|1.451265|0.772293|0.482091|0.492893|1.094288|0.920313|0.016260|0.528486|0.430865|0.200589|0.517911|1.022106|0.969610|0.000000|99.000000|0.664410|0.461561|39.000000|0.397641|0.833333|-0.162553|12.000000
BASE|2013-11-01|0.452102|0.669472|0.870413|0.675311|1.670469|6.789924|7.000000|0.630398|0.844072|1.035315|1.453016|0.729808|0.493173|0.438915|1.144119|0.984188|0.008547|0.507552|0.369368|0.118071|0.448194|1.132811|0.972460|0.000000|93.000000|0.629029|0.434608|33.000000|0.405790|0.750000|-0.218313|12.000000
BASE|2014-05-01|0.472168|0.749601|0.907746|0.629893|1.671037|6.324547|7.000000|0.655939|1.073824|1.338592|1.442499|0.788859|0.507228|0.441613|1.171956|1.010952|0.027027|0.551719|0.446089|0.109861|0.444827|1.240300|1.055950|0.000000|87.000000|0.616601|0.443423|27.000000|0.440516|0.727273|-0.346622|11.000000
BASE|2014-11-01|0.505818|0.819996|0.957593|0.616854|1.628381|6.918655|7.000000|0.625967|0.738115|0.997798|1.448130|0.702314|0.595808|0.437620|1.270791|1.160021|0.028571|0.623801|0.538827|0.028681|0.552422|1.136214|1.181967|0.000000|81.000000|0.692595|0.534937|21.000000|0.467666|0.727273|-0.428941|11.000000
BASE|2015-05-01|0.480894|0.622013|1.000689|0.773124|1.591756|7.255576|7.000000|0.638215|0.743444|0.991834|1.455843|0.737038|0.607897|0.434756|1.279608|1.182341|0.000000|0.626458|0.553054|0.184357|0.572789|1.111063|1.175491|0.000000|75.000000|0.663330|0.557636|15.000000|0.514008|0.800000|-0.146421|10.000000
BASE|2015-11-01|0.598567|0.571394|1.231440|1.047555|1.649103|6.722873|7.000000|0.648332|0.750277|0.998564|1.453980|0.803951|0.632206|0.438202|1.317484|1.209227|0.000000|0.657044|0.576164|0.465019|0.571394|1.172187|1.242568|0.000000|69.000000|0.709354|0.714364|9.000000|0.576391|0.800000|-0.156067|10.000000
BASE|2016-05-01|0.682265|0.545193|1.428121|1.251418|1.671547|6.461273|6.000000|0.624446|0.737208|0.938453|1.470091|0.724990|0.619278|0.440520|1.330589|1.200262|0.000000|0.635516|0.572200|0.457102|0.545193|1.203483|1.198724|0.000000|63.000000|0.673146|0.676483|3.000000|0.777760|0.888889|-0.150877|9.000000
#EX5|2011-11-01|688516,000933,002128,601328,600919
EX5:BASE|2009-11-01|0.328342|0.693962|0.679517|0.473141|1.595424|6.137566|6.000000|0.661742|0.983749|1.196494|1.441696|0.754033|0.403868|0.412129|1.060469|0.859939|0.072727|0.388393|0.220451|-0.038635|0.412129|0.942407|0.790277|0.035461|141.000000|0.565794|0.371215|81.000000|0.424557|0.750000|-0.260417|16.000000
EX5:BASE|2010-05-01|0.412499|0.632483|0.836463|0.652190|1.656241|5.660965|6.000000|0.632503|0.939420|1.196364|1.444588|0.665814|0.483870|0.539480|1.242799|1.059116|0.056604|0.533657|0.327306|-0.004370|0.549935|0.970948|1.081783|0.007407|135.000000|0.571062|0.506990|75.000000|0.405002|0.866667|-0.260323|15.000000
EX5:BASE|2010-11-01|0.369609|0.632382|0.776066|0.584471|1.603495|6.052049|6.000000|0.637433|0.801922|0.942775|1.421641|0.685632|0.483003|0.393245|1.363687|1.104159|0.058824|0.533409|0.343704|-0.022958|0.393245|1.357715|1.123599|0.015504|129.000000|0.611620|0.471631|69.000000|0.380478|0.800000|-0.305538|15.000000
EX5:BASE|2011-05-01|0.363865|0.627423|0.753063|0.579935|1.584200|6.027485|6.000000|0.639344|0.807049|0.937808|1.426742|0.667687|0.448329|0.431779|1.098331|0.948246|0.013605|0.467531|0.342920|0.023621|0.473539|0.988106|0.943974|0.000000|123.000000|0.544374|0.420921|63.000000|0.415091|0.857143|-0.147447|14.000000
EX5:BASE|2011-11-01|0.382540|0.635894|0.788717|0.601579|1.629564|5.718252|7.000000|0.634212|0.800848|0.955782|1.406118|0.648748|0.449024|0.445271|1.115225|0.935801|0.007092|0.465380|0.397430|0.127348|0.445271|1.047903|0.946848|0.000000|117.000000|0.558292|0.416518|57.000000|0.388227|0.857143|-0.141910|14.000000
EX5:BASE|2012-05-01|0.394592|0.712453|0.818835|0.553851|1.641868|5.468600|6.000000|0.641403|0.914465|1.150879|1.465531|0.665995|0.492265|0.419254|1.337906|1.063681|0.029630|0.484206|0.404477|0.112355|0.419254|1.162263|0.993009|0.000000|111.000000|0.622589|0.440231|51.000000|0.572446|0.692308|-0.289330|13.000000
EX5:BASE|2012-11-01|0.423574|0.678669|0.867513|0.624124|1.671981|5.750135|6.000000|0.633959|0.867487|1.049405|1.434171|0.645027|0.436079|0.436484|1.081573|0.918131|0.015504|0.468652|0.405462|0.256168|0.436484|1.015049|0.949381|0.000000|105.000000|0.581188|0.447216|45.000000|0.386872|0.692308|-0.203272|13.000000
EX5:BASE|2013-05-01|0.408060|0.728506|0.819451|0.560133|1.671992|6.008143|6.000000|0.628565|0.996386|1.240322|1.429840|0.653502|0.550408|0.433337|1.424314|1.267560|0.040650|0.585276|0.331667|0.116916|0.433337|1.387761|1.246185|0.000000|99.000000|0.604179|0.447111|39.000000|0.512166|0.750000|-0.271640|12.000000
EX5:BASE|2013-11-01|0.406300|0.648063|0.826466|0.626946|1.657703|6.093611|6.000000|0.643521|0.803859|0.977148|1.440680|0.714744|0.483799|0.408930|1.313053|1.075236|0.008547|0.503836|0.391778|0.127129|0.435698|1.204283|1.070678|0.000000|93.000000|0.559496|0.443019|33.000000|0.439565|0.750000|-0.171278|12.000000
EX5:BASE|2014-05-01|0.479984|0.751730|0.935408|0.638506|1.687635|6.256487|6.000000|0.636151|1.082430|1.333686|1.435542|0.689126|0.563141|0.429128|1.486771|1.295502|0.018018|0.615862|0.522343|0.140064|0.432472|1.465268|1.272192|0.000000|87.000000|0.619412|0.477977|27.000000|0.627218|0.727273|-0.368675|11.000000
EX5:BASE|2014-11-01|0.408151|0.827804|0.800573|0.493052|1.648924|5.639295|7.000000|0.599827|0.709209|1.073664|1.348023|0.498783|0.556696|0.411988|1.453666|1.300726|0.057143|0.594401|0.534255|0.032090|0.470331|1.294310|1.269307|0.000000|81.000000|0.593193|0.480107|21.000000|0.607784|0.727273|-0.525357|11.000000
EX5:BASE|2015-05-01|0.482646|0.618385|1.089588|0.780494|1.594296|5.964521|7.000000|0.619005|0.719206|0.846754|1.425353|0.633346|0.614321|0.367831|1.572334|1.447864|0.000000|0.648468|0.590501|0.211903|0.526443|1.298976|1.426996|0.000000|75.000000|0.669376|0.590222|15.000000|0.621272|0.800000|-0.148265|10.000000
EX5:BASE|2015-11-01|0.554688|0.560702|1.238333|0.989274|1.651574|5.778243|7.000000|0.623666|0.751263|1.018250|1.427735|0.610562|0.632017|0.373399|1.656358|1.453915|0.000000|0.680298|0.630249|0.469156|0.560702|1.287031|1.434449|0.000000|69.000000|0.668356|0.667239|9.000000|0.693074|0.800000|-0.157676|10.000000
EX5:BASE|2016-05-01|0.663047|0.571008|1.501618|1.161187|1.670117|5.263601|6.000000|0.607872|0.760771|1.035267|1.424537|0.540056|0.639327|0.386386|1.634058|1.467332|0.000000|0.660205|0.628683|0.524225|0.571008|1.227667|1.401621|0.000000|63.000000|0.659537|0.659973|3.000000|0.705575|0.888889|-0.142023|9.000000
