date,net_equity,cash,positions,cash_ratio,debt,margin_ratio,top1_weight,top3_weight
2018-11-01,3000000.00,3000000.00,0,1.0000,0.00,,0.0000,0.0000
2018-11-02,3000000.00,3000000.00,0,1.0000,0.00,,0.0000,0.0000
2018-11-05,3001243.53,2850295.53,1,0.9497,0.00,,0.0503,0.0503
2018-11-06,2997447.09,2700775.09,1,0.9010,0.00,,0.0990,0.0990
2018-11-07,2995906.66,2551441.66,1,0.8516,0.00,,0.1484,0.1484
2018-11-08,2991812.87,2991812.87,0,1.0000,0.00,,0.0000,0.0000
2018-11-09,2993886.72,2844964.72,1,0.9503,0.00,,0.0497,0.0497
2018-11-12,2993946.33,2695950.33,1,0.9005,0.00,,0.0995,0.0995
2018-11-13,2991234.45,2396971.45,2,0.8013,0.00,,0.1502,0.1987
2018-11-14,2987458.86,2100698.86,2,0.7032,0.00,,0.1974,0.2968
2018-11-15,2989416.23,2537022.23,1,0.8487,0.00,,0.1513,0.1513
2018-11-16,2992351.80,2387691.80,1,0.7979,0.00,,0.2021,0.2021
2018-11-19,2984495.39,2238470.39,1,0.7500,0.00,,0.2500,0.2500
2018-11-20,2970705.79,1942121.79,2,0.6538,0.00,,0.2952,0.3462
2018-11-21,2971550.15,1941794.15,1,0.6535,0.00,,0.3465,0.3465
2018-11-22,3004268.15,1941794.15,1,0.6463,0.00,,0.3537,0.3537
2018-11-23,2961218.15,1941794.15,1,0.6557,0.00,,0.3443,0.3443
2018-11-26,2962940.15,1941794.15,1,0.6554,0.00,,0.3446,0.3446
2018-11-27,2962923.91,1794120.91,1,0.6055,0.00,,0.3945,0.3945
2018-11-28,2974733.57,1645552.57,1,0.5532,0.00,,0.4468,0.4468
2018-11-29,2931876.64,2785716.64,1,0.9501,0.00,,0.0499,0.0499
2018-11-30,2932039.33,2932039.33,0,1.0000,0.00,,0.0000,0.0000
2018-12-03,2932039.33,2932039.33,0,1.0000,0.00,,0.0000,0.0000
2018-12-04,2932267.25,2785867.25,1,0.9501,0.00,,0.0499,0.0499
2018-12-05,2929090.22,2782927.22,1,0.9501,0.00,,0.0499,0.0499
2018-12-06,2928798.52,2779758.52,1,0.9491,0.00,,0.0509,0.0509
2018-12-07,2924225.34,2924225.34,0,1.0000,0.00,,0.0000,0.0000
2018-12-10,2924225.34,2924225.34,0,1.0000,0.00,,0.0000,0.0000
2018-12-11,2924225.34,2924225.34,0,1.0000,0.00,,0.0000,0.0000
2018-12-12,2924225.34,2924225.34,0,1.0000,0.00,,0.0000,0.0000
2018-12-13,2924225.34,2924225.34,0,1.0000,0.00,,0.0000,0.0000
2018-12-14,2924225.34,2924225.34,0,1.0000,0.00,,0.0000,0.0000
2018-12-17,2924225.34,2924225.34,0,1.0000,0.00,,0.0000,0.0000
2018-12-18,2924225.34,2924225.34,0,1.0000,0.00,,0.0000,0.0000
2018-12-19,2924225.34,2924225.34,0,1.0000,0.00,,0.0000,0.0000
2018-12-20,2924225.34,2924225.34,0,1.0000,0.00,,0.0000,0.0000
2018-12-21,2924225.34,2924225.34,0,1.0000,0.00,,0.0000,0.0000
2018-12-24,2924225.34,2924225.34,0,1.0000,0.00,,0.0000,0.0000
2018-12-25,2924225.34,2924225.34,0,1.0000,0.00,,0.0000,0.0000
2018-12-26,2924225.34,2924225.34,0,1.0000,0.00,,0.0000,0.0000
2018-12-27,2924225.34,2924225.34,0,1.0000,0.00,,0.0000,0.0000
2018-12-28,2926729.34,2778784.34,1,0.9495,0.00,,0.0505,0.0505
2019-01-02,2922822.66,2629642.66,2,0.8997,0.00,,0.0508,0.1003
2019-01-03,2920251.54,2629137.54,1,0.9003,0.00,,0.0997,0.0997
2019-01-04,2924852.47,2483081.47,1,0.8490,0.00,,0.1510,0.1510
2019-01-07,2931370.44,2337335.44,1,0.7974,0.00,,0.2026,0.2026
2019-01-08,2938569.36,2191069.36,1,0.7456,0.00,,0.2544,0.2544
2019-01-09,2934367.22,2044379.22,1,0.6967,0.00,,0.3033,0.3033
2019-01-10,2914287.34,1608991.34,3,0.5521,0.00,,0.3484,0.4479
2019-01-11,2922581.41,1173244.41,3,0.4014,0.00,,0.3989,0.5986
2019-01-14,2915533.49,737575.49,3,0.2530,0.00,,0.4468,0.7470
2019-01-15,2947923.00,296698.00,3,0.1006,0.00,,0.4933,0.8994
2019-01-16,2924604.11,0.00,4,0.0000,284145.89,11.2926,0.5395,1.0479
2019-01-17,2957582.14,0.00,4,0.0000,872644.86,4.3892,0.5898,1.1962
2019-01-18,2997191.34,0.00,4,0.0000,1373861.66,3.1816,0.6028,1.3105
2019-01-21,2999334.02,0.00,4,0.0000,1820696.98,2.6474,0.6019,1.4113
2019-01-22,2910067.63,0.00,4,0.0000,1937324.37,2.5021,0.6010,1.4659
2019-01-23,2929496.72,0.00,4,0.0000,1950843.28,2.5017,0.5955,1.4638
2019-01-24,2970445.39,0.00,4,0.0000,1977691.61,2.5020,0.5893,1.4663
2019-01-25,3034922.32,0.00,4,0.0000,2020886.68,2.5018,0.5792,1.4704
2019-01-28,3033288.96,0.00,4,0.0000,2021468.04,2.5005,0.5781,1.4704
2019-01-29,3057149.34,1124395.21,4,0.3678,2021661.87,2.5122,0.5374,1.2450
2019-01-30,3031896.87,670805.23,4,0.2212,2019276.36,2.5015,0.5867,1.3463
2019-01-31,3109051.70,0.00,5,0.0000,2053691.30,2.5139,0.6089,1.4655
2019-02-01,3190319.07,0.00,5,0.0000,2124430.93,2.5017,0.6079,1.4518
2019-02-11,3262012.49,0.00,5,0.0000,2171916.51,2.5019,0.6058,1.4437
2019-02-12,3337400.72,0.00,5,0.0000,2222469.28,2.5017,0.6182,1.4376
2019-02-13,3378660.33,0.00,6,0.0000,2250132.67,2.5015,0.6139,1.4259
2019-02-14,3427414.25,0.00,6,0.0000,2281909.75,2.5020,0.6058,1.4180
2019-02-15,3194703.43,0.00,6,0.0000,2282128.57,2.3999,0.6189,1.4576
2019-02-18,3455994.75,0.00,6,0.0000,2301258.25,2.5018,0.6266,1.4189
2019-02-19,3410717.08,0.00,6,0.0000,2301478.92,2.4820,0.6278,1.4262
2019-02-20,3373954.39,0.00,6,0.0000,2301699.61,2.4659,0.6313,1.4340
2019-02-21,3372274.68,0.00,6,0.0000,2301920.32,2.4650,0.6303,1.4338
2019-02-22,3361835.95,0.00,6,0.0000,2302141.05,2.4603,0.6296,1.4332
2019-02-25,3612245.41,0.00,6,0.0000,2405354.59,2.5018,0.6259,1.4031
2019-02-26,3504724.76,0.00,6,0.0000,2405585.24,2.4569,0.6243,1.4149
2019-02-27,3484749.08,0.00,6,0.0000,2405815.92,2.4485,0.6200,1.4168
2019-02-28,3495712.39,0.00,6,0.0000,2406046.61,2.4529,0.6233,1.4112
2019-03-01,3725853.31,0.00,6,0.0000,2480716.69,2.5019,0.6286,1.3937
2019-03-04,3899669.31,0.00,6,0.0000,2596442.69,2.5019,0.6377,1.3785
2019-03-05,3950339.00,0.00,6,0.0000,2630908.00,2.5015,0.6443,1.3771
2019-03-06,3890951.72,0.00,6,0.0000,2631160.28,2.4788,0.6433,1.3823
2019-03-07,3730340.41,0.00,6,0.0000,2631412.59,2.4176,0.6597,1.4094
2019-03-08,3477694.09,0.00,6,0.0000,2631664.91,2.3215,0.6916,1.4552
2019-03-11,3606015.97,0.00,6,0.0000,2453747.03,2.4696,0.6760,1.4214
2019-03-12,3584910.09,200.77,6,0.0001,2387719.68,2.5014,0.6839,1.4237
2019-03-13,3512760.36,251.52,6,0.0001,2339582.16,2.5014,0.6800,1.4711
2019-03-14,3518834.51,0.00,6,0.0000,2342811.49,2.5020,0.6755,1.5196
2019-03-15,3799553.12,0.00,6,0.0000,2529960.88,2.5018,0.6557,1.5300
2019-03-18,4068208.50,0.00,5,0.0000,2708733.50,2.5019,0.6566,1.5420
2019-03-19,3991947.76,0.00,5,0.0000,2708993.24,2.4736,0.6557,1.5538
2019-03-20,4052271.99,0.00,5,0.0000,2709253.01,2.4957,0.6765,1.5441
2019-03-21,4041485.20,0.00,5,0.0000,2709512.80,2.4916,0.6794,1.5459
2019-03-22,4043610.46,34.23,5,0.0000,2693125.77,2.5015,0.6698,1.5413
2019-03-25,3857229.80,516.38,5,0.0001,2568997.58,2.5015,0.6780,1.5205
2019-03-26,3892571.22,0.00,5,0.0000,2592222.78,2.5016,0.6742,1.5179
2019-03-27,4220850.39,0.00,5,0.0000,2810541.61,2.5018,0.6511,1.4804
2019-03-28,4051098.88,0.00,5,0.0000,2810811.12,2.4413,0.6594,1.5020
2019-03-29,4300717.72,0.00,6,0.0000,2864686.28,2.5013,0.6434,1.4193
2019-04-01,4566595.33,0.00,6,0.0000,3041026.67,2.5017,0.6228,1.3839
2019-04-02,4705903.52,0.00,6,0.0000,3134064.48,2.5015,0.6232,1.3638
2019-04-03,4720363.90,0.00,8,0.0000,3143768.10,2.5015,0.6233,1.3595
2019-04-04,4927977.59,0.00,8,0.0000,3281525.41,2.5017,0.6288,1.3406
2019-04-08,5356972.58,0.00,8,0.0000,3567649.42,2.5015,0.6365,1.3136
2019-04-09,5195654.47,0.00,8,0.0000,3567991.53,2.4562,0.6269,1.3302
2019-04-10,5117500.34,0.00,8,0.0000,3568333.66,2.4341,0.6365,1.3352
2019-04-11,4763473.17,0.00,8,0.0000,3568675.83,2.3348,0.6512,1.3684
2019-04-12,4752649.97,0.00,8,0.0000,3569018.03,2.3316,0.6626,1.3744
2019-04-15,4612305.26,0.00,8,0.0000,3570044.74,2.2919,0.6588,1.3898
2019-04-16,4863076.93,0.00,8,0.0000,3570387.07,2.3621,0.6451,1.3596
2019-04-17,5022631.56,0.00,8,0.0000,3570729.44,2.4066,0.6532,1.3451
2019-04-18,4863687.17,0.00,8,0.0000,3571071.83,2.3620,0.6518,1.3622
2019-04-19,5034258.73,0.00,8,0.0000,3571414.27,2.4096,0.6433,1.3408
2019-04-22,4825431.34,0.00,8,0.0000,3572441.66,2.3507,0.6526,1.3644
2019-04-23,4749214.78,0.00,8,0.0000,3572784.22,2.3293,0.6482,1.3818
2019-04-24,4782405.18,0.00,8,0.0000,3573126.82,2.3384,0.6535,1.3692
2019-04-25,4384394.44,0.00,7,0.0000,3214480.56,2.3640,0.6566,1.4162
2019-04-26,4241765.20,0.00,7,0.0000,3214788.80,2.3195,0.6709,1.4349
2019-04-29,4308050.40,0.00,7,0.0000,3215713.60,2.3397,0.6710,1.4356
2019-04-30,4389968.04,0.00,7,0.0000,3216021.96,2.3650,0.6611,1.4194
2019-05-06,3861995.73,0.00,7,0.0000,3217872.27,2.2002,0.6906,1.5040
2019-05-07,4070866.16,0.00,7,0.0000,3218180.84,2.2650,0.6864,1.4715
2019-05-08,3966024.57,0.00,7,0.0000,3218489.43,2.2323,0.6903,1.4868
2019-05-09,3732279.95,0.00,7,0.0000,3218798.05,2.1595,0.7165,1.5235
2019-05-10,4066601.30,0.00,7,0.0000,3219106.70,2.2633,0.7021,1.4721
2019-05-13,3857416.25,0.00,7,0.0000,3220032.75,2.1979,0.7268,1.5014
2019-05-14,3825862.48,0.00,7,0.0000,3220341.52,2.1880,0.7248,1.5081
2019-05-15,3988216.68,0.00,7,0.0000,3208250.32,2.2431,0.7112,1.4811
2019-05-16,4000841.04,0.00,7,0.0000,3208557.96,2.2469,0.7043,1.4735
2019-05-17,3715736.37,0.00,7,0.0000,3208865.63,2.1580,0.7210,1.5228
2019-05-20,3591503.27,0.00,7,0.0000,3209788.73,2.1189,0.7296,1.5448
2019-05-21,3817277.49,0.00,7,0.0000,3210096.51,2.1891,0.7043,1.5041
2019-05-22,3795225.67,0.00,7,0.0000,3210404.33,2.1822,0.7084,1.5117
2019-05-23,3693462.82,0.00,7,0.0000,3210712.18,2.1504,0.7113,1.5282
2019-05-24,3778878.94,0.00,7,0.0000,3211020.06,2.1768,0.7152,1.5141
2019-05-27,3923394.23,0.00,7,0.0000,3121343.77,2.2570,0.7182,1.4699
2019-05-28,3948895.92,0.00,7,0.0000,3121643.08,2.2650,0.7147,1.4685
2019-05-29,3889931.58,0.00,7,0.0000,3121942.42,2.2460,0.7117,1.4781
2019-05-30,3893211.22,0.00,7,0.0000,3122241.78,2.2469,0.7274,1.4791
2019-05-31,3776368.83,0.00,7,0.0000,3122541.17,2.2094,0.7281,1.4981
2019-06-03,3734906.56,0.00,7,0.0000,3123439.44,2.1958,0.7255,1.5100
2019-06-04,3679665.05,0.00,7,0.0000,3123738.95,2.1780,0.7312,1.5214
2019-06-05,3639445.52,0.00,7,0.0000,3124038.48,2.1650,0.7296,1.5247
2019-06-06,3626447.95,0.00,7,0.0000,3124338.05,2.1607,0.7361,1.5281
2019-06-10,3777118.58,0.00,7,0.0000,3125536.42,2.2085,0.7317,1.5055
2019-06-11,4095854.87,0.00,7,0.0000,3125836.13,2.3103,0.7149,1.4571
2019-06-12,4044742.13,0.00,7,0.0000,3126135.87,2.2938,0.7204,1.4664
2019-06-13,4042370.36,0.00,7,0.0000,3126435.64,2.2930,0.7238,1.4666
2019-06-14,3939005.57,0.00,7,0.0000,3126735.43,2.2598,0.7243,1.4798
2019-06-17,3935202.10,0.00,7,0.0000,3127634.90,2.2582,0.7286,1.4791
2019-06-18,3934969.19,0.00,7,0.0000,3127934.81,2.2580,0.7250,1.4820
2019-06-19,4025635.25,0.00,7,0.0000,3126037.75,2.2878,0.7128,1.4677
2019-06-20,4279850.49,0.00,7,0.0000,3126337.51,2.3690,0.6984,1.4339
2019-06-21,4281575.70,0.00,7,0.0000,3126637.30,2.3694,0.6916,1.4312
2019-06-24,4328676.26,0.00,7,0.0000,3127536.74,2.3841,0.6808,1.4259
2019-06-25,4247282.36,0.00,7,0.0000,3127836.64,2.3579,0.6794,1.4369
2019-06-26,4235298.43,0.00,7,0.0000,3128136.57,2.3539,0.6797,1.4375
2019-06-27,4271984.47,0.00,7,0.0000,3128436.53,2.3655,0.6766,1.4338
2019-06-28,4252030.48,0.00,7,0.0000,3128736.52,2.3590,0.6792,1.4381
2019-07-01,4514064.44,0.00,7,0.0000,3129636.56,2.4424,0.6710,1.4054
2019-07-02,4454127.33,0.00,7,0.0000,3129936.67,2.4231,0.6664,1.4097
2019-07-03,4356411.20,0.00,7,0.0000,3130236.80,2.3917,0.6694,1.4213
2019-07-04,4378944.04,0.00,7,0.0000,3130536.96,2.3988,0.6730,1.4189
2019-07-05,4398760.86,0.00,7,0.0000,3130837.14,2.4050,0.6667,1.4156
2019-07-08,4101095.20,0.00,7,0.0000,3131737.80,2.3095,0.6773,1.4570
2019-07-09,4125901.90,0.00,7,0.0000,3132038.10,2.3173,0.6795,1.4524
2019-07-10,4065241.57,0.00,7,0.0000,3132338.43,2.2978,0.6867,1.4657
2019-07-11,4070963.21,0.00,7,0.0000,3132605.79,2.2995,0.6835,1.4642
2019-07-12,4123190.82,0.00,7,0.0000,3132906.18,2.3161,0.6817,1.4570
2019-07-15,4169597.57,0.00,7,0.0000,3133807.43,2.3305,0.6876,1.4506
2019-07-16,4151814.07,0.00,7,0.0000,3134107.93,2.3247,0.6917,1.4524
2019-07-17,4168494.54,0.00,7,0.0000,3134408.46,2.3299,0.6945,1.4515
2019-07-18,4031037.98,0.00,7,0.0000,3134709.02,2.2859,0.7037,1.4711
2019-07-19,4147452.39,0.00,7,0.0000,3135009.61,2.3229,0.7105,1.4551
2019-07-22,4092998.54,0.00,7,0.0000,3135911.46,2.3052,0.7171,1.4642
2019-07-23,4128047.84,0.00,7,0.0000,3136212.16,2.3163,0.7076,1.4609
2019-07-24,4241085.10,0.00,7,0.0000,3136512.90,2.3522,0.6937,1.4457
2019-07-25,4259296.34,0.00,7,0.0000,3136813.66,2.3578,0.6919,1.4431
2019-07-26,4283270.55,0.00,7,0.0000,3137114.45,2.3654,0.6891,1.4409
2019-07-29,4319456.09,0.00,7,0.0000,3138016.91,2.3765,0.6844,1.4375
2019-07-30,4336601.19,0.00,7,0.0000,3138317.81,2.3818,0.6855,1.4349
2019-07-31,4282751.25,0.00,7,0.0000,3072818.75,2.3938,0.6678,1.4257
2019-08-01,4194979.60,0.00,7,0.0000,3073113.40,2.3651,0.6655,1.4395
2019-08-02,4066850.92,0.00,7,0.0000,3073408.08,2.3232,0.6778,1.4587
2019-08-05,3871863.79,0.00,7,0.0000,3074292.21,2.2594,0.6913,1.4846
2019-08-06,3746031.99,559.62,6,0.0001,2495203.63,2.5013,0.6957,1.5578
2019-08-07,3729001.73,0.00,6,0.0000,2494883.27,2.4947,0.6957,1.5606
2019-08-08,3886197.97,0.00,6,0.0000,2588166.03,2.5015,0.6791,1.5601
2019-08-09,3814482.79,0.00,6,0.0000,2588414.21,2.4737,0.6845,1.5710
2019-08-12,3937516.86,0.00,6,0.0000,2621565.14,2.5020,0.6774,1.5574
2019-08-13,3779324.47,0.00,6,0.0000,2621816.53,2.4415,0.6871,1.5808
2019-08-14,3791632.07,0.00,6,0.0000,2622067.93,2.4460,0.6805,1.5787
2019-08-15,3746220.64,0.00,6,0.0000,2622319.36,2.4286,0.6825,1.5864
2019-08-16,3754235.18,0.00,6,0.0000,2622570.82,2.4315,0.6854,1.5840
2019-08-19,3904161.74,0.00,6,0.0000,2623325.26,2.4882,0.6754,1.5609
2019-08-20,3935012.19,0.00,6,0.0000,2623576.81,2.4999,0.6719,1.5578
2019-08-21,3856364.62,0.00,6,0.0000,2623828.38,2.4697,0.6758,1.5707
2019-08-22,3842664.02,0.00,6,0.0000,2624079.98,2.4644,0.6764,1.5708
2019-08-23,3849417.39,0.00,6,0.0000,2624331.61,2.4668,0.6825,1.5694
2019-08-26,3782882.45,0.00,6,0.0000,2625086.55,2.4411,0.6864,1.5804
2019-08-27,3970023.55,0.00,6,0.0000,2643163.45,2.5020,0.6612,1.5464
2019-08-28,3952844.09,0.00,6,0.0000,2643416.91,2.4954,0.6653,1.5477
2019-08-29,4047594.90,0.00,6,0.0000,2695655.10,2.5015,0.6549,1.5341
2019-08-30,4114749.97,0.00,6,0.0000,2740419.03,2.5015,0.6614,1.5264
2019-09-02,4158699.34,0.00,6,0.0000,2769639.66,2.5015,0.6600,1.5198
2019-09-03,4088430.76,0.00,6,0.0000,2769905.24,2.4760,0.6610,1.5286
2019-09-04,4170686.08,0.00,6,0.0000,2777591.92,2.5015,0.6547,1.5184
2019-09-05,4340845.31,0.00,6,0.0000,2890784.69,2.5016,0.6464,1.4950
2019-09-06,4409192.67,0.00,6,0.0000,2935951.33,2.5018,0.6502,1.4833
2019-09-09,4444072.85,0.00,6,0.0000,2959001.15,2.5019,0.6488,1.4795
2019-09-10,4409444.11,0.00,6,0.0000,2959284.89,2.4900,0.6491,1.4846
2019-09-11,4391997.35,0.00,6,0.0000,2959568.65,2.4840,0.6581,1.4892
2019-09-12,4412362.55,0.00,6,0.0000,2959852.45,2.4907,0.6514,1.4848
2019-09-16,4374047.27,0.00,6,0.0000,2960987.73,2.4772,0.6485,1.4919
2019-09-17,4226312.34,0.00,6,0.0000,2961271.66,2.4272,0.6550,1.5127
2019-09-18,4221896.45,250.60,7,0.0001,2811952.15,2.5014,0.6574,1.4638
2019-09-19,4195164.81,0.00,7,0.0000,2811971.19,2.4919,0.6554,1.4672
2019-09-20,4179246.17,0.00,7,0.0000,2812240.83,2.4861,0.6646,1.4696
2019-09-23,4104191.22,0.00,6,0.0000,2754155.78,2.4902,0.6665,1.4810
2019-09-24,4085843.12,0.00,6,0.0000,2754419.88,2.4834,0.6718,1.4836
2019-09-25,4050490.00,0.00,6,0.0000,2754684.00,2.4704,0.6718,1.4857
2019-09-26,3941686.10,253.91,7,0.0001,2624472.80,2.5019,0.6701,1.5020
2019-09-27,3955054.35,0.00,7,0.0000,2633518.65,2.5018,0.6732,1.5033
2019-09-30,3920457.76,0.00,7,0.0000,2634276.24,2.4882,0.6725,1.5086
2019-10-08,3928165.95,0.00,7,0.0000,2636297.05,2.4900,0.6646,1.5070
2019-10-09,3909901.15,0.00,7,0.0000,2636549.85,2.4830,0.6750,1.5102
2019-10-10,4007111.02,0.00,8,0.0000,2668425.98,2.5017,0.6721,1.4978
2019-10-11,4137332.68,0.00,8,0.0000,2755278.32,2.5016,0.6748,1.4820
2019-10-14,4242986.46,0.00,8,0.0000,2825740.54,2.5015,0.6763,1.4682
2019-10-15,4113909.72,434.69,8,0.0001,2740289.97,2.5013,0.6889,1.4878
2019-10-16,4128658.13,0.00,7,0.0000,2749345.87,2.5017,0.6882,1.4860
2019-10-17,4095287.49,0.00,7,0.0000,2749609.51,2.4894,0.6932,1.4889
2019-10-18,4024279.83,0.00,7,0.0000,2749873.17,2.4634,0.6926,1.4980
2019-10-21,4036955.77,0.00,7,0.0000,2750664.23,2.4676,0.6875,1.4968
2019-10-22,4037976.01,0.00,7,0.0000,2750927.99,2.4679,0.6879,1.4979
2019-10-23,4025007.93,271.35,7,0.0001,2681050.41,2.5013,0.6889,1.4526
2019-10-24,3975048.07,252.89,8,0.0001,2647760.82,2.5013,0.6964,1.4285
2019-10-25,4175448.89,0.00,7,0.0000,2780575.11,2.5016,0.6771,1.4360
2019-10-28,4188943.00,0.00,7,0.0000,2790135.00,2.5013,0.6732,1.4823
2019-10-29,4115689.45,0.00,7,0.0000,2790402.55,2.4749,0.6726,1.4929
2019-10-30,4165244.88,0.00,7,0.0000,2790670.12,2.4926,0.6799,1.4891
2019-10-31,4081695.28,0.00,7,0.0000,2790937.72,2.4625,0.6656,1.4961
2019-11-01,4407661.89,0.00,7,0.0000,2935148.11,2.5017,0.6766,1.4840
2019-11-04,4598346.71,0.00,8,0.0000,3062350.29,2.5016,0.6644,1.4902
2019-11-05,4675189.51,0.00,8,0.0000,3113103.49,2.5018,0.6565,1.4899
2019-11-06,4664840.99,0.00,8,0.0000,3113402.01,2.4983,0.6448,1.4907
2019-11-07,4617374.45,0.00,8,0.0000,3113700.55,2.4829,0.6545,1.4954
2019-11-08,4613847.88,0.00,8,0.0000,3113999.12,2.4816,0.6504,1.4955
2019-11-11,4489149.07,0.00,8,0.0000,3114894.93,2.4412,0.6643,1.5156
2019-11-12,4512843.38,0.00,8,0.0000,3115193.62,2.4487,0.6619,1.5117
2019-11-13,4494399.66,0.00,8,0.0000,3115492.34,2.4426,0.6599,1.5141
2019-11-14,4497136.92,0.00,8,0.0000,3115791.08,2.4433,0.6589,1.5152
2019-11-15,4362496.99,106.94,6,0.0000,2905574.94,2.5014,0.6723,1.5628
2019-11-18,4547974.71,0.00,6,0.0000,3028447.29,2.5018,0.6753,1.5658
2019-11-19,4685049.31,0.00,6,0.0000,3120005.69,2.5016,0.6546,1.5665
2019-11-20,4599788.14,0.00,6,0.0000,3120304.86,2.4741,0.6529,1.5782
2019-11-21,4578488.93,0.00,6,0.0000,3120604.07,2.4672,0.6534,1.5821
2019-11-22,4602444.69,0.00,6,0.0000,3120903.31,2.4747,0.6531,1.5799
2019-11-25,4841245.83,0.00,6,0.0000,3224033.17,2.5016,0.6495,1.5705
2019-11-26,4943909.25,0.00,6,0.0000,3292585.75,2.5015,0.6360,1.5738
2019-11-27,4954822.45,0.00,6,0.0000,3299746.55,2.5016,0.6332,1.5751
2019-11-28,4907243.04,0.00,6,0.0000,3300062.96,2.4870,0.6288,1.5803
2019-11-29,4879837.60,0.00,6,0.0000,3300379.40,2.4786,0.6352,1.5855
2019-12-02,4918453.17,0.00,6,0.0000,3301328.83,2.4898,0.6359,1.5816
2019-12-03,4981123.45,0.00,6,0.0000,3317301.55,2.5016,0.6402,1.5773
2019-12-04,4959180.35,0.00,6,0.0000,3317619.65,2.4948,0.6369,1.5799
2019-12-05,5154528.60,0.00,6,0.0000,3432672.40,2.5016,0.6360,1.5801
2019-12-06,5141478.44,0.00,6,0.0000,3433001.56,2.4977,0.6413,1.5810
2019-12-09,5031511.87,0.00,6,0.0000,3433989.13,2.4652,0.6543,1.5943
2019-12-10,5103772.58,0.00,6,0.0000,3434318.42,2.4861,0.6451,1.5861
2019-12-11,5024678.26,0.00,6,0.0000,3434647.74,2.4629,0.6468,1.5932
2019-12-12,5143834.91,0.00,6,0.0000,3434977.09,2.4975,0.6478,1.5804
2019-12-13,5201034.25,0.00,6,0.0000,3463860.75,2.5015,0.6461,1.5736
2019-12-16,5372530.61,0.00,6,0.0000,3577881.39,2.5016,0.6430,1.5750
2019-12-17,5485629.51,0.00,6,0.0000,3653407.49,2.5015,0.6319,1.5769
2019-12-18,5415317.18,0.00,6,0.0000,3653757.82,2.4821,0.6357,1.5853
2019-12-19,5409025.82,0.00,6,0.0000,3654108.18,2.4803,0.6369,1.5855
2019-12-20,5443293.43,0.00,6,0.0000,3654458.57,2.4895,0.6307,1.5811
2019-12-23,5480294.15,0.00,6,0.0000,3655509.85,2.4992,0.6334,1.5764
2019-12-24,5597202.74,0.00,6,0.0000,3727506.26,2.5016,0.6378,1.5625
2019-12-25,5657294.91,0.00,6,0.0000,3767517.09,2.5016,0.6351,1.5577
2019-12-26,5853162.25,0.00,6,0.0000,3980523.75,2.4705,0.6131,1.5719
2019-12-27,6138915.95,0.00,6,0.0000,4087943.05,2.5017,0.5880,1.5640
2019-12-30,6288282.33,0.00,6,0.0000,4187434.67,2.5017,0.5849,1.5658
2019-12-31,6554914.52,0.00,6,0.0000,4365502.48,2.5015,0.5693,1.5685
2020-01-02,6675177.83,-1.77,6,-0.0000,4445677.40,2.5015,0.5689,1.5684
2020-01-03,6803426.33,0.00,6,0.0000,4530545.67,2.5017,0.5672,1.5729
2020-01-06,6630050.02,0.00,6,0.0000,4531848.98,2.4630,0.6082,1.5887
2020-01-07,6582173.46,0.00,6,0.0000,4532283.54,2.4523,0.6039,1.5917
2020-01-08,6391718.86,0.00,6,0.0000,4532718.14,2.4101,0.6166,1.6104
2020-01-09,6453561.22,0.00,6,0.0000,4533152.78,2.4236,0.6029,1.6035
2020-01-10,6459175.53,0.00,6,0.0000,4533587.47,2.4247,0.6113,1.6018
2020-01-13,6458905.35,0.00,6,0.0000,4534891.65,2.4243,0.6116,1.6020
2020-01-14,6744063.50,0.00,6,0.0000,4535326.50,2.4870,0.6364,1.5763
2020-01-15,6496768.60,0.00,6,0.0000,4535761.40,2.4323,0.6281,1.5998
2020-01-16,6372585.67,0.00,6,0.0000,4536196.33,2.4048,0.6344,1.6122
2020-01-17,6393690.69,0.00,6,0.0000,4536631.31,2.4093,0.6220,1.6105
2020-01-20,6421643.63,0.00,6,0.0000,4537936.37,2.4151,0.6261,1.6080
2020-01-21,6209880.48,0.00,6,0.0000,4538371.52,2.3683,0.6309,1.6301
2020-01-22,6339231.30,0.00,6,0.0000,4538806.70,2.3967,0.6338,1.6174
2020-01-23,5800577.35,0.00,5,0.0000,4413550.65,2.3143,0.6557,1.6790
2020-02-03,4878173.96,0.00,5,0.0000,4418206.04,2.1041,0.7017,1.8163
2020-02-04,5247152.30,0.00,5,0.0000,4418629.70,2.1875,0.6820,1.7568
2020-02-05,5241501.59,0.00,5,0.0000,4419053.41,2.1861,0.6606,1.7571
2020-02-06,5291176.85,0.00,5,0.0000,4419477.15,2.1972,0.6565,1.7489
2020-02-07,5156589.06,0.00,5,0.0000,4419900.94,2.1667,0.6574,1.7683
2020-02-10,5521930.59,0.00,5,0.0000,4421172.41,2.2490,0.6373,1.7160
2020-02-11,5515700.64,0.00,5,0.0000,4421596.36,2.2474,0.6249,1.7146
2020-02-12,5886893.65,0.00,5,0.0000,4422020.35,2.3313,0.6439,1.6694
2020-02-13,6283258.62,0.00,5,0.0000,4422444.38,2.4208,0.6636,1.6281
2020-02-14,6553969.55,0.00,5,0.0000,4422868.45,2.4818,0.6850,1.6025
2020-02-17,6887665.64,0.00,5,0.0000,4585640.36,2.5020,0.6702,1.5953
2020-02-18,6620613.92,0.00,5,0.0000,4586080.08,2.4436,0.6729,1.6200
2020-02-19,6403418.16,0.00,5,0.0000,4586519.84,2.3961,0.6668,1.6420
2020-02-20,6747409.36,0.00,5,0.0000,4586959.64,2.4710,0.6624,1.6071
2020-02-21,6781182.51,0.00,5,0.0000,4587399.49,2.4782,0.6617,1.6044
2020-02-24,6433482.85,0.00,5,0.0000,4588719.15,2.4020,0.6692,1.6389
2020-02-25,6655339.84,0.00,5,0.0000,4589159.16,2.4502,0.7074,1.6195
2020-02-26,6350527.78,0.00,5,0.0000,4589599.22,2.3837,0.6972,1.6497
2020-02-27,6531157.68,0.00,5,0.0000,4590039.32,2.4229,0.6575,1.6306
2020-02-28,5788292.54,0.00,5,0.0000,4590479.46,2.2609,0.6762,1.7147
2020-03-02,6340292.99,0.00,5,0.0000,4591800.01,2.3808,0.6376,1.6493
2020-03-03,6337935.68,0.00,5,0.0000,4592240.32,2.3801,0.6542,1.6499
2020-03-04,6508519.33,0.00,5,0.0000,4592680.67,2.4172,0.6516,1.6321
2020-03-05,6632400.94,0.00,5,0.0000,4593121.06,2.4440,0.6354,1.6184
2020-03-06,6582738.50,0.00,5,0.0000,4593561.50,2.4330,0.6540,1.6251
2020-03-09,5861189.06,0.00,5,0.0000,4594882.94,2.2756,0.6693,1.7043
2020-03-10,6072759.46,0.00,5,0.0000,4595323.54,2.3215,0.6592,1.6790
2020-03-11,5900909.81,0.00,5,0.0000,4595764.19,2.2840,0.6692,1.7005
2020-03-12,5514876.12,0.00,5,0.0000,4596204.88,2.1999,0.6876,1.7522
2020-03-13,5202498.39,0.00,5,0.0000,4596645.61,2.1318,0.6985,1.7999
2020-03-16,4556412.07,0.00,5,0.0000,4597967.93,1.9910,0.7348,1.9177
2020-03-17,4304981.17,0.00,5,0.0000,4598408.83,1.9362,0.7395,1.9739
2020-03-18,4138200.22,0.00,5,0.0000,4598849.78,1.8998,0.7392,2.0136
2020-03-19,3836104.24,0.00,5,0.0000,4599290.76,1.8341,0.7547,2.0967
2020-03-20,3904453.21,0.00,5,0.0000,4599731.79,1.8488,0.7584,2.0762
2020-03-23,3339178.56,35830.38,4,0.0107,2224952.82,2.5008,0.8452,1.5828
2020-03-24,3505609.58,0.00,4,0.0000,2331441.42,2.5036,0.8319,1.5741
2020-03-25,3752314.75,0.00,4,0.0000,2497763.25,2.5023,0.8079,1.5783
2020-03-26,3704174.24,0.00,4,0.0000,2498002.76,2.4829,0.8133,1.5883
2020-03-27,3684325.70,0.00,4,0.0000,2498242.30,2.4748,0.8050,1.5907
2020-03-30,3467681.03,0.00,4,0.0000,2498960.97,2.3876,0.8166,1.6307
2020-03-31,3511099.40,0.00,4,0.0000,2499200.60,2.4049,0.8005,1.6224
2020-04-01,3620441.76,0.00,4,0.0000,2499440.24,2.4485,0.8036,1.6020
2020-04-02,3732056.08,0.00,4,0.0000,2499679.92,2.4930,0.7965,1.5830
2020-04-03,3788519.17,0.00,4,0.0000,2521772.83,2.5023,0.7896,1.5806
2020-04-07,3957923.83,0.00,4,0.0000,2632572.17,2.5034,0.7796,1.5827
2020-04-08,3928547.40,0.00,4,0.0000,2632824.60,2.4921,0.7824,1.5879
2020-04-09,3957024.93,0.00,4,0.0000,2633077.07,2.5028,0.7857,1.5835
2020-04-10,3937560.45,0.00,4,0.0000,2633329.55,2.4953,0.7866,1.5841
2020-04-13,3997079.68,0.00,4,0.0000,2657812.32,2.5039,0.7925,1.5806
2020-04-14,4090569.60,0.00,4,0.0000,2723700.40,2.5018,0.7738,1.5837
2020-04-15,3989844.42,0.00,4,0.0000,2723961.58,2.4647,0.7898,1.6012
2020-04-16,3923047.22,0.00,4,0.0000,2724222.78,2.4401,0.8021,1.6125
2020-04-17,4059646.99,0.00,4,0.0000,2724484.01,2.4901,0.7786,1.5915
2020-04-20,4087152.24,0.00,4,0.0000,2725267.76,2.4997,0.7745,1.5873
2020-04-21,3956703.91,0.00,4,0.0000,2725529.09,2.4517,0.7870,1.6078
2020-04-22,3999400.56,0.00,4,0.0000,2725790.44,2.4672,0.7885,1.6006
2020-04-23,3923942.18,0.00,4,0.0000,2726051.82,2.4394,0.7881,1.6108
2020-04-24,3897702.78,0.00,4,0.0000,2726313.22,2.4297,0.7898,1.6162
2020-04-27,3818363.50,0.00,4,0.0000,2727097.50,2.4002,0.7945,1.6291
2020-04-28,3830382.99,0.00,4,0.0000,2727359.01,2.4044,0.7865,1.6263
2020-04-29,3957161.47,0.00,4,0.0000,2727620.53,2.4508,0.7726,1.6026
2020-04-30,4132576.67,0.00,4,0.0000,2751871.33,2.5017,0.7620,1.5843
2020-05-06,4385012.05,0.00,4,0.0000,2920324.95,2.5015,0.7680,1.5903
2020-05-07,4394685.96,0.00,4,0.0000,2926700.04,2.5016,0.7636,1.5917
2020-05-08,4477579.29,0.00,4,0.0000,2981751.71,2.5017,0.7547,1.5912
2020-05-11,4499496.40,0.00,4,0.0000,2995004.60,2.5023,0.7516,1.5902
2020-05-12,4435564.21,0.00,4,0.0000,2995291.79,2.4808,0.7534,1.5991
2020-05-13,4444645.99,0.00,4,0.0000,2995579.01,2.4837,0.7518,1.5989
2020-05-14,4292591.75,0.00,4,0.0000,2995866.25,2.4328,0.7637,1.6211
2020-05-15,4202493.01,743.45,5,0.0002,2798739.44,2.5016,0.7700,1.6171
2020-05-18,4252210.57,0.00,5,0.0000,2831902.43,2.5015,0.7621,1.6102
2020-05-19,4474222.83,-2.32,6,-0.0000,2979847.85,2.5015,0.7337,1.5791
2020-05-20,4422632.09,-2.32,6,-0.0000,2980133.58,2.4840,0.7386,1.5860
2020-05-21,4297297.32,-2.32,6,-0.0000,2980419.35,2.4418,0.7476,1.6026
2020-05-22,4094595.24,0.00,5,0.0000,2980144.76,2.3740,0.7627,1.6338
2020-05-25,4074130.94,0.00,5,0.0000,2981002.06,2.3667,0.7568,1.6360
2020-05-26,4197117.09,0.00,5,0.0000,2981287.91,2.4078,0.7396,1.6167
2020-05-27,4083773.21,0.00,5,0.0000,2981573.79,2.3697,0.7475,1.6318
2020-05-28,4120111.31,0.00,5,0.0000,2981859.69,2.3817,0.7540,1.6268
2020-05-29,4146361.38,0.00,5,0.0000,2982145.62,2.3904,0.7391,1.6225
2020-06-01,4364333.50,0.00,5,0.0000,2983003.50,2.4631,0.7264,1.5908
2020-06-02,4358940.46,0.00,5,0.0000,2983289.54,2.4611,0.7246,1.5904
2020-06-03,4506153.22,0.00,5,0.0000,3000527.78,2.5018,0.7259,1.5733
2020-06-04,4486133.50,0.00,5,0.0000,3000815.50,2.4950,0.7271,1.5756
2020-06-05,4427898.75,0.00,5,0.0000,3001103.25,2.4754,0.7287,1.5828
2020-06-08,4483476.42,0.00,5,0.0000,3001966.58,2.4935,0.7197,1.5749
2020-06-09,4591611.44,0.00,5,0.0000,3057884.56,2.5016,0.7268,1.5605
2020-06-10,4540270.22,0.00,5,0.0000,3058177.78,2.4846,0.7246,1.5687
2020-06-11,4434458.97,0.00,5,0.0000,3058471.03,2.4499,0.7265,1.5843
2020-06-12,4384679.69,0.00,5,0.0000,3058764.31,2.4335,0.7332,1.5911
2020-06-15,4219940.28,0.00,5,0.0000,2854049.72,2.4786,0.7440,1.5671
2020-06-16,4335907.24,0.00,5,0.0000,2887766.76,2.5015,0.7333,1.5499
2020-06-17,4281676.33,0.00,5,0.0000,2888043.67,2.4826,0.7344,1.5558
2020-06-18,4406981.16,0.00,6,0.0000,2934565.84,2.5017,0.7247,1.5153
2020-06-19,4450765.20,-519.73,6,-0.0001,2963533.06,2.5018,0.7234,1.5170
2020-06-22,4335146.68,-519.73,6,-0.0001,2964385.58,2.4624,0.7269,1.5327
2020-06-23,4256989.16,-11.00,5,-0.0000,2964669.84,2.4359,0.7309,1.5431
2020-06-24,4444215.57,440.67,5,0.0001,2959851.11,2.5015,0.7160,1.5176
2020-06-29,4356013.46,0.00,5,0.0000,2960829.54,2.4712,0.7288,1.5334
2020-06-30,4455277.49,0.00,5,0.0000,2966543.51,2.5018,0.7237,1.5227
2020-07-01,4669190.37,0.00,5,0.0000,3109223.63,2.5017,0.7031,1.5241
2020-07-02,5051234.46,0.00,5,0.0000,3363914.54,2.5016,0.6853,1.5319
2020-07-03,5245669.77,0.00,5,0.0000,3493554.23,2.5015,0.6800,1.5118
2020-07-06,5600828.09,0.00,5,0.0000,3729883.91,2.5016,0.6508,1.4747
2020-07-07,5679706.75,0.00,6,0.0000,3782437.25,2.5016,0.6351,1.4624
2020-07-08,5796547.40,0.00,7,0.0000,3861486.60,2.5011,0.6296,1.4505
2020-07-09,6023286.66,0.00,7,0.0000,4011513.34,2.5015,0.6129,1.4302
2020-07-10,5813411.99,0.00,7,0.0000,4002250.01,2.4525,0.6197,1.4446
2020-07-13,6135079.65,0.00,7,0.0000,4085844.35,2.5015,0.6121,1.4092
2020-07-14,6198358.43,0.00,7,0.0000,4127894.57,2.5016,0.6157,1.4105
2020-07-15,6182195.61,0.00,7,0.0000,4128290.39,2.4975,0.6169,1.4197
2020-07-16,5878041.39,0.00,6,0.0000,4127231.61,2.4242,0.6289,1.4487
2020-07-17,6278546.74,0.00,6,0.0000,4181238.26,2.5016,0.5962,1.4149
2020-07-20,6959619.41,0.00,6,0.0000,4634797.59,2.5016,0.5791,1.3625
2020-07-21,6800129.97,0.00,6,0.0000,4635242.03,2.4670,0.5961,1.3805
2020-07-22,6894992.50,0.00,6,0.0000,4635686.50,2.4874,0.5794,1.3760
2020-07-23,6791841.98,0.00,6,0.0000,4636131.02,2.4650,0.5827,1.3825
2020-07-24,6291076.42,0.00,6,0.0000,4636575.58,2.3568,0.6036,1.4236
2020-07-27,6420678.61,0.00,6,0.0000,4637909.39,2.3844,0.5962,1.4117
2020-07-28,6620501.88,0.00,6,0.0000,4638354.12,2.4273,0.5754,1.3954
2020-07-29,6734060.11,0.00,6,0.0000,4638798.89,2.4517,0.5793,1.3864
2020-07-30,6689885.29,0.00,6,0.0000,4639243.71,2.4420,0.5698,1.3916
2020-07-31,6688420.43,0.00,6,0.0000,4639688.57,2.4416,0.5688,1.3906
2020-08-03,6949432.73,0.00,6,0.0000,4641023.27,2.4974,0.5745,1.3733
2020-08-04,6926946.70,0.00,6,0.0000,4641468.30,2.4924,0.5774,1.3767
2020-08-05,6826015.62,0.00,6,0.0000,4641913.38,2.4705,0.5749,1.3862
2020-08-06,6780088.51,0.00,6,0.0000,4642358.49,2.4605,0.5777,1.3903
2020-08-07,6561950.35,0.00,6,0.0000,4642803.65,2.4134,0.5877,1.4072
2020-08-10,6532905.75,0.00,6,0.0000,4644139.25,2.4067,0.5881,1.4078
2020-08-11,6415385.42,0.00,6,0.0000,4644584.58,2.3813,0.5879,1.4138
2020-08-12,6256572.05,0.00,6,0.0000,4645029.95,2.3469,0.5897,1.4184
2020-08-13,6328638.64,0.00,6,0.0000,4645475.36,2.3623,0.5857,1.4173
2020-08-14,6446005.18,0.00,6,0.0000,4645920.82,2.3875,0.5883,1.4130
2020-08-17,6619195.68,0.00,6,0.0000,4647257.32,2.4243,0.5762,1.3977
2020-08-18,6717897.06,0.00,6,0.0000,4615742.94,2.4554,0.5772,1.3881
2020-08-19,6511001.45,0.00,6,0.0000,4616185.55,2.4105,0.5840,1.3986
2020-08-20,6420973.67,0.00,6,0.0000,4298007.33,2.4939,0.6022,1.4133
2020-08-21,6422354.53,0.00,6,0.0000,4298419.47,2.4941,0.6055,1.4130
2020-08-24,6651143.77,0.00,7,0.0000,4429492.23,2.5016,0.6016,1.3965
2020-08-25,6482665.74,0.00,6,0.0000,4429366.26,2.4636,0.6030,1.4127
2020-08-26,6324893.01,0.00,6,0.0000,4429790.99,2.4278,0.6159,1.4293
2020-08-27,6375668.23,0.00,6,0.0000,4430215.77,2.4391,0.6200,1.4222
2020-08-28,6550785.42,0.00,6,0.0000,4430640.58,2.4785,0.6397,1.4042
2020-08-31,6436820.85,0.00,6,0.0000,4431915.15,2.4524,0.6399,1.4141
2020-09-01,6520389.87,0.00,6,0.0000,4432340.13,2.4711,0.6401,1.4079
2020-09-02,6460008.85,0.00,6,0.0000,4432765.15,2.4573,0.6394,1.4156
2020-09-03,6585341.79,0.00,6,0.0000,4433190.21,2.4855,0.6469,1.4117
2020-09-04,6627204.69,0.00,6,0.0000,4433615.31,2.4948,0.6572,1.4094
2020-09-07,6205527.27,0.00,6,0.0000,4434890.73,2.3993,0.6600,1.4431
2020-09-08,6394678.01,0.00,6,0.0000,4435315.99,2.4418,0.6475,1.4227
2020-09-09,5966920.06,274.39,5,0.0000,3974166.32,2.5014,0.6565,1.4591
2020-09-10,6077801.83,0.00,6,0.0000,4047799.17,2.5015,0.6143,1.4072
2020-09-11,6082017.45,-0.00,5,-0.0000,4050350.55,2.5016,0.6169,1.4069
2020-09-14,6195347.08,0.00,5,0.0000,4126059.92,2.5015,0.6218,1.4007
2020-09-15,6420171.05,0.00,6,0.0000,4275795.95,2.5015,0.6107,1.3870
2020-09-16,6471989.71,0.00,6,0.0000,4309673.29,2.5017,0.6048,1.3859
2020-09-17,6756157.68,0.00,6,0.0000,4498988.32,2.5017,0.5842,1.3978
2020-09-18,7023072.79,0.00,6,0.0000,4676499.21,2.5018,0.5552,1.3943
2020-09-21,6863087.50,0.00,6,0.0000,4677844.50,2.4671,0.5758,1.4094
2020-09-22,6434786.93,0.00,6,0.0000,4678293.07,2.3755,0.5819,1.4452
2020-09-23,6346647.50,0.00,6,0.0000,4366092.50,2.4536,0.5732,1.4057
2020-09-24,6104379.09,0.00,5,0.0000,4067045.91,2.5009,0.5805,1.3810
2020-09-25,6088089.10,0.00,5,0.0000,4067435.90,2.4968,0.5778,1.3808
2020-09-28,6262796.95,-98387.95,5,-0.0157,4071955.11,2.5380,0.5610,1.3695
2020-09-29,6215077.13,0.00,5,0.0000,4139342.87,2.5015,0.5638,1.3694
2020-09-30,6084133.36,464.60,5,0.0001,4052169.24,2.5015,0.5832,1.3742
2020-10-09,6615992.81,0.00,5,0.0000,4399873.19,2.5037,0.5609,1.3783
2020-10-12,6871951.11,0.00,5,0.0000,4405121.89,2.5600,0.5478,1.3631
2020-10-13,7046394.13,0.00,5,0.0000,4692635.87,2.5016,0.5505,1.3920
2020-10-14,7028866.15,0.00,5,0.0000,4693085.85,2.4977,0.5435,1.3983
2020-10-15,6991807.13,0.00,5,0.0000,4693535.87,2.4897,0.5458,1.3984
2020-10-16,7196298.36,0.00,5,0.0000,4792455.64,2.5016,0.5628,1.3914
2020-10-19,6996717.70,0.00,5,0.0000,4793834.30,2.4595,0.5671,1.4087
2020-10-20,7029090.02,0.00,5,0.0000,4794293.98,2.4661,0.5651,1.4095
2020-10-21,6870680.29,0.00,5,0.0000,4794753.71,2.4330,0.5725,1.4236
2020-10-22,6759292.52,0.00,5,0.0000,4795213.48,2.4096,0.5774,1.4300
2020-10-23,6660070.71,0.00,5,0.0000,4795673.29,2.3888,0.5802,1.4438
2020-10-26,6552297.13,0.00,5,0.0000,4797052.87,2.3659,0.5891,1.4570
2020-10-27,6537305.14,0.00,5,0.0000,4797512.86,2.3626,0.5871,1.4587
2020-10-28,6699035.10,0.00,5,0.0000,4797972.90,2.3962,0.5768,1.4467
2020-10-29,6610425.03,0.00,5,0.0000,4798432.97,2.3776,0.5760,1.4554
2020-10-30,6445614.90,0.00,5,0.0000,4798893.10,2.3431,0.5881,1.4734
2020-11-02,6899184.40,0.00,5,0.0000,4800273.60,2.4372,0.5770,1.4374
2020-11-03,6894418.10,0.00,5,0.0000,4800733.90,2.4361,0.5844,1.4305
2020-11-04,7076105.75,0.00,5,0.0000,4801194.25,2.4738,0.5700,1.4186
2020-11-05,7329998.58,0.00,5,0.0000,4881563.42,2.5016,0.5664,1.4142
2020-11-06,7425954.49,0.00,5,0.0000,4945621.51,2.5015,0.5730,1.4161
2020-11-09,7747386.41,0.00,5,0.0000,5159487.59,2.5016,0.5992,1.4192
2020-11-10,7628848.66,0.00,5,0.0000,5159982.34,2.4785,0.5981,1.4271
2020-11-11,7805854.49,0.00,5,0.0000,5198292.51,2.5016,0.6038,1.4172
2020-11-12,7888181.49,0.00,5,0.0000,5252630.51,2.5018,0.6023,1.4195
2020-11-13,7802626.81,0.00,5,0.0000,5253134.19,2.4853,0.6059,1.4242
2020-11-16,8134049.89,0.00,6,0.0000,5408730.11,2.5039,0.5966,1.3929
2020-11-17,8158336.01,0.00,6,0.0000,5433093.99,2.5016,0.5768,1.3914
2020-11-18,8166710.98,0.00,6,0.0000,5438130.02,2.5017,0.5768,1.3894
2020-11-19,8099023.76,210.06,7,0.0000,5393978.30,2.5015,0.5782,1.3966
2020-11-20,8331082.62,0.00,7,0.0000,5548275.38,2.5016,0.5775,1.3810
2020-11-23,8733586.28,0.00,7,0.0000,5816555.72,2.5015,0.5836,1.3484
2020-11-24,8605196.52,0.00,7,0.0000,5817113.48,2.4793,0.5840,1.3487
2020-11-25,8279338.72,0.00,7,0.0000,5817671.28,2.4231,0.5955,1.3717
2020-11-26,8227479.66,40.88,7,0.0000,5479873.22,2.5014,0.6122,1.3320
2020-11-27,8230816.32,0.00,7,0.0000,5481791.68,2.5015,0.6102,1.3309
2020-11-30,8111437.42,184.61,7,0.0000,5402648.19,2.5014,0.6133,1.3654
2020-12-01,8259481.51,0.00,6,0.0000,5501109.49,2.5014,0.6133,1.3699
2020-12-02,8235363.01,0.00,6,0.0000,5501636.99,2.4969,0.6179,1.3802
2020-12-03,7774817.45,0.00,6,0.0000,5502164.55,2.4130,0.6190,1.4044
2020-12-04,7947807.85,0.00,6,0.0000,5502692.15,2.4443,0.6061,1.3866
2020-12-07,7812543.88,0.00,6,0.0000,5504275.12,2.4194,0.6044,1.4019
2020-12-08,7836094.43,0.00,5,0.0000,5501589.57,2.4243,0.6026,1.4037
2020-12-09,7928928.88,0.00,5,0.0000,5502117.12,2.4411,0.6010,1.3975
2020-12-10,7711074.28,0.00,5,0.0000,5502644.72,2.4013,0.6204,1.4066
2020-12-11,7665541.63,0.00,5,0.0000,5503172.37,2.3929,0.6322,1.4099
2020-12-14,7263881.53,0.00,5,0.0000,5504755.47,2.3196,0.6186,1.4492
2020-12-15,7350764.68,0.00,5,0.0000,5505283.32,2.3352,0.6067,1.4449
2020-12-16,7393303.77,0.00,5,0.0000,5505811.23,2.3428,0.5949,1.4417
2020-12-17,7826543.82,0.00,5,0.0000,5506339.18,2.4214,0.5729,1.4078
2020-12-18,8146010.81,0.00,5,0.0000,5506867.19,2.4792,0.5732,1.3739
2020-12-21,8236649.65,0.00,5,0.0000,5508451.35,2.4953,0.5606,1.3714
2020-12-22,7752782.44,0.00,5,0.0000,5508979.56,2.4073,0.5605,1.4162
2020-12-23,7930927.18,0.00,5,0.0000,5509507.82,2.4395,0.5564,1.4016
2020-12-24,7742927.87,0.00,5,0.0000,5510036.13,2.4052,0.5705,1.4126
2020-12-25,8093245.51,0.00,5,0.0000,5510564.49,2.4687,0.5593,1.3824
2020-12-28,8391935.88,0.00,5,0.0000,5588478.12,2.5016,0.5508,1.3773
2020-12-29,7945665.00,0.00,5,0.0000,5589014.00,2.4217,0.5628,1.4131
2020-12-30,8123048.07,0.00,5,0.0000,5589549.93,2.4533,0.5559,1.3966
2020-12-31,8160393.09,0.00,5,0.0000,5590085.91,2.4598,0.5545,1.3986
2021-01-04,8612407.26,0.00,5,0.0000,5734866.74,2.5018,0.5395,1.3711
2021-01-05,8597509.34,0.00,5,0.0000,5735416.66,2.4990,0.5359,1.3792
2021-01-06,8842865.59,0.00,6,0.0000,5888894.41,2.5016,0.5254,1.3689
2021-01-07,9525226.99,0.00,6,0.0000,6343694.01,2.5015,0.5112,1.3415
2021-01-08,10025975.09,0.00,6,0.0000,6677126.91,2.5015,0.4948,1.3247
2021-01-11,9676434.78,0.00,5,0.0000,6678097.22,2.4490,0.4987,1.3554
2021-01-12,10307618.05,0.00,5,0.0000,6863920.95,2.5017,0.4785,1.3329
2021-01-13,10670294.37,0.00,5,0.0000,7105461.63,2.5017,0.4568,1.3246
2021-01-14,10184683.03,0.00,5,0.0000,7106142.97,2.4332,0.4833,1.3508
2021-01-15,10888529.70,0.00,5,0.0000,7251550.30,2.5015,0.4770,1.3233
2021-01-18,11172479.90,0.00,6,0.0000,7442153.10,2.5012,0.4779,1.3130
2021-01-19,11160980.27,0.00,6,0.0000,7442866.73,2.4996,0.4806,1.3179
2021-01-20,11363162.91,0.00,6,0.0000,7567803.09,2.5015,0.4880,1.3226
2021-01-21,11490633.02,0.00,6,0.0000,7652237.98,2.5016,0.4886,1.3219
2021-01-22,11396365.24,0.00,6,0.0000,7652971.76,2.4891,0.4821,1.3320
2021-01-25,11629722.79,0.00,6,0.0000,7745321.21,2.5015,0.4792,1.3416
2021-01-26,11456994.57,725.22,5,0.0001,7630436.65,2.5015,0.4940,1.3522
2021-01-27,11892695.08,0.00,5,0.0000,7919599.92,2.5017,0.5137,1.3672
2021-01-28,11339982.66,0.00,5,0.0000,7920359.34,2.4318,0.5143,1.3941
2021-01-29,10740382.18,0.00,5,0.0000,7921118.82,2.3559,0.5132,1.4273
2021-02-01,10523208.50,0.00,5,0.0000,7923397.50,2.3281,0.5201,1.4323
2021-02-02,11254533.72,0.00,5,0.0000,7924157.28,2.4203,0.5026,1.4082
2021-02-03,11107654.87,0.00,5,0.0000,7924917.13,2.4016,0.5092,1.4169
2021-02-04,10711293.95,0.00,5,0.0000,7925677.05,2.3515,0.5290,1.4389
2021-02-05,10006097.95,0.00,5,0.0000,7926437.05,2.2624,0.5425,1.4761
2021-02-08,10773775.74,0.00,5,0.0000,7928717.26,2.3588,0.5372,1.4336
2021-02-09,11312766.45,0.00,5,0.0000,7929477.55,2.4267,0.5291,1.4048
2021-02-10,11192671.09,0.00,5,0.0000,7930237.91,2.4114,0.5327,1.4061
2021-02-18,12299223.58,0.00,5,0.0000,8191274.42,2.5015,0.5209,1.3734
2021-02-19,12634859.72,0.00,5,0.0000,8413872.28,2.5017,0.5752,1.3732
2021-02-22,12332509.29,0.00,5,0.0000,8416292.71,2.4653,0.5742,1.3737
2021-02-23,11872094.25,0.00,5,0.0000,8417099.75,2.4105,0.5822,1.3984
2021-02-24,11151927.13,0.00,5,0.0000,8417906.87,2.3248,0.6052,1.4279
2021-02-25,11237249.93,0.00,5,0.0000,8418714.07,2.3348,0.5897,1.4143
2021-02-26,10313384.66,0.00,5,0.0000,8419521.34,2.2249,0.6063,1.4611
2021-03-01,10661152.78,0.00,5,0.0000,7360577.22,2.4484,0.5893,1.3430
2021-03-02,10704930.08,452.36,5,0.0000,7129900.27,2.5014,0.6201,1.3204
2021-03-03,11350298.35,-0.00,6,-0.0000,7559197.65,2.5015,0.6340,1.3621
2021-03-04,10634039.98,250.22,7,0.0000,7082671.24,2.5014,0.6653,1.4562
2021-03-05,10167130.84,265.59,7,0.0000,6771678.75,2.5014,0.6640,1.5319
2021-03-08,9764605.77,8.25,7,0.0000,6503560.48,2.5014,0.6826,1.6062
2021-03-09,9752935.88,282.90,6,0.0000,6495574.02,2.5015,0.6809,1.6325
2021-03-10,9757627.99,0.00,6,0.0000,6498311.01,2.5016,0.6881,1.6320
2021-03-11,10336655.56,0.00,6,0.0000,6884195.44,2.5015,0.6655,1.5955
2021-03-12,10354515.32,0.00,6,0.0000,6895922.68,2.5015,0.6868,1.5930
2021-03-15,10847720.75,0.00,6,0.0000,7224364.25,2.5015,0.6781,1.5650
2021-03-16,10577094.00,0.00,6,0.0000,7225057.00,2.4639,0.6723,1.5789
2021-03-17,11239689.12,0.00,6,0.0000,7485551.88,2.5015,0.6501,1.5456
2021-03-18,11079068.33,0.00,6,0.0000,7486269.67,2.4799,0.6402,1.5538
2021-03-19,10564815.47,0.00,6,0.0000,7486987.53,2.4111,0.6552,1.5840
2021-03-22,10531990.16,0.00,5,0.0000,7482261.84,2.4076,0.6543,1.5841
2021-03-23,9748510.68,0.00,5,0.0000,7482979.32,2.3028,0.6850,1.6322
2021-03-24,8997785.14,0.00,5,0.0000,7483696.86,2.2023,0.7157,1.6872
2021-03-25,9199585.52,0.00,5,0.0000,7484414.48,2.2292,0.7139,1.6708
2021-03-26,9492043.84,0.00,5,0.0000,7485132.16,2.2681,0.6913,1.6495
2021-03-29,9936916.58,0.00,5,0.0000,7487285.42,2.3272,0.6972,1.6205
2021-03-30,9847914.62,0.00,5,0.0000,7488003.38,2.3152,0.6886,1.6260
2021-03-31,9654798.60,0.00,5,0.0000,7488721.40,2.2892,0.6992,1.6391
2021-04-01,9802584.50,0.00,5,0.0000,7489439.50,2.3089,0.6968,1.6292
2021-04-02,9472236.33,0.00,5,0.0000,7490157.67,2.2646,0.7140,1.6513
2021-04-06,9649101.40,0.00,5,0.0000,7493030.60,2.2877,0.7186,1.6402
2021-04-07,9547550.89,0.00,5,0.0000,7493749.11,2.2741,0.7199,1.6463
2021-04-08,9531794.31,0.00,5,0.0000,7494467.69,2.2718,0.7185,1.6477
2021-04-09,9719777.66,0.00,5,0.0000,7495186.34,2.2968,0.7159,1.6360
2021-04-12,9040333.51,0.00,5,0.0000,7497342.49,2.2058,0.7400,1.6846
2021-04-13,8912034.59,0.00,5,0.0000,7498061.41,2.1886,0.7418,1.6947
2021-04-14,9572813.60,0.00,5,0.0000,7498780.40,2.2766,0.7033,1.6465
2021-04-15,9998630.54,0.00,5,0.0000,7499499.46,2.3332,0.6801,1.6189
2021-04-16,10128463.41,0.00,5,0.0000,7500218.59,2.3504,0.6840,1.6107
2021-04-19,10772433.81,0.00,5,0.0000,7502376.19,2.4359,0.6482,1.5739
2021-04-20,10639530.40,0.00,5,0.0000,7503095.60,2.4180,0.6586,1.5825
2021-04-21,10504892.93,0.00,5,0.0000,7503815.07,2.3999,0.6671,1.5898
2021-04-22,10530343.38,0.00,5,0.0000,7504534.62,2.4032,0.6707,1.5885
2021-04-23,10695325.77,0.00,5,0.0000,7505254.23,2.4250,0.6529,1.5810
2021-04-26,10591880.72,0.00,5,0.0000,7507413.28,2.4109,0.6645,1.5878
2021-04-27,10504058.84,0.00,5,0.0000,7508133.16,2.3990,0.6648,1.5940
2021-04-28,11091402.88,0.00,5,0.0000,7508853.12,2.4771,0.6444,1.5621
2021-04-29,11808045.85,-3.64,5,-0.0000,7864184.51,2.5015,0.6193,1.5578
2021-04-30,11362015.89,378.13,6,0.0000,7567350.24,2.5015,0.6344,1.6056
2021-05-06,12196390.51,0.00,6,0.0000,8122797.49,2.5015,0.6285,1.6095
2021-05-07,12202030.27,0.00,5,0.0000,8126440.73,2.5015,0.6399,1.6239
2021-05-10,13433628.62,0.00,5,0.0000,8946654.38,2.5015,0.6308,1.6278
2021-05-11,12908310.72,0.00,5,0.0000,8947512.28,2.4427,0.6409,1.6539
2021-05-12,13252856.74,0.00,5,0.0000,8948370.26,2.4810,0.6329,1.6371
2021-05-13,12659876.68,0.00,5,0.0000,8949228.32,2.4146,0.6345,1.6673
2021-05-14,12441776.53,0.00,5,0.0000,8950086.47,2.3901,0.6381,1.6783
2021-05-17,12627125.85,0.00,5,0.0000,8952661.15,2.4104,0.6325,1.6682
2021-05-18,12368560.37,0.00,5,0.0000,8953519.63,2.3814,0.6473,1.6826
2021-05-19,12276091.82,0.00,5,0.0000,8954378.18,2.3710,0.6413,1.6881
2021-05-20,11328641.18,0.00,5,0.0000,8955236.82,2.2650,0.6701,1.7459
2021-05-21,11675164.46,0.00,5,0.0000,8956095.54,2.3036,0.6577,1.7240
2021-05-24,12152139.05,0.00,5,0.0000,8958671.95,2.3565,0.6635,1.6959
2021-05-25,12425577.00,0.00,5,0.0000,8959531.00,2.3869,0.6593,1.6801
2021-05-26,12459776.86,0.00,5,0.0000,8960390.14,2.3905,0.6587,1.6783
2021-05-27,12522474.65,0.00,5,0.0000,8961249.35,2.3974,0.6457,1.6751
2021-05-28,12607634.35,0.00,5,0.0000,8962108.65,2.4068,0.6500,1.6710
2021-05-31,12978906.21,0.00,5,0.0000,8964686.79,2.4478,0.6544,1.6520
2021-06-01,13106032.58,0.00,5,0.0000,8965546.42,2.4618,0.6423,1.6460
2021-06-02,12921964.87,0.00,5,0.0000,8966406.13,2.4412,0.6426,1.6556
2021-06-03,13048853.08,0.00,5,0.0000,8967265.92,2.4552,0.6365,1.6492
2021-06-04,13055450.20,0.00,5,0.0000,8968125.80,2.4558,0.6497,1.6491
2021-06-07,13441752.33,0.00,5,0.0000,8970705.67,2.4984,0.6470,1.6304
2021-06-08,12797424.13,0.00,5,0.0000,8971565.87,2.4264,0.6345,1.6619
2021-06-09,13112763.84,0.00,5,0.0000,8972426.16,2.4615,0.6304,1.6461
2021-06-10,13336416.47,0.00,5,0.0000,8973286.53,2.4862,0.6246,1.6357
2021-06-11,13064735.02,0.00,5,0.0000,8974146.98,2.4558,0.6292,1.6492
2021-06-15,12277590.88,0.00,5,0.0000,8977589.12,2.3676,0.6673,1.6919
2021-06-16,11732559.01,0.00,5,0.0000,8978449.99,2.3067,0.6835,1.7242
2021-06-17,11899065.07,0.00,5,0.0000,8957686.93,2.3284,0.6728,1.7150
2021-06-18,12104587.11,0.00,5,0.0000,8958545.89,2.3512,0.6465,1.7039
2021-06-21,12436408.00,0.00,5,0.0000,8961123.00,2.3878,0.6615,1.6868
2021-06-22,12800376.71,0.00,5,0.0000,8961982.29,2.4283,0.6608,1.6670
2021-06-23,13974505.53,0.00,5,0.0000,9306651.47,2.5016,0.6659,1.6353
2021-06-24,14190252.02,0.00,5,0.0000,9449755.98,2.5017,0.6598,1.6360
2021-06-25,14592414.44,0.00,5,0.0000,9718321.56,2.5015,0.6416,1.6364
2021-06-28,13771966.76,0.00,5,0.0000,9721117.24,2.4167,0.6784,1.6745
2021-06-29,13422972.60,0.00,5,0.0000,9722049.40,2.3807,0.6882,1.6929
2021-06-30,13520538.35,0.00,5,0.0000,9722981.65,2.3906,0.6835,1.6880
2021-07-01,13609340.01,0.00,5,0.0000,9723913.99,2.3996,0.6963,1.6832
2021-07-02,13779329.58,0.00,5,0.0000,9724846.42,2.4169,0.7179,1.6758
2021-07-05,14802975.65,0.00,5,0.0000,9858286.35,2.5016,0.7279,1.6381
2021-07-06,14433282.34,0.00,5,0.0000,9859231.66,2.4639,0.7173,1.6542
2021-07-07,14314753.93,0.00,5,0.0000,9860177.07,2.4518,0.7306,1.6598
2021-07-08,13642266.43,0.00,5,0.0000,9861122.57,2.3834,0.7553,1.6931
2021-07-09,14808713.22,347.37,5,0.0000,9862068.15,2.5016,0.7543,1.6388
2021-07-12,15110443.38,0.00,5,0.0000,10062790.62,2.5016,0.7652,1.6394
2021-07-13,15438099.26,192526.80,5,0.0125,10063755.54,2.5340,0.7449,1.6134
2021-07-14,14654506.24,0.00,5,0.0000,9872193.76,2.4844,0.7140,1.6469
2021-07-15,15895521.59,0.00,5,0.0000,9873140.41,2.6100,0.7208,1.5959
2021-07-16,15526664.85,0.00,5,0.0000,9874087.15,2.5725,0.7127,1.6104
2021-07-19,15199048.36,0.00,5,0.0000,9876927.64,2.5388,0.7042,1.6242
2021-07-20,15448725.26,0.00,5,0.0000,9877874.74,2.5640,0.7048,1.6140
2021-07-21,16381816.07,0.00,5,0.0000,9878821.93,2.6583,0.7312,1.5789
2021-07-22,17399314.78,0.00,5,0.0000,9879769.22,2.7611,0.7395,1.5446
2021-07-23,17528533.41,0.00,5,0.0000,9880716.59,2.7740,0.7370,1.5410
2021-07-26,18566530.44,1721.43,4,0.0001,9883558.99,2.8785,0.7624,1.5119
2021-07-27,17513056.70,1721.43,4,0.0001,9884506.73,2.7718,0.7657,1.5436
2021-07-28,16743700.87,1721.43,4,0.0001,9885454.56,2.6938,0.7665,1.5686
2021-07-29,18121014.95,1721.43,4,0.0001,9886402.48,2.8329,0.7791,1.5256
2021-07-30,20045516.94,1721.43,4,0.0001,9887350.49,3.0274,0.7748,1.4751
2021-08-02,20116384.64,1721.43,4,0.0001,9890194.80,3.0340,0.7962,1.4719
2021-08-03,18669732.52,0.00,5,0.0000,10823514.48,2.7249,0.7981,1.5090
2021-08-04,20528727.93,0.00,5,0.0000,11849411.07,2.7325,0.7984,1.4620
2021-08-05,20543488.74,0.00,5,0.0000,12877434.26,2.5953,0.8051,1.4590
2021-08-06,20583276.82,0.00,5,0.0000,13706867.18,2.5017,0.7869,1.4586
2021-08-09,20504179.75,0.00,5,0.0000,13710810.25,2.4955,0.7775,1.4497
2021-08-10,19739189.02,0.00,5,0.0000,13712124.98,2.4395,0.7673,1.4690
2021-08-11,20636490.87,0.00,5,0.0000,13742369.13,2.5017,0.7548,1.4474
2021-08-12,20495073.11,0.00,5,0.0000,13743686.89,2.4912,0.7418,1.4601
2021-08-13,20417417.22,0.00,5,0.0000,13745004.78,2.4854,0.7500,1.4599
2021-08-16,20581529.18,0.00,5,0.0000,13748958.82,2.4970,0.7251,1.4468
2021-08-17,19291234.78,0.00,5,0.0000,13750277.22,2.4030,0.7411,1.4868
2021-08-18,20096303.73,827.91,5,0.0000,13384590.19,2.5015,0.6983,1.4458
2021-08-19,21032168.83,0.00,5,0.0000,14007284.17,2.5015,0.7339,1.4608
2021-08-20,21644967.98,0.00,5,0.0000,14414944.02,2.5016,0.7564,1.4691
2021-08-23,22376620.03,0.00,5,0.0000,14902653.97,2.5015,0.7410,1.4745
2021-08-24,22943169.70,0.00,5,0.0000,15279684.30,2.5015,0.7355,1.4787
2021-08-25,23889740.39,0.00,5,0.0000,15909706.61,2.5016,0.7153,1.4890
2021-08-26,24469180.48,0.00,5,0.0000,16295952.52,2.5015,0.6885,1.4927
2021-08-27,25790318.19,0.00,5,0.0000,17175742.81,2.5016,0.7092,1.4946
2021-08-30,27241571.41,0.00,5,0.0000,18142701.59,2.5015,0.6893,1.5060
2021-08-31,29242009.41,0.00,5,0.0000,19474457.59,2.5016,0.6481,1.5161
2021-09-01,26419446.00,0.00,5,0.0000,19476325.00,2.3565,0.6457,1.5730
2021-09-02,27630643.41,0.00,5,0.0000,19478192.59,2.4185,0.6194,1.5467
2021-09-03,25914100.64,0.00,5,0.0000,19480060.36,2.3303,0.6073,1.5871
2021-09-06,27589070.12,380.02,5,0.0000,18375561.90,2.5014,0.5403,1.4565
2021-09-07,28540836.84,0.00,5,0.0000,19007714.16,2.5015,0.5315,1.4421
2021-09-08,29828968.05,0.00,5,0.0000,19865374.95,2.5016,0.5085,1.4260
2021-09-09,31412150.36,0.00,5,0.0000,20920108.64,2.5015,0.5017,1.4023
2021-09-10,30446297.32,0.00,5,0.0000,20922114.68,2.4552,0.4910,1.4130
2021-09-13,33159426.52,0.00,5,0.0000,22083752.48,2.5015,0.4898,1.3763
2021-09-14,31176031.90,0.00,5,0.0000,22085870.10,2.4116,0.5052,1.4057
2021-09-15,31568684.08,0.00,5,0.0000,22087987.92,2.4292,0.4999,1.4126
2021-09-16,30130904.06,0.00,5,0.0000,22090105.94,2.3640,0.5337,1.4319
2021-09-17,28708105.54,0.00,5,0.0000,19229571.46,2.4929,0.5217,1.3495
2021-09-22,30679392.25,0.00,6,0.0000,20433182.75,2.5014,0.5561,1.3179
2021-09-23,31040075.40,0.00,6,0.0000,20673265.60,2.5015,0.5646,1.3365
2021-09-24,26856421.15,0.00,6,0.0000,18009866.85,2.4912,0.5879,1.3953
2021-09-27,25333193.84,44.74,6,0.0000,16873034.90,2.5014,0.6279,1.4833
2021-09-28,26728400.41,0.00,5,0.0000,17801529.59,2.5015,0.6201,1.5131
2021-09-29,24451561.41,0.00,5,0.0000,17803236.59,2.3734,0.6334,1.5647
2021-09-30,25368084.09,22.29,4,0.0000,16900047.20,2.5011,0.6341,1.6459
2021-10-08,24693138.67,0.00,4,0.0000,16912989.33,2.4600,0.6343,1.6639
2021-10-11,26303308.56,0.00,5,0.0000,17518038.44,2.5015,0.6323,1.6461
2021-10-12,25310376.75,0.00,5,0.0000,17519718.25,2.4447,0.6378,1.6715
2021-10-13,22800738.77,0.00,5,0.0000,17521398.23,2.3013,0.6674,1.7456
2021-10-14,22496795.64,0.00,5,0.0000,17523078.36,2.2838,0.6760,1.7558
2021-10-15,23620970.35,0.00,5,0.0000,17524758.65,2.3479,0.6682,1.7199
2021-10-18,25137213.98,0.00,5,0.0000,17529800.02,2.4340,0.6504,1.6768
2021-10-19,24779751.04,0.00,5,0.0000,17531480.96,2.4134,0.6514,1.6866
2021-10-20,22622758.94,0.00,5,0.0000,17533162.06,2.2903,0.6626,1.7522
2021-10-21,24575269.67,0.00,5,0.0000,17534843.33,2.4015,0.6666,1.6923
2021-10-22,22863960.25,0.00,5,0.0000,17536524.75,2.3038,0.6665,1.7442
2021-10-25,22875586.50,0.00,5,0.0000,17541569.50,2.3041,0.6786,1.7440
2021-10-26,23588110.43,0.00,5,0.0000,17543251.57,2.3446,0.6493,1.7217
2021-10-27,22266857.20,0.00,5,0.0000,17544933.80,2.2691,0.6629,1.7647
2021-10-28,19856001.81,0.00,5,0.0000,17546616.19,2.1316,0.6859,1.8577
2021-10-29,19656795.26,0.00,5,0.0000,17548298.74,2.1202,0.6918,1.8664
2021-11-01,19501250.11,0.00,5,0.0000,17553346.89,2.1110,0.6884,1.8726
2021-11-02,18492763.74,0.00,4,0.0000,17554697.26,2.0534,0.7054,1.9211
2021-11-03,19492755.42,0.00,4,0.0000,17556380.58,2.1103,0.6959,1.8738
2021-11-04,19222848.93,0.00,4,0.0000,17558064.07,2.0948,0.6961,1.8860
2021-11-05,18045405.28,0.00,4,0.0000,17559747.72,2.0277,0.7150,1.9438
2021-11-08,18182075.84,0.00,4,0.0000,17564799.16,2.0351,0.7156,1.9369
2021-11-09,17839841.55,0.00,4,0.0000,17566483.45,2.0156,0.7178,1.9550
2021-11-10,17177599.09,0.00,4,0.0000,17568167.91,1.9778,0.7372,1.9922
2021-11-11,18148695.47,0.00,4,0.0000,17569852.53,2.0329,0.7121,1.9387
2021-11-12,17491569.69,0.00,4,0.0000,17571537.31,1.9954,0.7246,1.9743
2021-11-15,17466997.87,0.00,4,0.0000,17576592.13,1.9938,0.7250,1.9758
2021-11-16,16752627.44,0.00,4,0.0000,17578277.56,1.9530,0.7449,2.0175
2021-11-17,17143328.85,0.00,4,0.0000,17579963.15,1.9752,0.7495,1.9946
2021-11-18,17390889.10,0.00,4,0.0000,17581648.90,1.9892,0.7438,1.9806
2021-11-19,18003042.19,0.00,4,0.0000,17583334.81,2.0239,0.7384,1.9471
2021-11-22,17893158.97,0.00,4,0.0000,17588393.03,2.0173,0.7351,1.9534
2021-11-23,18172788.41,0.00,4,0.0000,17590079.59,2.0331,0.7303,1.9387
2021-11-24,18964594.69,0.00,4,0.0000,17591766.31,2.0780,0.7193,1.8997
2021-11-25,18447160.81,0.00,4,0.0000,17593453.19,2.0485,0.7289,1.9251
2021-11-26,17798986.77,0.00,4,0.0000,17595140.23,2.0116,0.7438,1.9590
2021-11-29,17433618.15,0.00,4,0.0000,17600201.85,1.9905,0.7507,1.9795
2021-11-30,17352113.46,0.00,4,0.0000,17601889.54,1.9858,0.7442,1.9843
2021-12-01,18327716.61,0.00,4,0.0000,17603577.39,2.0411,0.7354,1.9318
2021-12-02,19067814.59,0.00,4,0.0000,17605265.41,2.0831,0.7211,1.8956
2021-12-03,20408345.42,0.00,4,0.0000,17606953.58,2.1591,0.7084,1.8368
2021-12-06,20647480.40,0.00,4,0.0000,17612018.60,2.1724,0.6933,1.8274
2021-12-07,21544927.58,0.00,4,0.0000,17613707.42,2.2232,0.6725,1.7929
2021-12-08,21444956.59,0.00,4,0.0000,17615396.41,2.2174,0.6600,1.7968
2021-12-09,22506143.45,0.00,4,0.0000,17617085.55,2.2775,0.6201,1.7592
2021-12-10,21900145.14,0.00,4,0.0000,17618774.86,2.2430,0.6279,1.7804
2021-12-13,23731048.72,0.00,4,0.0000,17623843.28,2.3465,0.6287,1.7206
2021-12-14,23162353.77,0.00,4,0.0000,17625533.23,2.3141,0.6478,1.7385
2021-12-15,24443032.65,0.00,4,0.0000,17627223.35,2.3867,0.6559,1.7000
2021-12-16,25845916.36,0.00,4,0.0000,17628913.64,2.4661,0.6331,1.6620
2021-12-17,25023861.92,0.00,4,0.0000,17630604.08,2.4193,0.6501,1.6838
2021-12-20,24117999.10,0.00,4,0.0000,17635675.90,2.3676,0.6421,1.7097
2021-12-21,24908298.01,0.00,4,0.0000,17637366.99,2.4122,0.6391,1.6872
2021-12-22,24784568.76,0.00,4,0.0000,17639058.24,2.4051,0.6416,1.6907
2021-12-23,25631430.34,0.00,4,0.0000,17640749.66,2.4530,0.6384,1.6679
2021-12-24,24368820.76,0.00,4,0.0000,17642441.24,2.3813,0.6417,1.7026
2021-12-27,24031101.54,0.00,4,0.0000,17647516.46,2.3617,0.6448,1.7126
2021-12-28,23076230.31,0.00,4,0.0000,17649208.69,2.3075,0.6457,1.7421
2021-12-29,22620594.92,0.00,4,0.0000,17650901.08,2.2816,0.6416,1.7571
2021-12-30,22000698.37,0.00,4,0.0000,17652593.63,2.2463,0.6417,1.7784
2021-12-31,21919222.65,0.00,4,0.0000,17654286.35,2.2416,0.6389,1.7814
2022-01-04,22116637.15,0.00,4,0.0000,17661057.85,2.2523,0.6209,1.7746
2022-01-05,21671921.62,0.00,4,0.0000,17662751.38,2.2270,0.6140,1.7904
2022-01-06,22138471.93,0.00,4,0.0000,17664445.07,2.2533,0.6092,1.7739
2022-01-07,22680490.08,0.00,4,0.0000,17666138.92,2.2838,0.6067,1.7551
2022-01-10,23372839.04,0.00,4,0.0000,17671220.96,2.3226,0.6036,1.7328
2022-01-11,23078462.54,0.00,4,0.0000,17672915.46,2.3059,0.6101,1.7421
2022-01-12,22961639.88,0.00,4,0.0000,17674610.12,2.2991,0.6276,1.7460
2022-01-13,23005608.05,0.00,4,0.0000,17676304.95,2.3015,0.6268,1.7444
2022-01-14,21848577.06,0.00,4,0.0000,17677999.94,2.2359,0.6548,1.7843
2022-01-17,22063300.61,0.00,4,0.0000,17683085.39,2.2477,0.6553,1.7771
2022-01-18,23467854.97,0.00,4,0.0000,17684781.03,2.3270,0.6386,1.7302
2022-01-19,24632524.17,0.00,4,0.0000,17686476.83,2.3927,0.6160,1.6957
2022-01-20,24857773.21,0.00,4,0.0000,17688172.79,2.4053,0.6196,1.6893
2022-01-21,24359972.08,0.00,4,0.0000,17689868.92,2.3771,0.6194,1.7036
2022-01-24,24518272.22,0.00,4,0.0000,17694957.78,2.3856,0.6097,1.6994
2022-01-25,22942502.44,0.00,4,0.0000,17696654.56,2.2964,0.6162,1.7477
2022-01-26,22833265.50,0.00,4,0.0000,17698351.50,2.2901,0.6183,1.7510
2022-01-27,22411774.40,0.00,4,0.0000,17700048.60,2.2662,0.6242,1.7653
2022-01-28,21739557.13,0.00,4,0.0000,17701745.87,2.2281,0.6351,1.7893
2022-02-07,23543703.86,0.00,4,0.0000,17718720.14,2.3287,0.6029,1.7289
2022-02-08,25299293.80,0.00,4,0.0000,17720419.20,2.4277,0.6024,1.6781
2022-02-09,25582848.58,0.00,4,0.0000,17722118.42,2.4436,0.6075,1.6707
2022-02-10,26806716.27,0.00,4,0.0000,17853018.73,2.5015,0.5970,1.6447
2022-02-11,27024771.80,0.00,6,0.0000,17998487.20,2.5015,0.5887,1.6447
2022-02-14,26147993.15,0.00,6,0.0000,18003664.85,2.4524,0.6016,1.6670
2022-02-15,25117566.77,0.00,6,0.0000,18005391.23,2.3950,0.5996,1.6946
2022-02-16,25109818.22,0.00,6,0.0000,18007117.78,2.3944,0.6015,1.6946
2022-02-17,25691396.51,0.00,6,0.0000,18008844.49,2.4266,0.5973,1.6790
2022-02-18,27067933.48,0.00,6,0.0000,18027012.52,2.5015,0.5830,1.6448
2022-02-21,27154327.92,0.00,6,0.0000,18084786.08,2.5015,0.5907,1.6450
2022-02-22,27135004.76,0.00,6,0.0000,18086520.24,2.5003,0.5955,1.6456
2022-02-23,26538632.44,0.00,6,0.0000,18088254.56,2.4672,0.6048,1.6603
2022-02-24,25892861.95,0.00,6,0.0000,18089989.05,2.4313,0.6182,1.6772
2022-02-25,24602892.29,0.00,6,0.0000,18091723.71,2.3599,0.6228,1.7129
2022-02-28,25640589.82,0.00,6,0.0000,18096928.18,2.4168,0.6095,1.6844
2022-03-01,26409728.50,0.00,6,0.0000,18098663.50,2.4592,0.6061,1.6642
2022-03-02,26680294.01,0.00,6,0.0000,18100398.99,2.4740,0.6053,1.6574
2022-03-03,27212786.14,0.00,6,0.0000,18123638.86,2.5015,0.5982,1.6452
2022-03-04,26841890.26,0.00,6,0.0000,18125376.74,2.4809,0.6158,1.6543
2022-03-07,26497604.11,0.00,6,0.0000,18130590.89,2.4615,0.6230,1.6633
2022-03-08,24513099.20,0.00,5,0.0000,18129665.80,2.3521,0.6451,1.7174
2022-03-09,24814901.42,0.00,4,0.0000,18130793.58,2.3687,0.6504,1.7090
2022-03-10,24901650.85,0.00,4,0.0000,18132532.15,2.3733,0.6350,1.7065
2022-03-11,24994623.12,0.00,4,0.0000,18134270.88,2.3783,0.6387,1.7035
2022-03-14,23501151.41,0.00,4,0.0000,18139487.59,2.2956,0.6608,1.7485
2022-03-15,20436688.01,0.00,4,0.0000,18141226.99,2.1265,0.7051,1.8619
2022-03-16,21543220.44,0.00,4,0.0000,18142966.56,2.1874,0.6971,1.8168
2022-03-17,22466271.70,0.00,4,0.0000,18144706.30,2.2382,0.6719,1.7836
2022-03-18,23975674.80,0.00,4,0.0000,18146446.20,2.3212,0.6541,1.7335
2022-03-21,24786269.59,0.00,4,0.0000,18151666.41,2.3655,0.6511,1.7099
2022-03-22,25536843.01,0.00,4,0.0000,18153406.99,2.4067,0.6507,1.6889
2022-03-23,25303417.28,0.00,4,0.0000,18155147.72,2.3937,0.6477,1.6954
2022-03-24,25391929.37,0.00,4,0.0000,18156888.63,2.3985,0.6544,1.6932
2022-03-25,25603274.30,0.00,4,0.0000,18158629.70,2.4100,0.6499,1.6873
2022-03-28,27133614.59,0.00,4,0.0000,18163853.41,2.4938,0.6333,1.6485
2022-03-29,28368846.77,0.00,4,0.0000,18893628.23,2.5015,0.6390,1.6201
2022-03-30,27663600.05,0.00,4,0.0000,18895439.95,2.4640,0.6266,1.6357
2022-03-31,28535323.52,0.00,4,0.0000,19004064.48,2.5015,0.6269,1.6194
2022-04-01,28448695.21,0.00,4,0.0000,19005886.79,2.4968,0.6292,1.6213
2022-04-06,27894490.80,0.00,4,0.0000,19014999.20,2.4670,0.6211,1.6335
2022-04-07,28270999.44,0.00,4,0.0000,19016822.56,2.4866,0.6266,1.6255
2022-04-08,29159787.87,0.00,4,0.0000,19419985.13,2.5015,0.6325,1.6199
2022-04-11,28854057.30,0.00,4,0.0000,19425571.70,2.4854,0.6445,1.6268
2022-04-12,29033101.57,0.00,4,0.0000,19427434.43,2.4944,0.6446,1.6228
2022-04-13,29700446.08,0.00,5,0.0000,19780402.92,2.5015,0.6474,1.6206
2022-04-14,32312977.18,0.00,5,0.0000,21520503.82,2.5015,0.6285,1.6245
2022-04-15,29665595.57,0.00,5,0.0000,21522567.43,2.3783,0.6473,1.6803
2022-04-18,27493013.15,0.00,5,0.0000,21528758.85,2.2770,0.6802,1.7351
2022-04-19,27711117.75,0.00,5,0.0000,21530823.25,2.2870,0.6894,1.7286
2022-04-20,25315069.15,0.00,5,0.0000,21532887.85,2.1756,0.7192,1.7982
2022-04-21,25168966.35,0.00,5,0.0000,21534952.65,2.1687,0.7195,1.8030
2022-04-22,25445402.36,0.00,5,0.0000,21537017.64,2.1815,0.7125,1.7934
2022-04-25,22878369.78,0.00,5,0.0000,21543213.22,2.0620,0.7604,1.8842
2022-04-26,21535772.99,0.00,5,0.0000,21545279.01,1.9996,0.7769,1.9395
2022-04-27,23940202.00,0.00,5,0.0000,21547345.00,2.1111,0.7258,1.8452
2022-04-28,26622675.82,0.00,5,0.0000,21549411.18,2.2354,0.7135,1.7598
2022-04-29,26306513.44,0.00,5,0.0000,21551477.56,2.2206,0.7158,1.7690
2022-05-05,26022998.81,0.00,5,0.0000,20264434.19,2.2842,0.7064,1.7288
2022-05-06,25300631.23,0.00,5,0.0000,19005814.77,2.3312,0.7266,1.7010
2022-05-09,24712270.16,0.00,5,0.0000,17776548.84,2.3902,0.7332,1.6681
2022-05-10,23646886.43,0.00,5,0.0000,16596794.57,2.4248,0.7320,1.6478
2022-05-11,24765306.14,29.32,5,0.0000,16494283.18,2.5014,0.7237,1.5687
2022-05-12,24130642.30,261.98,5,0.0000,16071554.69,2.5015,0.7337,1.5346
2022-05-13,25146028.44,0.00,5,0.0000,16747814.56,2.5015,0.7341,1.5231
2022-05-16,25843268.45,0.00,5,0.0000,17212138.55,2.5015,0.7308,1.5595
2022-05-17,25954809.59,0.00,5,0.0000,17286507.41,2.5014,0.7293,1.6078
2022-05-18,25300065.36,0.00,4,0.0000,16967666.64,2.4911,0.7378,1.6238
2022-05-19,25336265.32,0.00,4,0.0000,16969293.68,2.4931,0.7424,1.6230
2022-05-20,26843833.35,-81.19,4,-0.0000,17878059.47,2.5015,0.7268,1.6218
2022-05-23,27061185.02,0.00,4,0.0000,18022606.98,2.5015,0.7351,1.6223
2022-05-24,26516079.83,0.00,4,0.0000,18024335.17,2.4711,0.7490,1.6349
2022-05-25,27480156.16,0.00,4,0.0000,18301613.84,2.5015,0.7370,1.6227
2022-05-26,28778335.28,-47.20,4,-0.0000,19166434.52,2.5015,0.7300,1.6245
2022-05-27,29040056.44,-16.35,4,-0.0000,19340690.22,2.5015,0.7295,1.6190
2022-05-30,28292717.68,-16.35,4,-0.0000,19346253.98,2.4624,0.7348,1.6358
2022-05-31,28143828.56,-16.35,4,-0.0000,19348109.10,2.4546,0.7375,1.6391
2022-06-01,28653671.26,-16.35,4,-0.0000,19349964.39,2.4808,0.7385,1.6281
2022-06-02,27617761.78,-16.35,4,-0.0000,19351819.87,2.4271,0.7429,1.6517
2022-06-06,28999111.49,152.26,5,0.0000,19328656.77,2.5003,0.7305,1.6220
2022-06-07,28714872.06,0.00,5,0.0000,19330357.94,2.4855,0.7351,1.6286
2022-06-08,30670901.85,0.00,6,0.0000,20428802.15,2.5014,0.7235,1.5888
2022-06-09,31291725.90,0.00,6,0.0000,20840117.10,2.5015,0.7298,1.5769
2022-06-10,32116558.32,0.00,6,0.0000,21389573.68,2.5015,0.7257,1.5619
2022-06-13,31914115.15,0.00,6,0.0000,21395726.85,2.4916,0.7361,1.5660
2022-06-14,33008299.09,0.00,6,0.0000,21983412.91,2.5015,0.7230,1.5463
2022-06-15,32116059.09,0.00,6,0.0000,21985520.91,2.4608,0.7281,1.5603
2022-06-16,30383434.89,0.00,6,0.0000,21987629.11,2.3818,0.7383,1.5939
2022-06-17,30426942.49,0.00,6,0.0000,21989737.51,2.3837,0.7455,1.5934
2022-06-20,27909378.68,0.00,6,0.0000,21996063.32,2.2688,0.7598,1.6465
2022-06-21,28439309.47,0.00,6,0.0000,21998172.53,2.2928,0.7591,1.6345
2022-06-22,27616012.05,0.00,6,0.0000,22000281.95,2.2553,0.7683,1.6552
2022-06-23,28454830.44,0.00,6,0.0000,21462841.56,2.3258,0.7660,1.6158
2022-06-24,28108447.35,0.00,6,0.0000,21464899.65,2.3095,0.7715,1.6228
2022-06-27,29570858.52,0.00,6,0.0000,21471074.48,2.3772,0.7682,1.5914
2022-06-28,30781313.65,0.00,6,0.0000,21473133.35,2.4335,0.7568,1.5672
2022-06-29,30727964.58,0.00,6,0.0000,21475192.42,2.4309,0.7610,1.5681
2022-06-30,30480899.32,0.00,6,0.0000,21356411.68,2.4272,0.7603,1.5730
2022-07-01,31397285.44,0.00,6,0.0000,21358459.56,2.4700,0.7583,1.5558
2022-07-04,31564045.23,0.00,6,0.0000,21364603.77,2.4774,0.7633,1.5533
2022-07-05,33389203.82,0.00,6,0.0000,22237156.18,2.5015,0.7505,1.5237
2022-07-06,30769027.49,0.00,6,0.0000,22239288.51,2.3835,0.7642,1.5711
2022-07-07,31150744.96,0.00,6,0.0000,22241421.04,2.4006,0.7703,1.5646
2022-07-08,30336419.22,0.00,6,0.0000,20766383.78,2.4608,0.7225,1.5319
2022-07-11,29547738.72,251.29,4,0.0000,19679288.56,2.5015,0.7269,1.5473
2022-07-12,30359409.87,-47.04,4,-0.0000,20219455.08,2.5015,0.7338,1.5106
2022-07-13,29885535.02,-47.04,4,-0.0000,20221393.94,2.4779,0.7308,1.5198
2022-07-14,29665334.98,-47.04,4,-0.0000,20223332.97,2.4669,0.7421,1.5268
2022-07-15,28321971.76,-47.04,4,-0.0000,20225272.20,2.4003,0.7433,1.5526
2022-07-18,29976582.53,-47.04,4,-0.0000,20231090.43,2.4817,0.7377,1.5193
2022-07-19,29666914.56,-47.04,4,-0.0000,20233030.39,2.4663,0.7325,1.5238
2022-07-20,29780429.41,-47.04,4,-0.0000,20234970.55,2.4717,0.7326,1.5213
2022-07-21,28063390.07,-47.04,4,-0.0000,20236910.89,2.3867,0.7354,1.5536
2022-07-22,27704345.54,-47.04,4,-0.0000,20238851.41,2.3689,0.7354,1.5611
2022-07-25,27986107.41,-47.04,4,-0.0000,20244673.55,2.3824,0.7417,1.5554
2022-07-26,28770703.14,-47.04,4,-0.0000,20246614.82,2.4210,0.7412,1.5400
2022-07-27,28614746.68,-47.04,4,-0.0000,20248556.27,2.4132,0.7422,1.5433
2022-07-28,28925362.04,-47.04,4,-0.0000,20250497.92,2.4284,0.7365,1.5381
2022-07-29,28365910.21,-47.04,4,-0.0000,20252439.75,2.4006,0.7372,1.5490
2022-08-01,28762131.17,-47.04,4,-0.0000,20258265.79,2.4198,0.7437,1.5432
2022-08-02,27649506.59,-47.04,4,-0.0000,20260208.36,2.3647,0.7586,1.5678
2022-08-03,27574573.99,99.04,4,0.0000,18362461.05,2.5017,0.7655,1.6204
2022-08-04,27327791.20,0.00,4,0.0000,18364122.80,2.4881,0.7620,1.6262
2022-08-05,26898042.26,0.00,4,0.0000,18365883.74,2.4646,0.7546,1.6359
2022-08-08,28652650.68,0.00,4,0.0000,19082519.32,2.5015,0.7599,1.6204
2022-08-09,29450458.59,-23.18,5,-0.0000,19614044.22,2.5015,0.7572,1.6034
2022-08-10,28982480.79,-23.18,5,-0.0000,19615925.02,2.4775,0.7558,1.6116
2022-08-11,29200797.81,-23.18,5,-0.0000,19617806.00,2.4885,0.7506,1.6068
2022-08-12,30508422.79,0.00,5,0.0000,20318514.21,2.5015,0.7499,1.5818
2022-08-15,31014461.32,0.00,5,0.0000,20655529.68,2.5015,0.7427,1.5827
2022-08-16,31423159.93,0.00,5,0.0000,20927760.07,2.5015,0.7299,1.5844
2022-08-17,31660296.00,0.00,5,0.0000,21085724.00,2.5015,0.7230,1.5851
2022-08-18,31482887.08,0.00,5,0.0000,21087745.92,2.4929,0.7142,1.5877
2022-08-19,33654392.34,0.00,5,0.0000,22413842.66,2.5015,0.6854,1.5896
2022-08-22,34539765.39,0.00,5,0.0000,23003388.61,2.5015,0.6852,1.5918
2022-08-23,35590607.84,0.00,5,0.0000,23703339.16,2.5015,0.6841,1.5734
2022-08-24,34658233.92,0.00,5,0.0000,23705612.08,2.4620,0.7002,1.5908
2022-08-25,37018872.64,0.00,5,0.0000,24654624.36,2.5015,0.6976,1.5527
2022-08-26,35530627.50,0.00,5,0.0000,24656988.50,2.4410,0.6972,1.5767
2022-08-29,36132828.40,0.00,5,0.0000,24664081.60,2.4650,0.6992,1.5666
2022-08-30,32973846.42,0.00,4,0.0000,23434524.58,2.4071,0.7281,1.6239
2022-08-31,31928139.27,0.00,4,0.0000,23436771.73,2.3623,0.7540,1.6434
2022-09-01,33593458.91,0.00,4,0.0000,23439019.09,2.4332,0.7658,1.6122
2022-09-02,32729424.33,0.00,4,0.0000,23441266.67,2.3962,0.7726,1.6284
2022-09-05,35057033.95,0.00,4,0.0000,23448010.05,2.4951,0.7656,1.5866
2022-09-06,35990153.41,0.00,4,0.0000,23969467.59,2.5015,0.7607,1.5715
2022-09-07,36334455.00,0.00,4,0.0000,24198757.00,2.5015,0.7520,1.5664
2022-09-08,35642463.57,0.00,4,0.0000,24201077.43,2.4728,0.7598,1.5775
2022-09-09,36775360.06,0.00,5,0.0000,24493324.94,2.5014,0.7447,1.5595
2022-09-13,35751583.36,0.00,5,0.0000,24502719.64,2.4591,0.7492,1.5753
2022-09-14,35163102.78,0.00,5,0.0000,24505069.22,2.4349,0.7574,1.5848
2022-09-15,34952999.98,0.00,5,0.0000,24507419.02,2.4262,0.7601,1.5877
2022-09-16,32207697.96,0.00,5,0.0000,24509769.04,2.3141,0.7685,1.6390
2022-09-19,32784110.82,243.17,5,0.0000,21835591.35,2.5014,0.6654,1.5274
2022-09-20,32807392.00,0.00,5,0.0000,21850455.00,2.5015,0.6156,1.4786
2022-09-21,32941953.49,0.00,5,0.0000,21940000.51,2.5015,0.5631,1.4263
2022-09-22,33964278.18,0.00,5,0.0000,22621024.82,2.5014,0.5157,1.3832
2022-09-23,33219541.04,0.00,5,0.0000,22623193.96,2.4684,0.5126,1.3875
2022-09-26,31475923.90,83.75,5,0.0000,20965498.85,2.5013,0.4995,1.4773
2022-09-27,31373951.13,3.00,4,0.0000,20896546.88,2.5014,0.5488,1.5278
2022-09-28,30995587.15,5.19,4,0.0000,20644527.04,2.5014,0.6037,1.4797
2022-09-29,31184989.41,0.00,5,0.0000,20768278.59,2.5016,0.5948,1.4288
2022-09-30,31627038.94,0.00,5,0.0000,21064348.06,2.5014,0.6051,1.4298
2022-10-10,31920936.90,-2.01,5,-0.0000,21260124.10,2.5014,0.5987,1.4734
2022-10-11,31615706.31,-49.89,6,-0.0000,21068284.80,2.5006,0.6045,1.5273
2022-10-12,31742704.60,0.00,6,0.0000,21141310.40,2.5015,0.6021,1.5266
2022-10-13,31315087.72,10.98,5,0.0000,20856934.26,2.5014,0.6103,1.5361
2022-10-14,31661494.83,0.00,5,0.0000,21086524.17,2.5015,0.6036,1.5276
2022-10-17,31398323.84,0.00,5,0.0000,21092590.16,2.4886,0.6074,1.5303
2022-10-18,31481968.26,0.00,5,0.0000,21094612.74,2.4924,0.6058,1.5325
2022-10-19,30987693.49,0.00,5,0.0000,21096635.51,2.4688,0.6141,1.5436
2022-10-20,30740433.53,0.00,5,0.0000,21098658.47,2.4570,0.6190,1.5458
2022-10-21,30611261.37,0.00,5,0.0000,21100681.63,2.4507,0.6216,1.5493
2022-10-24,30136385.31,0.00,5,0.0000,21106751.69,2.4278,0.6273,1.5582
2022-10-25,29952804.37,0.00,5,0.0000,21108775.63,2.4190,0.6311,1.5655
2022-10-26,29854137.05,0.00,4,0.0000,20841785.95,2.4324,0.6263,1.5702
2022-10-27,30011738.53,9257859.54,3,0.3085,19992647.02,2.5011,0.6175,1.3577
2022-10-28,29604877.76,7501313.68,3,0.2534,19716956.92,2.5015,0.6274,1.4126
2022-10-31,29056971.41,13670425.19,2,0.4705,19369993.79,2.5001,0.6349,1.1962
2022-11-01,29469995.01,13670425.19,2,0.4639,19371851.18,2.5213,0.6302,1.1935
2022-11-02,29628439.43,13670425.19,2,0.4614,19373708.76,2.5293,0.6283,1.1925
2022-11-03,29556872.68,13670425.19,2,0.4625,19375566.51,2.5255,0.6270,1.1930
2022-11-04,30265931.75,13670425.19,2,0.4517,19377424.44,2.5619,0.6205,1.1886
2022-11-07,30273828.63,12153974.40,3,0.4015,19382998.77,2.5619,0.6176,1.2388
2022-11-08,30164152.11,10645808.52,3,0.3529,19384857.41,2.5561,0.6226,1.2897
2022-11-09,30000436.43,9146987.67,3,0.3049,19386716.24,2.5475,0.6274,1.3413
2022-11-10,29851376.45,4673896.68,5,0.1566,19388575.24,2.5396,0.6291,1.3927
2022-11-11,30671789.50,75466.91,5,0.0025,19390434.41,2.5818,0.6190,1.4326
2022-11-14,30429076.57,0.00,5,0.0000,20264816.43,2.5016,0.6267,1.4693
2022-11-15,30600868.99,0.00,5,0.0000,20379262.01,2.5016,0.6245,1.4681
2022-11-16,30366501.82,0.00,5,0.0000,20381216.18,2.4899,0.6266,1.4730
2022-11-17,29896971.46,0.00,5,0.0000,20383170.54,2.4667,0.6379,1.4799
2022-11-18,29637693.90,0.00,5,0.0000,20385125.10,2.4539,0.6392,1.4852
2022-11-21,29378240.69,0.00,5,0.0000,20390989.31,2.4407,0.6449,1.4917
2022-11-22,29845508.39,0.00,5,0.0000,20392944.61,2.4635,0.6431,1.4866
2022-11-23,30012972.98,168.73,5,0.0000,19986177.75,2.5017,0.6437,1.4937
2022-11-24,29943115.60,215.47,6,0.0000,19942828.87,2.5014,0.6438,1.4955
2022-11-25,30507138.27,0.00,6,0.0000,20317308.73,2.5015,0.6414,1.4854
2022-11-28,30158860.57,0.00,6,0.0000,20323153.43,2.4840,0.6488,1.4902
2022-11-29,31014366.48,0.00,6,0.0000,20655098.52,2.5015,0.6363,1.4721
2022-11-30,31471422.56,0.00,6,0.0000,20959704.44,2.5015,0.6218,1.4647
2022-12-01,31363281.73,0.00,6,0.0000,20961714.27,2.4962,0.6226,1.4662
2022-12-02,31178294.70,0.00,6,0.0000,20963724.30,2.4872,0.6236,1.4680
2022-12-05,32360634.76,0.00,7,0.0000,21563322.24,2.5007,0.6085,1.4419
2022-12-06,32122298.04,0.00,7,0.0000,21565389.96,2.4895,0.6143,1.4450
2022-12-07,31752665.13,0.00,7,0.0000,21567457.87,2.4722,0.6202,1.4487
2022-12-08,31838294.01,0.00,7,0.0000,21569525.99,2.4761,0.6224,1.4453
2022-12-09,31669695.70,0.00,7,0.0000,21571594.30,2.4681,0.6231,1.4495
2022-12-12,30958888.18,0.00,7,0.0000,21577799.82,2.4348,0.6321,1.4609
2022-12-13,31359770.07,0.00,7,0.0000,21579868.93,2.4532,0.6266,1.4545
2022-12-14,31263506.77,0.00,7,0.0000,21581938.23,2.4486,0.6299,1.4548
2022-12-15,30721084.27,0.00,7,0.0000,21584007.73,2.4233,0.6356,1.4677
2022-12-16,30920632.57,0.00,7,0.0000,21586077.43,2.4324,0.6395,1.4648
2022-12-19,29931066.87,278.64,9,0.0000,19911218.77,2.5032,0.6510,1.3721
2022-12-20,29604706.23,0.00,8,0.0000,19912170.77,2.4868,0.6526,1.3807
2022-12-21,29597973.84,0.00,8,0.0000,19914080.16,2.4863,0.6527,1.3805
2022-12-22,29082287.27,0.00,8,0.0000,19915989.73,2.4602,0.6686,1.3868
2022-12-23,28965138.52,0.00,8,0.0000,19917899.48,2.4542,0.6698,1.3894
2022-12-26,28923944.71,0.00,8,0.0000,19923629.29,2.4517,0.6665,1.3895
2022-12-27,29601687.23,0.00,8,0.0000,19925539.77,2.4856,0.6596,1.3763
2022-12-28,29755068.17,131.65,7,0.0000,19817384.48,2.5015,0.6618,1.3802
2022-12-29,29294744.32,6.02,6,0.0000,19511686.70,2.5014,0.6665,1.4456
2022-12-30,29480506.14,0.00,6,0.0000,19633812.86,2.5015,0.6666,1.4434
2023-01-03,29511034.23,0.00,6,0.0000,19654328.77,2.5015,0.6659,1.4449
2023-01-04,29571787.79,0.00,5,0.0000,19695177.21,2.5015,0.6729,1.4724
2023-01-05,29917578.16,0.00,5,0.0000,19925060.84,2.5015,0.6665,1.4742
2023-01-06,29827109.02,122.71,6,0.0000,19861118.70,2.5018,0.6685,1.4789
2023-01-09,30066231.32,0.00,6,0.0000,20023854.68,2.5015,0.6632,1.4736
2023-01-10,30027863.23,0.00,6,0.0000,20025774.77,2.4995,0.6613,1.4759
2023-01-11,30612282.36,0.00,6,0.0000,20387650.64,2.5015,0.6541,1.4677
2023-01-12,30501975.38,0.00,6,0.0000,20389605.62,2.4960,0.6565,1.4690
2023-01-13,30667536.88,0.00,6,0.0000,20424356.12,2.5015,0.6583,1.4640
2023-01-16,30456306.38,0.00,6,0.0000,20430231.62,2.4907,0.6588,1.4668
2023-01-17,30595545.32,0.00,6,0.0000,20432190.68,2.4974,0.6585,1.4653
2023-01-18,30852486.63,0.00,6,0.0000,20547481.37,2.5015,0.6544,1.4648
2023-01-19,31021317.17,0.00,6,0.0000,20659963.83,2.5015,0.6522,1.4616
2023-01-20,31477063.91,0.00,6,0.0000,20963463.09,2.5015,0.6414,1.4636
2023-01-30,31350138.96,0.00,6,0.0000,20983565.04,2.4940,0.6453,1.4651
2023-01-31,31152132.84,0.00,6,0.0000,20985577.16,2.4845,0.6454,1.4667
2023-02-01,31414825.52,0.00,6,0.0000,20987589.48,2.4968,0.6414,1.4610
2023-02-02,31345554.02,0.00,6,0.0000,20989601.98,2.4934,0.6415,1.4625
2023-02-03,31164291.31,0.00,6,0.0000,20991614.69,2.4846,0.6439,1.4653
2023-02-06,31148067.63,0.00,6,0.0000,20997653.37,2.4834,0.6442,1.4653
2023-02-07,31209798.16,0.00,6,0.0000,20999666.84,2.4862,0.6442,1.4633
2023-02-08,31298230.49,0.00,6,0.0000,21001680.51,2.4903,0.6451,1.4616
2023-02-09,31434269.63,0.00,6,0.0000,21003694.37,2.4966,0.6436,1.4605
2023-02-10,31482308.58,0.00,6,0.0000,21005708.42,2.4988,0.6452,1.4595
2023-02-13,31368427.84,0.00,6,0.0000,21011751.16,2.4929,0.6449,1.4573
2023-02-14,31289002.01,0.00,6,0.0000,21013765.99,2.4890,0.6453,1.4587
2023-02-15,31122865.00,0.00,6,0.0000,21015781.00,2.4809,0.6474,1.4617
2023-02-16,30538006.78,0.00,6,0.0000,21017796.22,2.4530,0.6584,1.4731
2023-02-17,30543924.38,0.00,6,0.0000,21019811.62,2.4531,0.6583,1.4721
2023-02-20,31744304.88,0.00,6,0.0000,21141612.12,2.5015,0.6425,1.4529
2023-02-21,32091218.44,0.00,6,0.0000,21372695.56,2.5015,0.6330,1.4548
2023-02-22,32276523.70,0.00,6,0.0000,21495978.30,2.5015,0.6268,1.4572
2023-02-23,32458530.41,0.00,6,0.0000,21618006.59,2.5015,0.6233,1.5096
2023-02-24,32120750.52,0.00,5,0.0000,21526801.48,2.4921,0.6298,1.5163
2023-02-27,31769806.88,0.00,5,0.0000,21532994.12,2.4754,0.6342,1.5232
2023-02-28,31773155.07,0.00,5,0.0000,21535058.93,2.4754,0.6393,1.5224
2023-03-01,32054557.06,0.00,5,0.0000,21537123.94,2.4883,0.6363,1.5177
2023-03-02,32496127.56,0.00,5,0.0000,21642248.44,2.5015,0.6315,1.5133
2023-03-03,32822126.67,0.00,5,0.0000,21859446.33,2.5015,0.6315,1.5142
2023-03-06,32494618.34,0.00,5,0.0000,21865734.66,2.4861,0.6392,1.5218
2023-03-07,32835088.62,0.00,5,0.0000,21868137.38,2.5015,0.6389,1.5159
2023-03-08,32863798.51,0.00,5,0.0000,21886997.49,2.5015,0.6421,1.5157
2023-03-09,32671981.75,0.00,5,0.0000,21889096.25,2.4926,0.6421,1.5195
2023-03-10,31815599.80,0.00,5,0.0000,21891195.20,2.4534,0.6502,1.5362
2023-03-13,32362990.33,0.00,5,0.0000,21897492.67,2.4779,0.6469,1.5263
2023-03-14,31942325.57,0.00,5,0.0000,21899592.43,2.4586,0.6567,1.5331
2023-03-15,32200186.61,0.00,5,0.0000,21901692.39,2.4702,0.6566,1.5270
2023-03-16,31780963.45,0.00,5,0.0000,21903792.55,2.4509,0.6653,1.5345
2023-03-17,32163274.09,0.00,5,0.0000,21905892.91,2.4682,0.6612,1.5278
2023-03-20,32674987.39,0.00,5,0.0000,21912194.61,2.4912,0.6572,1.5198
2023-03-21,32218395.22,0.00,5,0.0000,21914295.78,2.4702,0.6562,1.5283
2023-03-22,32593482.85,0.00,5,0.0000,21916397.15,2.4872,0.6550,1.5198
2023-03-23,32862006.28,0.00,5,0.0000,21918498.72,2.4993,0.6522,1.5156
2023-03-24,32331511.50,0.00,5,0.0000,21920600.50,2.4749,0.6552,1.5270
2023-03-27,32221196.58,0.00,5,0.0000,21926906.42,2.4695,0.6549,1.5269
2023-03-28,32321743.00,0.00,5,0.0000,21929009.00,2.4739,0.6554,1.5223
2023-03-29,32179870.22,0.00,5,0.0000,21931111.78,2.4673,0.6583,1.5236
2023-03-30,32581933.23,0.00,5,0.0000,21933214.77,2.4855,0.6527,1.5179
2023-03-31,32636920.05,0.00,5,0.0000,21935317.95,2.4879,0.6491,1.5146
2023-04-03,32487105.89,0.00,5,0.0000,21941628.11,2.4806,0.6508,1.5168
2023-04-04,32606099.90,0.00,5,0.0000,21943732.10,2.4859,0.6573,1.5136
2023-04-06,32556943.51,0.00,5,0.0000,21947940.49,2.4834,0.6622,1.5149
2023-04-07,32471681.91,0.00,5,0.0000,21950045.09,2.4793,0.6613,1.5172
2023-04-10,32473850.52,0.00,5,0.0000,21956359.48,2.4790,0.6613,1.5184
2023-04-11,32659623.11,0.00,5,0.0000,21958464.89,2.4873,0.6601,1.5140
2023-04-12,33033312.11,0.00,6,0.0000,22000483.89,2.5015,0.6601,1.5088
2023-04-13,33144806.60,0.00,6,0.0000,22074155.40,2.5015,0.6629,1.5089
2023-04-14,33170878.75,0.00,6,0.0000,22091765.25,2.5015,0.6624,1.5085
2023-04-17,34585731.12,0.00,7,0.0000,23047832.88,2.5006,0.6557,1.4860
2023-04-18,34845720.92,0.00,7,0.0000,23207266.08,2.5015,0.6555,1.4801
2023-04-19,35205783.47,0.00,7,0.0000,23446766.53,2.5015,0.6512,1.4768
2023-04-20,35071726.15,0.00,7,0.0000,23449014.85,2.4957,0.6525,1.4780
2023-04-21,34364966.61,0.00,7,0.0000,23451263.39,2.4654,0.6623,1.4912
2023-04-24,34225586.36,0.00,7,0.0000,23458009.64,2.4590,0.6674,1.4936
2023-04-25,34685666.96,0.00,7,0.0000,23460259.04,2.4785,0.6729,1.4863
2023-04-26,34112681.35,0.00,7,0.0000,23462508.65,2.4539,0.6745,1.4948
2023-04-27,33844100.52,0.00,7,0.0000,23464758.48,2.4423,0.6823,1.4987
2023-04-28,34814910.47,0.00,7,0.0000,23467008.53,2.4836,0.6633,1.4825
2023-05-04,37355006.21,0.00,8,0.0000,24878506.79,2.5015,0.6570,1.4772
2023-05-05,37974575.57,0.00,8,0.0000,25290852.43,2.5015,0.6583,1.4784
2023-05-08,40130423.07,0.00,8,0.0000,26726934.93,2.5015,0.6529,1.4793
2023-05-09,39440162.21,0.00,8,0.0000,26729497.79,2.4755,0.6528,1.4911
2023-05-10,37771366.11,0.00,8,0.0000,26732060.89,2.4130,0.6509,1.5179
2023-05-11,37961688.76,0.00,8,0.0000,26734624.24,2.4199,0.6454,1.5171
2023-05-12,37170793.17,0.00,8,0.0000,26737187.83,2.3902,0.6502,1.5310
2023-05-15,37906670.65,0.00,8,0.0000,26744879.35,2.4173,0.6453,1.5186
2023-05-16,37852283.07,0.00,8,0.0000,26747443.93,2.4152,0.6451,1.5193
2023-05-17,37477038.25,0.00,8,0.0000,26750008.75,2.4010,0.6460,1.5259
2023-05-18,37900586.18,0.00,8,0.0000,26752573.82,2.4167,0.6486,1.5178
2023-05-19,36957395.86,0.00,8,0.0000,26754992.14,2.3813,0.6529,1.5336
2023-05-22,36982798.22,0.00,8,0.0000,26762688.78,2.3819,0.6524,1.5340
2023-05-23,36563996.94,0.00,8,0.0000,26765255.06,2.3661,0.6508,1.5435
2023-05-24,35637506.41,0.00,8,0.0000,26767821.59,2.3314,0.6514,1.5616
2023-05-25,35959637.63,0.00,8,0.0000,26770388.37,2.3433,0.6514,1.5567
2023-05-26,36528412.60,0.00,8,0.0000,26772955.40,2.3644,0.6594,1.5471
2023-05-29,37527974.80,0.00,8,0.0000,26780657.20,2.4013,0.6584,1.5322
2023-05-30,36794114.79,0.00,8,0.0000,26783225.21,2.3738,0.6625,1.5443
2023-05-31,36320424.53,0.00,8,0.0000,25952143.47,2.3995,0.6677,1.5297
2023-06-01,35795909.43,0.00,7,0.0000,24666001.57,2.4512,0.6740,1.5382
2023-06-02,36289824.19,0.00,7,0.0000,24668366.81,2.4711,0.6637,1.5303
2023-06-05,37077005.64,0.00,7,0.0000,24693185.36,2.5015,0.6563,1.5170
2023-06-06,36507392.80,0.00,7,0.0000,24695553.20,2.4783,0.6711,1.5261
2023-06-07,36759941.73,0.00,7,0.0000,24697921.27,2.4884,0.6710,1.5219
2023-06-08,37618605.60,0.00,7,0.0000,25053877.40,2.5015,0.6689,1.5166
2023-06-09,37663444.91,0.00,7,0.0000,25083580.09,2.5015,0.6659,1.5159
2023-06-12,36886528.08,0.00,7,0.0000,25090795.92,2.4701,0.6620,1.5268
2023-06-13,36851611.14,-101.71,7,-0.0000,24544016.16,2.5014,0.6671,1.4768
2023-06-14,36022416.60,-101.71,7,-0.0000,24546369.69,2.4675,0.6687,1.4898
2023-06-15,36338787.11,39.30,7,0.0000,24202481.18,2.5014,0.6685,1.4338
2023-06-16,36066647.82,162.52,8,0.0000,24019805.70,2.5015,0.6690,1.3858
2023-06-19,35540935.02,0.00,8,0.0000,24026552.98,2.4792,0.6672,1.3947
2023-06-20,35280420.10,0.00,8,0.0000,24028856.90,2.4683,0.6710,1.4006
2023-06-21,35342386.96,0.00,8,0.0000,24031161.04,2.4707,0.6733,1.3995
2023-06-26,34574494.17,0.00,8,0.0000,24042682.83,2.4380,0.6775,1.4119
2023-06-27,35636004.68,0.00,7,0.0000,24040158.32,2.4824,0.6701,1.3945
2023-06-28,35954511.96,247.38,7,0.0000,23945713.42,2.5015,0.6630,1.3838
2023-06-29,35621992.80,0.00,7,0.0000,23947762.20,2.4875,0.6669,1.3890
2023-06-30,36047523.32,0.00,7,0.0000,24007537.68,2.5015,0.6670,1.3821
2023-07-03,36874731.39,0.00,7,0.0000,24558502.61,2.5015,0.6622,1.3665
2023-07-04,36562371.46,0.00,7,0.0000,24560857.54,2.4886,0.6588,1.3697
2023-07-05,36576377.31,0.00,7,0.0000,24367117.69,2.5011,0.6563,1.3696
2023-07-06,36300447.74,0.00,7,0.0000,24369454.26,2.4896,0.6567,1.3740
2023-07-07,36437762.94,0.00,7,0.0000,24371791.06,2.4951,0.6542,1.3725
2023-07-10,36743920.80,0.00,7,0.0000,24471135.20,2.5015,0.6521,1.3699
2023-07-11,36703057.25,0.00,7,0.0000,24473481.75,2.4997,0.6551,1.3699
2023-07-12,36726600.37,113.57,7,0.0000,24460031.20,2.5015,0.6207,1.3373
2023-07-13,37435437.45,0.00,7,0.0000,24931796.55,2.5015,0.6144,1.3397
2023-07-14,37855868.74,0.00,7,0.0000,25211760.26,2.5015,0.6111,1.3461
2023-07-17,37325317.05,0.00,7,0.0000,25219012.95,2.4800,0.6162,1.3510
2023-07-18,37268322.54,0.00,7,0.0000,25030161.46,2.4889,0.6181,1.3521
2023-07-19,37604916.28,0.00,7,0.0000,25044074.72,2.5015,0.6166,1.3468
2023-07-20,37486506.79,0.00,7,0.0000,25046476.21,2.4967,0.6149,1.3501
2023-07-21,37186543.07,0.00,7,0.0000,25048877.93,2.4846,0.6187,1.3540
2023-07-24,37137316.23,0.00,7,0.0000,25056083.77,2.4822,0.6162,1.3534
2023-07-25,37877516.21,0.00,7,0.0000,25226231.79,2.5015,0.6129,1.3412
2023-07-26,37978875.23,0.00,7,0.0000,25293702.77,2.5015,0.6135,1.3425
2023-07-27,38259592.64,0.00,8,0.0000,25480459.36,2.5015,0.6155,1.3384
2023-07-28,39126977.00,0.00,8,0.0000,26058482.00,2.5015,0.6124,1.3368
2023-07-31,39411491.83,0.00,8,0.0000,26247869.17,2.5015,0.6122,1.3326
2023-08-01,39528974.59,0.00,8,0.0000,26325994.41,2.5015,0.6083,1.3316
2023-08-02,38384463.18,0.00,8,0.0000,26328518.82,2.4579,0.6160,1.3462
2023-08-03,38546681.53,0.00,8,0.0000,26331043.47,2.4639,0.6141,1.3445
2023-08-04,38615273.64,0.00,8,0.0000,26333568.36,2.4664,0.6127,1.3425
2023-08-07,38239287.78,88.84,9,0.0000,25472931.06,2.5012,0.6161,1.3238
2023-08-08,37914354.17,0.00,9,0.0000,25475284.83,2.4883,0.6186,1.3282
2023-08-09,37671475.33,0.00,9,0.0000,25477727.67,2.4786,0.6185,1.3311
2023-08-10,38193291.26,0.00,9,0.0000,25480170.74,2.4989,0.6177,1.3242
2023-08-11,36982823.78,26.72,10,0.0000,24631385.93,2.5015,0.6239,1.3430
2023-08-14,36529942.61,16.49,9,0.0000,24329797.88,2.5014,0.6307,1.3494
2023-08-15,37277896.20,0.00,9,0.0000,24826822.80,2.5015,0.6239,1.3412
2023-08-16,36979803.55,0.00,9,0.0000,24829203.45,2.4894,0.6278,1.3470
2023-08-17,36595100.67,0.00,9,0.0000,24831584.33,2.4737,0.6265,1.3504
2023-08-18,36561298.56,0.00,9,0.0000,24833965.44,2.4722,0.6316,1.3524
2023-08-21,35781949.54,0.00,9,0.0000,24841109.46,2.4404,0.6326,1.3631
2023-08-22,36559307.51,0.00,9,0.0000,24843491.49,2.4716,0.6305,1.3485
2023-08-23,36619927.26,0.00,9,0.0000,24845873.74,2.4739,0.6306,1.3483
2023-08-24,36447883.17,-82.51,9,-0.0000,24282219.33,2.5010,0.6313,1.3575
2023-08-25,36493391.05,-345.57,9,-0.0000,24312689.39,2.5010,0.6339,1.4069
2023-08-28,37333296.42,-99.38,8,-0.0000,24869566.20,2.5012,0.6252,1.4403
2023-08-29,37374945.21,0.00,7,0.0000,24892418.79,2.5015,0.6156,1.4560
2023-08-30,37263074.44,-154.32,7,-0.0000,24818095.24,2.5014,0.6160,1.4560
2023-08-31,37269579.83,0.00,6,0.0000,24828973.17,2.5011,0.6140,1.5049
2023-09-01,38805717.56,0.00,6,0.0000,25844309.44,2.5015,0.6057,1.5090
2023-09-04,39844539.74,0.00,6,0.0000,26536296.26,2.5015,0.6016,1.4926
2023-09-05,39508492.06,0.00,5,0.0000,26534719.94,2.4889,0.6085,1.4962
2023-09-06,39697836.64,0.00,5,0.0000,26537264.36,2.4959,0.6060,1.4933
2023-09-07,39602215.97,0.00,5,0.0000,26539809.03,2.4922,0.6101,1.4939
2023-09-08,38847536.06,0.00,5,0.0000,26542353.94,2.4636,0.6104,1.5063
2023-09-11,39528130.58,0.00,5,0.0000,26549989.42,2.4888,0.6065,1.4962
2023-09-12,38954990.69,0.00,5,0.0000,26552535.31,2.4671,0.6127,1.5043
2023-09-13,39545780.56,0.00,5,0.0000,26555081.44,2.4892,0.6110,1.4944
2023-09-14,40842943.44,0.00,5,0.0000,27201324.56,2.5015,0.6140,1.4893
2023-09-15,40756690.09,0.00,5,0.0000,27203932.91,2.4982,0.6084,1.4899
2023-09-18,40613465.31,0.00,5,0.0000,27211758.69,2.4925,0.6054,1.4916
2023-09-19,40843044.96,0.00,5,0.0000,27214368.04,2.5008,0.6007,1.4881
2023-09-20,40731562.36,0.00,5,0.0000,27216977.64,2.4965,0.6010,1.4883
2023-09-21,40685662.52,0.00,5,0.0000,27219587.48,2.4947,0.6000,1.4890
2023-09-22,40061482.42,0.00,5,0.0000,27222197.58,2.4716,0.6010,1.4968
2023-09-25,40284995.37,0.00,5,0.0000,27230028.63,2.4794,0.5981,1.4952
2023-09-26,40438411.28,0.00,5,0.0000,27232639.72,2.4849,0.5954,1.4936
2023-09-27,40368653.93,0.00,5,0.0000,27235251.07,2.4822,0.5969,1.4936
2023-09-28,40499635.33,0.00,5,0.0000,27237862.67,2.4869,0.5949,1.4895
2023-10-09,40856243.98,0.00,5,0.0000,27266593.02,2.4984,0.5923,1.4859
2023-10-10,40342289.37,0.00,5,0.0000,27269207.63,2.4794,0.5955,1.4974
2023-10-11,39585186.52,0.00,5,0.0000,27271822.48,2.4515,0.5923,1.5070
2023-10-12,40373187.41,0.00,5,0.0000,27274437.59,2.4803,0.5864,1.4971
2023-10-13,40454223.06,0.00,5,0.0000,27277052.94,2.4831,0.5861,1.4941
2023-10-16,40516237.72,90.68,6,0.0000,26986176.96,2.5014,0.6031,1.5339
2023-10-17,41041062.14,0.00,7,0.0000,27333357.86,2.5015,0.6079,1.5340
2023-10-18,40858153.69,0.00,7,0.0000,27222077.31,2.5009,0.6088,1.5370
2023-10-19,39895923.99,0.00,6,0.0000,27223985.01,2.4655,0.6203,1.5522
2023-10-20,39531475.22,0.00,5,0.0000,27226108.78,2.4520,0.6256,1.5578
2023-10-23,38399658.05,0.00,5,0.0000,27233940.95,2.4100,0.6238,1.5732
2023-10-24,38792297.58,0.00,5,0.0000,27236552.42,2.4243,0.6300,1.5684
2023-10-25,39641560.85,0.00,5,0.0000,27239164.15,2.4553,0.6170,1.5595
2023-10-26,39742294.88,0.00,5,0.0000,27241776.12,2.4589,0.6214,1.5557
2023-10-27,39477029.65,0.00,5,0.0000,27244388.35,2.4490,0.6269,1.5605
2023-10-30,38404178.23,0.00,5,0.0000,27252225.77,2.4092,0.6392,1.5790
2023-10-31,38869268.00,0.00,5,0.0000,27254839.00,2.4261,0.6330,1.5717
2023-11-01,39061688.52,0.00,5,0.0000,27257452.48,2.4331,0.6276,1.5683
2023-11-02,38930159.79,0.00,5,0.0000,27260066.21,2.4281,0.6264,1.5701
2023-11-03,38388478.81,0.00,5,0.0000,27262680.19,2.4081,0.6353,1.5789
2023-11-06,37290519.12,0.00,5,0.0000,27270522.88,2.3674,0.6520,1.6010
2023-11-07,37732430.14,0.00,5,0.0000,27273137.86,2.3835,0.6420,1.5926
2023-11-08,37242099.91,0.00,5,0.0000,27275753.09,2.3654,0.6427,1.6009
2023-11-09,38048584.43,0.00,5,0.0000,27278368.57,2.3948,0.6390,1.5872
2023-11-10,38271842.69,0.00,5,0.0000,27280984.31,2.4029,0.6377,1.5832
2023-11-13,37895774.74,0.00,5,0.0000,27288832.26,2.3887,0.6416,1.5882
2023-11-14,37855661.00,0.00,5,0.0000,27291449.00,2.3871,0.6375,1.5905
2023-11-15,38666294.01,0.00,5,0.0000,27294065.99,2.4167,0.6349,1.5769
2023-11-16,38967690.77,0.00,5,0.0000,27296683.23,2.4276,0.6351,1.5718
2023-11-17,38537557.28,0.00,5,0.0000,27299300.72,2.4117,0.6389,1.5795
2023-11-20,38994525.06,0.00,5,0.0000,27307153.94,2.4280,0.6319,1.5734
2023-11-21,39087360.57,0.00,5,0.0000,27309772.43,2.4313,0.6350,1.5724
2023-11-22,38957394.82,0.00,5,0.0000,27312391.18,2.4264,0.6339,1.5740
2023-11-23,39249417.82,0.00,5,0.0000,27315010.18,2.4369,0.6328,1.5687
2023-11-24,39295308.58,0.00,5,0.0000,27317629.42,2.4385,0.6307,1.5671
2023-11-27,40122324.08,0.00,5,0.0000,27325487.92,2.4683,0.6416,1.5566
2023-11-28,39966456.83,0.00,5,0.0000,27328108.17,2.4625,0.6450,1.5588
2023-11-29,40171220.32,0.00,5,0.0000,27330728.68,2.4698,0.6499,1.5546
2023-11-30,40858047.57,0.00,5,0.0000,27333349.43,2.4948,0.6460,1.5430
2023-12-01,40470444.56,0.00,5,0.0000,27335970.44,2.4805,0.6531,1.5478
2023-12-04,40576287.79,0.00,5,0.0000,27343834.21,2.4839,0.6558,1.5470
2023-12-05,39844058.78,0.00,5,0.0000,27346456.22,2.4570,0.6606,1.5586
2023-12-06,39571878.52,0.00,5,0.0000,27349078.48,2.4469,0.6652,1.5636
2023-12-07,39351294.00,0.00,5,0.0000,27351701.00,2.4387,0.6652,1.5675
2023-12-08,39605037.43,0.00,4,0.0000,26419146.57,2.4991,0.6651,1.5604
2023-12-11,39976189.52,0.00,5,0.0000,26626788.48,2.5014,0.6625,1.5576
2023-12-12,40515873.42,0.00,5,0.0000,26983525.58,2.5015,0.6515,1.5493
2023-12-13,39728407.96,0.00,5,0.0000,26986113.04,2.4722,0.6603,1.5628
2023-12-14,39776438.25,0.00,5,0.0000,26988700.75,2.4738,0.6586,1.5613
2023-12-15,39349327.29,0.00,5,0.0000,26991288.71,2.4579,0.6602,1.5687
2023-12-18,39528521.68,0.00,5,0.0000,26999053.32,2.4641,0.6545,1.5651
2023-12-19,39442430.73,0.00,5,0.0000,27001642.27,2.4607,0.6536,1.5655
2023-12-20,40236592.53,0.00,5,0.0000,27004231.47,2.4900,0.6483,1.5535
2023-12-21,40103485.08,0.00,5,0.0000,27006820.92,2.4849,0.6482,1.5559
2023-12-22,40913639.23,0.00,5,0.0000,27247236.77,2.5016,0.6425,1.5436
2023-12-25,41245896.55,0.00,5,0.0000,27468102.45,2.5016,0.6408,1.5389
2023-12-26,40934893.62,0.00,5,0.0000,27470736.38,2.4901,0.6448,1.5430
2023-12-27,41225079.44,0.00,5,0.0000,27473370.56,2.5005,0.6385,1.5361
2023-12-28,40975708.01,0.00,5,0.0000,27476004.99,2.4913,0.6344,1.5394
2023-12-29,41002226.33,0.00,5,0.0000,27478639.67,2.4921,0.6296,1.5371
2024-01-02,42116973.04,0.00,5,0.0000,28048610.96,2.5016,0.6314,1.5229
2024-01-03,42690952.03,0.00,7,0.0000,28431602.97,2.5015,0.6293,1.5148
2024-01-04,43356935.30,0.00,7,0.0000,28875674.70,2.5015,0.6255,1.5051
2024-01-05,43255517.40,0.00,7,0.0000,28878443.60,2.4978,0.6232,1.5068
2024-01-08,43083072.90,0.00,7,0.0000,28886751.10,2.4914,0.6236,1.5090
2024-01-09,43126264.94,0.00,7,0.0000,28889521.06,2.4928,0.6246,1.5081
2024-01-10,42689855.71,0.00,7,0.0000,28892291.29,2.4776,0.6263,1.5150
2024-01-11,41841061.22,0.00,7,0.0000,28895061.78,2.4480,0.6300,1.5254
2024-01-12,42881480.46,0.00,7,0.0000,28897832.54,2.4839,0.6278,1.5124
2024-01-15,42929722.38,0.00,7,0.0000,28906145.62,2.4851,0.6262,1.5099
2024-01-16,42661473.56,0.00,7,0.0000,28908917.44,2.4757,0.6280,1.5133
2024-01-17,41784455.47,0.00,7,0.0000,28911689.53,2.4452,0.6339,1.5259
2024-01-18,40924252.12,0.00,7,0.0000,28914461.88,2.4154,0.6370,1.5357
2024-01-19,40210955.50,0.00,7,0.0000,28917234.50,2.3906,0.6398,1.5473
2024-01-22,38618540.84,0.00,7,0.0000,28925553.16,2.3351,0.6455,1.5716
2024-01-23,39287116.16,0.00,7,0.0000,28928326.84,2.3581,0.6433,1.5607
2024-01-24,40554150.21,0.00,7,0.0000,28931100.79,2.4017,0.6330,1.5395
2024-01-25,43214423.99,0.00,7,0.0000,28933875.01,2.4936,0.6238,1.4996
2024-01-26,43992725.72,0.00,7,0.0000,29299184.28,2.5015,0.6148,1.4880
2024-01-29,44395932.35,0.00,6,0.0000,29568056.65,2.5015,0.6161,1.5169
2024-01-30,43237034.06,0.00,6,0.0000,29570891.94,2.4621,0.6230,1.5304
2024-01-31,43159554.49,0.00,6,0.0000,29573727.51,2.4594,0.6191,1.5306
2024-02-01,42269778.65,0.00,6,0.0000,29576563.35,2.4292,0.6240,1.5461
2024-02-02,42183788.54,0.00,6,0.0000,29579399.46,2.4261,0.6193,1.5461
2024-02-05,43065835.40,0.00,6,0.0000,29587908.60,2.4555,0.6066,1.5310
2024-02-06,45138243.42,0.00,6,0.0000,30062098.58,2.5015,0.6132,1.5184
2024-02-07,47101200.35,0.00,6,0.0000,31369478.65,2.5015,0.6324,1.5242
2024-02-08,46043959.32,0.00,6,0.0000,31372486.68,2.4677,0.6363,1.5368
2024-02-19,48460755.33,0.00,6,0.0000,32274757.67,2.5015,0.6255,1.5191
2024-02-20,49035651.78,0.00,6,0.0000,32657633.22,2.5015,0.6182,1.5210
2024-02-21,48964682.22,0.00,6,0.0000,32660764.78,2.4992,0.6114,1.5218
2024-02-22,50472290.81,0.00,6,0.0000,33614492.19,2.5015,0.6186,1.5198
2024-02-23,50791937.50,0.00,6,0.0000,33827357.50,2.5015,0.6184,1.5223
2024-02-26,49426751.35,0.00,6,0.0000,33837088.65,2.4607,0.6263,1.5374
2024-02-27,50113383.69,0.00,6,0.0000,33840333.31,2.4809,0.6241,1.5274
2024-02-28,49354117.73,0.00,6,0.0000,33843578.27,2.4583,0.6314,1.5379
2024-02-29,49981617.46,0.00,6,0.0000,33846823.54,2.4767,0.6300,1.5313
2024-03-01,50720245.87,0.00,6,0.0000,33850069.13,2.4984,0.6268,1.5242
2024-03-04,52402821.73,0.00,6,0.0000,34900333.27,2.5015,0.6240,1.4987
2024-03-05,52946781.66,0.00,6,0.0000,35262513.34,2.5015,0.6158,1.4929
2024-03-06,52668182.32,0.00,6,0.0000,35265894.68,2.4935,0.6191,1.4955
2024-03-07,54007262.77,0.00,8,0.0000,35969487.23,2.5015,0.6118,1.4785
2024-03-08,54891308.37,0.00,8,0.0000,36557605.63,2.5015,0.6016,1.4613
2024-03-11,53233323.80,0.00,8,0.0000,36568122.20,2.4557,0.6086,1.4821
2024-03-12,50433702.26,0.00,8,0.0000,36571628.74,2.3790,0.6209,1.5175
2024-03-13,50912645.39,0.00,8,0.0000,36575135.61,2.3920,0.6192,1.5114
2024-03-14,51479500.19,0.00,8,0.0000,36578642.81,2.4074,0.6168,1.5031
2024-03-15,51237065.65,0.00,8,0.0000,36582150.35,2.4006,0.6179,1.5079
2024-03-18,50372052.02,0.00,8,0.0000,36592673.98,2.3766,0.6104,1.5170
2024-03-19,50040142.13,0.00,8,0.0000,36596182.87,2.3674,0.6114,1.5189
2024-03-20,50305435.91,0.00,8,0.0000,36599692.09,2.3745,0.6093,1.5142
2024-03-21,50819071.35,0.00,8,0.0000,36603201.65,2.3884,0.6002,1.5104
2024-03-22,50322984.45,0.00,8,0.0000,36606711.55,2.3747,0.6031,1.5202
2024-03-25,51612852.75,0.00,8,0.0000,36617242.25,2.4095,0.5950,1.5032
2024-03-26,50937883.51,0.00,8,0.0000,36620753.49,2.3910,0.5920,1.5108
2024-03-27,50328208.93,0.00,8,0.0000,36624265.07,2.3742,0.5996,1.5187
2024-03-28,50454051.02,0.00,8,0.0000,36627776.98,2.3775,0.6052,1.5169
2024-03-29,53037373.76,0.00,8,0.0000,36631289.24,2.4479,0.6015,1.4867
2024-04-01,54861040.93,167.84,7,0.0000,36538171.92,2.5015,0.5985,1.4716
2024-04-02,55052556.82,0.00,7,0.0000,36664739.18,2.5015,0.5930,1.4661
2024-04-03,58683577.42,0.00,7,0.0000,39083125.58,2.5015,0.5757,1.4353
2024-04-08,58730764.81,-0.09,7,-0.0000,39114696.11,2.5015,0.5788,1.4366
2024-04-09,58160491.08,-0.09,7,-0.0000,39118446.83,2.4868,0.5831,1.4418
2024-04-10,60048228.42,0.00,7,0.0000,39992178.58,2.5015,0.5733,1.4281
2024-04-11,61888025.34,0.00,7,0.0000,41217263.66,2.5015,0.5655,1.4157
2024-04-12,62597681.54,0.00,7,0.0000,41690069.46,2.5015,0.5636,1.4133
2024-04-15,66374774.10,-222.93,7,-0.0000,44205782.97,2.5015,0.5670,1.3854
2024-04-16,64902658.19,-222.93,7,-0.0000,44210021.88,2.4681,0.5907,1.4004
2024-04-17,66783749.96,0.00,7,0.0000,44477946.04,2.5015,0.5783,1.3865
2024-04-18,65197664.95,0.00,7,0.0000,44482211.05,2.4657,0.5787,1.3962
2024-04-19,65721460.53,0.00,7,0.0000,44486476.47,2.4773,0.5793,1.3804
2024-04-22,63553260.06,0.00,7,0.0000,44499273.94,2.4282,0.5790,1.4014
2024-04-23,61667272.00,0.00,7,0.0000,44503541.00,2.3857,0.5826,1.4202
2024-04-24,60631106.54,0.00,7,0.0000,44507808.46,2.3623,0.5891,1.4313
2024-04-25,61737878.67,0.00,7,0.0000,44512076.33,2.3870,0.5825,1.4243
2024-04-26,62359975.39,0.00,7,0.0000,44516344.61,2.4008,0.5898,1.4149
2024-04-29,64331807.31,0.00,7,0.0000,44529150.69,2.4447,0.6125,1.4002
2024-04-30,65210001.40,0.00,7,0.0000,44533420.60,2.4643,0.6132,1.3965
2024-05-06,66250293.43,0.00,7,0.0000,44559042.57,2.4868,0.6105,1.3840
2024-05-07,67777821.33,0.00,8,0.0000,45139907.67,2.5015,0.5992,1.3694
2024-05-08,67367440.85,0.00,8,0.0000,45144236.15,2.4923,0.5930,1.3722
2024-05-09,69454620.16,0.00,9,0.0000,46256405.84,2.5015,0.5911,1.3611
2024-05-10,69696426.45,0.00,9,0.0000,46417433.55,2.5015,0.5893,1.3594
2024-05-13,69727869.41,0.00,9,0.0000,46438577.59,2.5015,0.5955,1.3618
2024-05-14,69567971.39,0.00,9,0.0000,46443030.61,2.4979,0.5983,1.3627
2024-05-15,67638148.95,0.00,9,0.0000,46447484.05,2.4562,0.6030,1.3769
2024-05-16,67179450.08,0.00,9,0.0000,45535617.92,2.4753,0.5989,1.3682
2024-05-17,68723321.46,0.00,9,0.0000,45769698.54,2.5015,0.5913,1.3563
2024-05-20,72312987.37,0.00,9,0.0000,48160082.63,2.5015,0.5806,1.3359
2024-05-21,72292476.28,0.00,9,0.0000,48164700.72,2.5009,0.5860,1.3356
2024-05-22,73676719.93,0.00,10,0.0000,49068551.07,2.5015,0.5907,1.3315
2024-05-23,71235977.72,0.00,10,0.0000,49073256.28,2.4516,0.5987,1.3512
2024-05-24,71609780.07,0.00,10,0.0000,49077961.93,2.4591,0.6037,1.3517
2024-05-27,74061781.16,0.00,10,0.0000,49324722.84,2.5015,0.5973,1.3337
2024-05-28,72915890.39,0.00,10,0.0000,49329452.61,2.4781,0.5968,1.3389
2024-05-29,75653097.61,-44.85,10,-0.0000,50385134.54,2.5015,0.5863,1.3072
2024-05-30,72971205.16,-44.85,10,-0.0000,50389966.00,2.4481,0.5878,1.3193
2024-05-31,72994189.24,-44.85,10,-0.0000,50394797.91,2.4484,0.5915,1.3224
2024-06-03,72028085.11,-44.85,10,-0.0000,50409295.04,2.4289,0.5929,1.3258
2024-06-04,73024306.94,0.00,9,0.0000,50413390.06,2.4485,0.5876,1.3192
2024-06-05,71344366.78,0.00,9,0.0000,50418224.22,2.4151,0.5898,1.3326
2024-06-06,73417500.15,0.00,9,0.0000,50423058.85,2.4560,0.5868,1.3224
2024-06-07,73654685.07,0.00,9,0.0000,50427893.93,2.4606,0.5813,1.3192
2024-06-11,71875544.86,0.00,9,0.0000,50447236.14,2.4248,0.5883,1.3269
2024-06-12,73408864.45,0.00,9,0.0000,50452073.55,2.4550,0.5820,1.3122
2024-06-13,71943938.58,0.00,9,0.0000,50456911.42,2.4258,0.5883,1.3210
2024-06-14,70586527.15,0.00,9,0.0000,50461584.85,2.3988,0.5974,1.3331
2024-06-17,68495055.80,0.00,9,0.0000,50476101.20,2.3570,0.5971,1.3458
2024-06-18,69109080.63,0.00,9,0.0000,50480941.37,2.3690,0.5932,1.3415
2024-06-19,69443187.99,0.00,9,0.0000,50485782.01,2.3755,0.5903,1.3413
2024-06-20,69875681.89,0.00,9,0.0000,50490623.11,2.3839,0.5905,1.3401
2024-06-21,70934992.32,0.00,9,0.0000,50495464.68,2.4048,0.5841,1.3215
2024-06-24,69506411.23,0.00,9,0.0000,50509990.77,2.3761,0.5868,1.3359
2024-06-25,69177543.81,0.00,9,0.0000,50514834.19,2.3695,0.5874,1.3408
2024-06-26,69224426.92,0.00,9,0.0000,50519678.08,2.3702,0.5856,1.3343
2024-06-27,68120393.57,0.00,9,0.0000,50524522.43,2.3483,0.5862,1.3391
2024-06-28,68973523.75,0.00,9,0.0000,50429427.25,2.3677,0.5806,1.3291
2024-07-01,72710039.65,0.00,9,0.0000,50443934.35,2.4414,0.5852,1.3109
2024-07-02,72364874.56,0.00,9,0.0000,50448771.44,2.4344,0.5835,1.3131
2024-07-03,70573525.01,0.00,9,0.0000,50453608.99,2.3988,0.5814,1.3251
2024-07-04,70701282.99,0.00,9,0.0000,50458447.01,2.4012,0.5831,1.3285
2024-07-05,70715693.51,0.00,9,0.0000,50463285.49,2.4013,0.5776,1.3265
2024-07-08,71196998.68,0.00,9,0.0000,50477802.32,2.4105,0.5779,1.3301
2024-07-09,72487942.34,0.00,9,0.0000,50482642.66,2.4359,0.5839,1.3289
2024-07-10,68286409.04,0.00,9,0.0000,49058920.96,2.3919,0.5862,1.3345
2024-07-11,70050933.76,0.00,9,0.0000,49063625.24,2.4278,0.5830,1.3207
2024-07-12,68298489.81,0.00,9,0.0000,48941954.19,2.3955,0.5780,1.3324
2024-07-15,69756904.61,0.00,9,0.0000,48956033.39,2.4249,0.5738,1.3227
2024-07-16,68264141.20,0.00,9,0.0000,48960727.80,2.3943,0.5802,1.3294
2024-07-17,64632671.34,0.00,9,0.0000,48965422.66,2.3200,0.5811,1.3556
2024-07-18,64559624.02,0.00,9,0.0000,48970117.98,2.3183,0.5824,1.3556
2024-07-19,64004377.26,0.00,9,0.0000,48974813.74,2.3069,0.5800,1.3569
2024-07-22,62687750.61,0.00,9,0.0000,48988902.39,2.2796,0.5876,1.3728
2024-07-23,60381970.05,0.00,9,0.0000,48993599.95,2.2324,0.5906,1.3992
2024-07-24,59843488.03,0.00,9,0.0000,48998297.97,2.2213,0.5918,1.4038
2024-07-25,58068756.56,0.00,9,0.0000,49002996.44,2.1850,0.5997,1.4205
2024-07-26,58520489.64,0.00,9,0.0000,49007695.36,2.1941,0.6000,1.4140
2024-07-29,57776877.96,503.27,8,0.0000,38486533.30,2.5012,0.6051,1.4272
2024-07-30,55736503.47,0.00,8,0.0000,38489720.53,2.4481,0.6150,1.4536
2024-07-31,57987326.02,0.00,9,0.0000,38619292.98,2.5015,0.6192,1.4305
2024-08-01,56678579.80,0.00,9,0.0000,38622996.20,2.4675,0.6068,1.4382
2024-08-02,55729277.23,0.00,9,0.0000,38626699.77,2.4428,0.6086,1.4502
2024-08-05,53793033.44,0.00,9,0.0000,38637811.56,2.3922,0.6128,1.4765
2024-08-06,53449898.44,0.00,9,0.0000,38641516.56,2.3832,0.6136,1.4810
2024-08-07,55779250.09,0.00,9,0.0000,38645221.91,2.4434,0.6053,1.4567
2024-08-08,55241433.39,0.00,9,0.0000,38648927.61,2.4293,0.6085,1.4624
2024-08-09,55792643.32,0.00,9,0.0000,38652633.68,2.4434,0.6065,1.4539
2024-08-12,56690535.07,0.00,9,0.0000,38663752.93,2.4662,0.6066,1.4458
2024-08-13,56652301.59,0.00,9,0.0000,38667460.41,2.4651,0.6040,1.4443
2024-08-14,56125105.75,0.00,9,0.0000,38671168.25,2.4513,0.6043,1.4491
2024-08-15,57116301.56,0.00,9,0.0000,38674876.44,2.4768,0.6004,1.4379
2024-08-16,58122913.69,0.00,10,0.0000,38709964.31,2.5015,0.5878,1.4262
2024-08-19,59939502.13,0.00,10,0.0000,39919629.87,2.5015,0.5813,1.4136
2024-08-20,57569741.22,0.00,10,0.0000,39923457.78,2.4420,0.5904,1.4368
2024-08-21,57224212.94,0.00,10,0.0000,39927286.06,2.4332,0.5920,1.4408
2024-08-22,56703645.30,0.00,10,0.0000,39931114.70,2.4200,0.5948,1.4461
2024-08-23,56783702.29,0.00,10,0.0000,39934943.71,2.4219,0.5956,1.4447
2024-08-26,56976112.15,0.00,10,0.0000,39946431.85,2.4263,0.5936,1.4400
2024-08-27,56371854.67,0.00,10,0.0000,39950262.33,2.4111,0.5824,1.4389
2024-08-28,55738815.82,0.00,10,0.0000,39954093.18,2.3951,0.5887,1.4434
2024-08-29,53816878.80,0.00,8,0.0000,38777250.20,2.3878,0.6045,1.4639
2024-08-30,52612848.43,0.00,8,0.0000,38780968.57,2.3567,0.6241,1.4695
2024-09-02,51582128.26,0.00,8,0.0000,38792124.74,2.3297,0.6262,1.4813
2024-09-03,50571084.54,0.00,7,0.0000,38794032.46,2.3036,0.6384,1.4953
2024-09-04,48426892.57,0.00,7,0.0000,38797752.43,2.2482,0.6506,1.5281
2024-09-05,47486863.24,0.00,7,0.0000,38801472.76,2.2238,0.6555,1.5411
2024-09-06,45918133.23,0.00,6,0.0000,38799703.77,2.1835,0.6609,1.5656
2024-09-09,44558646.68,0.00,6,0.0000,38810865.32,2.1481,0.6666,1.5923
2024-09-10,44650042.09,0.00,6,0.0000,38814586.91,2.1503,0.6618,1.5878
2024-09-11,42435406.14,0.00,6,0.0000,38818308.86,2.0932,0.6785,1.6253
2024-09-12,43295323.84,0.00,6,0.0000,38822031.16,2.1152,0.6746,1.6109
2024-09-13,43215414.18,0.00,6,0.0000,38825753.82,2.1131,0.6715,1.6067
2024-09-18,45192827.09,0.00,6,0.0000,38844368.91,2.1634,0.6606,1.5753
2024-09-19,46923424.29,0.00,6,0.0000,38848093.71,2.2079,0.6528,1.5526
2024-09-20,47490097.13,0.00,6,0.0000,38851818.87,2.2223,0.6482,1.5436
2024-09-23,47567336.58,0.00,6,0.0000,38862995.42,2.2240,0.6436,1.5390
2024-09-24,53811728.99,0.00,6,0.0000,38866722.01,2.3845,0.6158,1.4662
2024-09-25,54031269.04,0.00,6,0.0000,38870448.96,2.3900,0.6087,1.4617
2024-09-26,58148236.74,0.00,6,0.0000,38874176.26,2.4958,0.5921,1.4277
2024-09-27,59179226.19,0.00,7,0.0000,39413302.81,2.5015,0.5975,1.4204
2024-09-30,64921576.48,0.00,8,0.0000,43267172.52,2.5005,0.5791,1.3701
2024-10-08,63740141.23,0.00,8,0.0000,43300363.77,2.4720,0.5782,1.3723
2024-10-09,56800444.14,0.00,8,0.0000,43304515.86,2.3117,0.6088,1.4403
2024-10-10,61265325.25,0.00,8,0.0000,43308643.75,2.4146,0.5886,1.3974
2024-10-11,60433798.37,0.00,8,0.0000,43312796.63,2.3953,0.5866,1.4026
2024-10-14,63102014.52,0.00,8,0.0000,43325256.48,2.4565,0.5757,1.3801
2024-10-15,59983940.04,0.00,8,0.0000,43329410.96,2.3844,0.5898,1.4094
2024-10-16,61483894.17,0.00,8,0.0000,43333565.83,2.4189,0.5794,1.3981
2024-10-17,60211467.90,0.00,8,0.0000,43337721.10,2.3894,0.5831,1.4091
2024-10-18,60868416.46,0.00,8,0.0000,43133505.54,2.4112,0.5859,1.4033
2024-10-21,60413735.20,0.00,8,0.0000,43145913.80,2.4002,0.5893,1.4071
2024-10-22,60284922.11,226.03,10,0.0000,40157825.92,2.5012,0.5865,1.4089
2024-10-23,60548985.07,0.00,10,0.0000,40325457.93,2.5015,0.5887,1.4049
2024-10-24,62574401.43,0.00,11,0.0000,41674474.57,2.5015,0.6109,1.3927
2024-10-25,62503229.20,0.00,10,0.0000,41676416.80,2.4997,0.6161,1.3940
2024-10-28,63307725.00,0.00,11,0.0000,42164212.00,2.5015,0.6230,1.3499
2024-10-29,61303213.09,23.87,10,0.0000,40829594.78,2.5014,0.6272,1.3144
2024-10-30,61543396.54,0.00,10,0.0000,40989325.46,2.5014,0.6356,1.2736
2024-10-31,60736698.75,-0.43,10,-0.0000,40452060.82,2.5014,0.6275,1.2730
2024-11-01,63561875.71,0.00,9,0.0000,42332787.29,2.5015,0.6300,1.2563
2024-11-04,65042960.46,0.00,9,0.0000,43319868.54,2.5015,0.6271,1.2739
2024-11-05,66419734.37,0.00,10,0.0000,44237120.63,2.5014,0.6183,1.3286
2024-11-06,66557992.18,0.00,10,0.0000,44328894.82,2.5015,0.6105,1.3838
2024-11-07,68594488.07,0.00,10,0.0000,45685519.93,2.5014,0.6087,1.4393
2024-11-08,67167171.83,-4.65,11,-0.0000,44734876.52,2.5014,0.6089,1.4871
2024-11-11,67862313.21,0.00,10,0.0000,45197015.79,2.5015,0.5912,1.5166
2024-11-12,67868685.61,-4.64,10,-0.0000,45202174.75,2.5014,0.6081,1.5684
2024-11-13,69152327.79,-341.82,10,-0.0000,46055016.38,2.5015,0.6147,1.5687
2024-11-14,64860938.16,218.26,10,0.0000,43200693.10,2.5014,0.6114,1.6134
2024-11-15,62528021.45,0.00,9,0.0000,43204277.55,2.4473,0.6295,1.6367
2024-11-18,61006442.82,0.00,9,0.0000,43216706.18,2.4116,0.6502,1.6519
2024-11-19,64121149.76,0.00,9,0.0000,43220850.24,2.4836,0.6377,1.6202
2024-11-20,64813461.27,408.04,8,0.0000,43168880.77,2.5014,0.6339,1.6346
2024-11-21,65565423.52,0.00,9,0.0000,43666571.48,2.5015,0.6281,1.6347
2024-11-22,60905003.32,0.00,9,0.0000,43670758.68,2.3946,0.6487,1.6842
2024-11-25,61161601.49,0.00,9,0.0000,43683321.51,2.4001,0.6547,1.6819
2024-11-26,59067906.68,0.00,9,0.0000,43687510.32,2.3521,0.6542,1.7058
2024-11-27,60724637.47,0.00,9,0.0000,43691699.53,2.3898,0.6485,1.6863
2024-11-28,57956372.85,0.00,9,0.0000,43695889.15,2.3264,0.6563,1.7195
2024-11-29,58868965.84,0.00,9,0.0000,43700079.16,2.3471,0.6490,1.7085
2024-12-02,59066566.58,0.00,9,0.0000,43712650.42,2.3512,0.6471,1.7060
2024-12-03,59363707.96,0.00,9,0.0000,43716842.04,2.3579,0.6576,1.7018
2024-12-04,59687521.93,0.00,9,0.0000,43721034.07,2.3652,0.6538,1.6969
2024-12-05,59485461.50,0.00,9,0.0000,43725226.50,2.3604,0.6445,1.6992
2024-12-06,60615569.67,0.00,9,0.0000,43729419.33,2.3862,0.6375,1.6865
2024-12-09,59759917.98,0.00,9,0.0000,43741999.02,2.3662,0.6409,1.6968
2024-12-10,59811700.54,0.00,9,0.0000,43291453.46,2.3816,0.6362,1.6887
2024-12-11,61887371.30,0.00,9,0.0000,43295604.70,2.4294,0.6278,1.6648
2024-12-12,62529911.67,0.00,9,0.0000,43299741.33,2.4441,0.6204,1.6581
2024-12-13,59864937.64,0.00,9,0.0000,43303893.36,2.3824,0.6458,1.6883
2024-12-16,58865098.85,0.00,8,0.0000,43313411.15,2.3591,0.6555,1.6997
2024-12-17,57929843.51,0.00,8,0.0000,43317564.49,2.3373,0.6638,1.7105
2024-12-18,57399596.77,0.00,8,0.0000,43321718.23,2.3250,0.6676,1.7173
2024-12-19,56206733.64,0.00,8,0.0000,43325872.36,2.2973,0.6736,1.7336
2024-12-20,55308119.10,0.00,8,0.0000,43330026.90,2.2764,0.6784,1.7470
2024-12-23,54530834.30,0.00,8,0.0000,43342491.70,2.2581,0.6832,1.7579
2024-12-24,54776116.17,0.00,8,0.0000,43346647.83,2.2637,0.6798,1.7551
2024-12-25,54563304.64,0.00,8,0.0000,43350804.36,2.2586,0.6884,1.7578
2024-12-26,54555576.72,0.00,8,0.0000,43354961.28,2.2583,0.6832,1.7588
2024-12-27,54202881.39,0.00,8,0.0000,43359118.61,2.2501,0.6884,1.7641
2024-12-30,56403682.22,0.00,8,0.0000,43371591.78,2.3005,0.6716,1.7337
2024-12-31,54135124.30,0.00,8,0.0000,43375750.70,2.2481,0.6864,1.7646
2025-01-02,52735205.66,0.00,8,0.0000,43384069.34,2.2155,0.6917,1.7853
2025-01-03,53858312.55,0.00,8,0.0000,43388229.45,2.2413,0.6910,1.7683
2025-01-06,54505749.00,0.00,8,0.0000,43400711.00,2.2559,0.6867,1.7600
2025-01-07,54709312.29,0.00,8,0.0000,43404872.71,2.2604,0.6733,1.7581
2025-01-08,52915527.18,0.00,8,0.0000,43409034.82,2.2190,0.6947,1.7840
2025-01-09,52313177.67,0.00,8,0.0000,43413197.33,2.2050,0.6911,1.7938
2025-01-10,51611113.76,0.00,8,0.0000,43417360.24,2.1887,0.7002,1.8046
2025-01-13,54149206.83,0.00,8,0.0000,43429850.17,2.2468,0.6744,1.7672
2025-01-14,55440503.33,0.00,8,0.0000,43434014.67,2.2764,0.6631,1.7493
2025-01-15,55385981.42,0.00,8,0.0000,43438179.58,2.2751,0.6754,1.7505
2025-01-16,58137468.12,0.00,8,0.0000,43442344.88,2.3383,0.6552,1.7145
2025-01-17,58264664.11,0.00,8,0.0000,43437765.89,2.3413,0.6564,1.7134
2025-01-20,56417856.32,0.00,8,0.0000,43450249.68,2.2984,0.6620,1.7371
2025-01-21,55128980.85,0.00,8,0.0000,43454416.15,2.2687,0.6648,1.7549
2025-01-22,54006581.99,0.00,8,0.0000,43458583.01,2.2427,0.6758,1.7714
2025-01-23,52938794.73,0.00,8,0.0000,43462750.27,2.2180,0.6873,1.7866
2025-01-24,53596666.07,0.00,8,0.0000,43466917.93,2.2330,0.6912,1.7766
2025-01-27,55058358.89,0.00,8,0.0000,43479422.11,2.2663,0.6963,1.7560
2025-02-05,52665367.55,0.00,8,0.0000,43516945.45,2.2102,0.7013,1.7925
2025-02-06,52294860.69,0.00,8,0.0000,43521118.31,2.2016,0.6874,1.7982
2025-02-07,53638269.44,0.00,8,0.0000,43525291.56,2.2323,0.6762,1.7776
2025-02-10,53796311.46,0.00,8,0.0000,43537812.54,2.2356,0.6689,1.7757
2025-02-11,53665694.60,0.00,8,0.0000,43541987.40,2.2325,0.6765,1.7776
2025-02-12,55098184.34,0.00,8,0.0000,43546162.66,2.2653,0.6545,1.7576
2025-02-13,53314965.68,0.00,8,0.0000,43550338.32,2.2242,0.6611,1.7831
2025-02-14,53390652.62,0.00,8,0.0000,43554514.38,2.2258,0.6555,1.7819
2025-02-17,51660306.24,0.00,8,0.0000,43567043.76,2.1858,0.6712,1.8093
2025-02-18,50807923.58,0.00,8,0.0000,43571221.42,2.1661,0.6746,1.8237
2025-02-19,50296061.52,0.00,8,0.0000,43575399.48,2.1542,0.6721,1.8327
2025-02-20,50447189.06,0.00,8,0.0000,43579577.94,2.1576,0.6693,1.8308
2025-02-21,51141680.19,0.00,8,0.0000,43583756.81,2.1734,0.6643,1.8196
2025-02-24,51172472.40,0.00,8,0.0000,43596294.60,2.1738,0.6565,1.8193
2025-02-25,50164832.93,0.00,8,0.0000,43600475.07,2.1506,0.6575,1.8358
2025-02-26,51256768.07,0.00,8,0.0000,43604655.93,2.1755,0.6502,1.8183
2025-02-27,51416146.80,0.00,8,0.0000,43608837.20,2.1790,0.6452,1.8160
2025-02-28,51147462.13,0.00,8,0.0000,43613018.87,2.1728,0.6583,1.8210
2025-03-03,55010757.92,0.00,8,0.0000,43625565.08,2.2610,0.6352,1.7635
2025-03-04,53455681.64,0.00,8,0.0000,43629748.36,2.2252,0.6440,1.7862
2025-03-05,54603012.97,0.00,8,0.0000,43633932.03,2.2514,0.6475,1.7698
2025-03-06,55077538.89,0.00,8,0.0000,43638116.11,2.2621,0.6392,1.7630
2025-03-07,57704248.92,0.00,7,0.0000,43641720.08,2.3222,0.6259,1.7283
2025-03-10,58674293.45,0.00,7,0.0000,43654274.55,2.3441,0.6220,1.7159
2025-03-11,57699759.42,0.00,7,0.0000,43658460.58,2.3216,0.6279,1.7282
2025-03-12,56796454.00,0.00,7,0.0000,43662647.00,2.3008,0.6312,1.7402
2025-03-13,57209556.17,0.00,7,0.0000,43666833.83,2.3101,0.6416,1.7332
2025-03-14,56650437.94,0.00,7,0.0000,43671021.06,2.2972,0.6419,1.7404
2025-03-17,56921783.04,0.00,7,0.0000,43683583.96,2.3030,0.6378,1.7373
2025-03-18,55791637.38,0.00,6,0.0000,43685490.62,2.2771,0.6450,1.7524
2025-03-19,55362036.36,0.00,6,0.0000,43689679.64,2.2672,0.6520,1.7587
2025-03-20,55513404.94,0.00,6,0.0000,43693869.06,2.2705,0.6520,1.7568
2025-03-21,54279574.12,0.00,6,0.0000,43698058.88,2.2422,0.6692,1.7738
2025-03-24,55894164.44,0.00,6,0.0000,43710629.56,2.2787,0.6655,1.7516
2025-03-25,55792945.01,0.00,6,0.0000,43714820.99,2.2763,0.6691,1.7526
2025-03-26,54333490.96,0.00,5,0.0000,43712701.04,2.2430,0.6784,1.7728
2025-03-27,54105880.33,0.00,5,0.0000,43716892.67,2.2376,0.6787,1.7764
2025-03-28,53113486.30,0.00,5,0.0000,43721084.70,2.2148,0.6864,1.7914
2025-03-31,53028326.00,0.00,5,0.0000,43733662.00,2.2125,0.6893,1.7930
2025-04-01,53600797.36,0.00,5,0.0000,43737855.64,2.2255,0.6869,1.7842
2025-04-02,53297478.32,0.00,5,0.0000,43742049.68,2.2184,0.6898,1.7885
2025-04-03,52299026.88,0.00,5,0.0000,43746244.12,2.1955,0.6978,1.8039
2025-04-07,43340042.89,-49.66,9,-0.0000,28535318.45,2.5188,0.7598,1.3905
2025-04-08,43590920.89,0.00,8,0.0000,29032464.11,2.5015,0.7785,1.4529
2025-04-09,43054416.95,0.00,8,0.0000,29035248.05,2.4828,0.7780,1.4592
2025-04-10,44969441.57,0.00,8,0.0000,29949370.43,2.5015,0.7673,1.4599
2025-04-11,44161723.72,0.00,8,0.0000,29952242.28,2.4744,0.7710,1.4684
2025-04-14,45743723.83,0.00,8,0.0000,30465319.17,2.5015,0.7530,1.4612
2025-04-15,45261728.50,0.00,8,0.0000,30468240.50,2.4855,0.7569,1.4623
2025-04-16,44674959.89,0.00,8,0.0000,30471162.11,2.4661,0.7613,1.4660
2025-04-17,44715029.00,0.00,8,0.0000,30474084.00,2.4673,0.7627,1.4657
2025-04-18,45507441.43,0.00,8,0.0000,30419127.57,2.4960,0.7544,1.4572
2025-04-21,45169173.72,0.00,8,0.0000,30427878.28,2.4845,0.7609,1.4627
2025-04-22,44383000.98,0.00,8,0.0000,30430796.02,2.4585,0.7748,1.4705
2025-04-23,45745182.63,0.00,9,0.0000,30465871.37,2.5015,0.7688,1.4581
2025-04-24,46168830.57,0.00,9,0.0000,30748318.43,2.5015,0.7675,1.4519
2025-04-25,46905221.46,0.00,9,0.0000,31238883.54,2.5015,0.7631,1.4461
2025-04-28,46608642.94,0.00,9,0.0000,31247870.06,2.4916,0.7533,1.4462
2025-04-29,45470858.56,0.00,9,0.0000,31250866.44,2.4550,0.7521,1.4590
2025-04-30,44944773.91,0.00,9,0.0000,31253863.09,2.4381,0.7538,1.4680
2025-05-06,44813327.23,0.00,9,0.0000,31271844.77,2.4330,0.7560,1.4710
2025-05-07,45150084.56,0.00,9,0.0000,31274843.44,2.4437,0.7503,1.4652
2025-05-08,44824283.60,0.00,9,0.0000,31277842.40,2.4331,0.7558,1.4669
2025-05-09,44783319.36,0.00,9,0.0000,31280841.64,2.4317,0.7565,1.4644
2025-05-12,45486708.76,0.00,9,0.0000,31289840.24,2.4537,0.7448,1.4575
2025-05-13,46261228.37,0.00,9,0.0000,31292840.63,2.4783,0.7323,1.4475
2025-05-14,46884172.68,0.00,9,0.0000,31295841.32,2.4981,0.7226,1.4406
2025-05-15,46126986.71,0.00,9,0.0000,31249442.29,2.4761,0.7344,1.4478
2025-05-16,46013458.88,320.35,10,0.0000,30644982.47,2.5015,0.7363,1.4330
2025-05-19,47209334.54,0.00,10,0.0000,31441364.46,2.5015,0.7498,1.4221
2025-05-20,46957020.62,0.00,10,0.0000,31444379.38,2.4933,0.7332,1.4229
2025-05-21,48731090.76,0.00,10,0.0000,32454499.24,2.5015,0.7295,1.4037
2025-05-22,49101904.89,0.00,10,0.0000,32701746.11,2.5015,0.7336,1.3976
2025-05-23,47873518.11,0.00,10,0.0000,32704881.89,2.4638,0.7382,1.4098
2025-05-26,48432360.86,0.00,10,0.0000,32714290.14,2.4805,0.7434,1.4081
2025-05-27,47636155.87,0.00,10,0.0000,32717427.13,2.4560,0.7590,1.4156
2025-05-28,48474333.58,0.00,10,0.0000,32720564.42,2.4815,0.7517,1.4066
2025-05-29,49618752.68,0.00,10,0.0000,33046081.32,2.5015,0.7547,1.3998
2025-05-30,49681168.49,0.00,10,0.0000,33087586.51,2.5015,0.7560,1.3965
2025-06-03,48665913.36,0.00,10,0.0000,33100277.64,2.4703,0.7542,1.4018
2025-06-04,49177830.36,0.00,10,0.0000,33103451.64,2.4856,0.7502,1.3962
2025-06-05,49033668.06,0.00,10,0.0000,33106625.94,2.4811,0.7501,1.3999
2025-06-06,49500193.45,0.00,10,0.0000,33109800.55,2.4950,0.7546,1.3956
2025-06-09,49976237.58,0.00,10,0.0000,33284163.42,2.5015,0.7500,1.3931
2025-06-10,50605013.87,0.00,11,0.0000,33694941.13,2.5019,0.7478,1.3899
2025-06-11,50797475.30,0.00,11,0.0000,33831056.70,2.5015,0.7390,1.3883
2025-06-12,50406781.22,0.00,11,0.0000,33834300.78,2.4898,0.7383,1.3909
2025-06-13,49205280.84,0.00,11,0.0000,33837545.16,2.4542,0.7413,1.4041
2025-06-16,48904047.73,353.44,11,0.0000,32571178.72,2.5015,0.7362,1.4043
2025-06-17,48960826.12,0.00,11,0.0000,32607905.88,2.5015,0.7412,1.4038
2025-06-18,48739409.34,0.00,11,0.0000,32611032.66,2.4946,0.7430,1.4040
2025-06-19,48360807.25,0.00,11,0.0000,32614159.75,2.4828,0.7523,1.4063
2025-06-20,48379452.87,0.00,11,0.0000,32617287.13,2.4832,0.7595,1.4054
2025-06-23,49150951.09,0.00,11,0.0000,32734076.91,2.5015,0.7553,1.3951
2025-06-24,49912257.90,0.00,11,0.0000,33241496.10,2.5015,0.7438,1.3863
2025-06-25,49771916.42,157.30,11,0.0000,33148107.88,2.5015,0.7447,1.3896
2025-06-26,49902393.65,0.00,11,0.0000,33234835.35,2.5015,0.7489,1.3900
2025-06-27,50980838.75,0.00,11,0.0000,33952679.25,2.5015,0.7371,1.4010
2025-06-30,50425951.87,78.81,10,0.0000,33587136.93,2.5013,0.7445,1.4563
2025-07-01,51091982.16,0.00,10,0.0000,34026952.84,2.5015,0.7288,1.4564
2025-07-02,53114166.64,0.00,10,0.0000,35373490.36,2.5015,0.7272,1.4626
2025-07-03,52463816.90,0.00,9,0.0000,35254406.10,2.4881,0.7250,1.4701
2025-07-04,52008146.34,0.00,9,0.0000,35257786.66,2.4751,0.7320,1.4729
2025-07-07,51304209.69,0.00,9,0.0000,35267929.31,2.4547,0.7376,1.4796
2025-07-08,51813460.84,0.00,9,0.0000,35271311.16,2.4690,0.7297,1.4747
2025-07-09,51685359.66,0.00,9,0.0000,35274693.34,2.4652,0.7267,1.4738
2025-07-10,52411313.59,93.94,9,0.0000,34906023.35,2.5015,0.6895,1.4597
2025-07-11,53047010.29,0.00,9,0.0000,35328852.71,2.5015,0.6962,1.4637
2025-07-14,52801639.43,593.46,7,0.0000,35170890.04,2.5013,0.6952,1.5062
2025-07-15,52407815.88,0.00,7,0.0000,35173669.12,2.4900,0.7029,1.5118
2025-07-16,51393819.32,0.00,6,0.0000,34239826.68,2.5010,0.7098,1.5242
2025-07-17,51907906.46,0.00,6,0.0000,34570648.54,2.5015,0.7027,1.5251
2025-07-18,53138640.80,0.00,7,0.0000,35389247.20,2.5015,0.6911,1.5228
2025-07-21,56038441.20,0.00,8,0.0000,37321634.80,2.5015,0.6716,1.5215
2025-07-22,61604159.15,0.00,8,0.0000,41028553.85,2.5015,0.6479,1.4898
2025-07-23,60904623.33,0.00,7,0.0000,41031363.67,2.4843,0.6556,1.4966
2025-07-24,62533163.77,0.00,7,0.0000,41646812.23,2.5015,0.6392,1.4824
2025-07-25,62103816.89,470.14,6,0.0000,41365172.25,2.5014,0.6375,1.4889
2025-07-28,59740918.32,0.00,6,0.0000,41376601.68,2.4438,0.6481,1.5110
2025-07-29,60044409.70,0.00,6,0.0000,41380569.30,2.4510,0.6483,1.5056
2025-07-30,60145297.70,0.00,6,0.0000,41384537.30,2.4533,0.6548,1.5075
2025-07-31,56297961.32,0.00,6,0.0000,41388505.68,2.3602,0.6786,1.5468
2025-08-01,56892422.56,0.00,6,0.0000,41392474.44,2.3745,0.6702,1.5366
2025-08-04,56674281.14,0.00,6,0.0000,41404381.86,2.3688,0.6724,1.5373
2025-08-05,56996775.85,0.00,6,0.0000,41408352.15,2.3765,0.6753,1.5344
2025-08-06,58949384.19,0.00,6,0.0000,41412322.81,2.4235,0.6600,1.5099
2025-08-07,59803385.14,0.00,6,0.0000,41416293.86,2.4440,0.6519,1.5010
2025-08-08,60456422.72,0.00,6,0.0000,41420265.28,2.4596,0.6479,1.4961
2025-08-11,62018789.30,0.00,6,0.0000,41432180.70,2.4969,0.6228,1.4834
2025-08-12,63053782.23,0.00,6,0.0000,41993539.77,2.5015,0.6188,1.4740
2025-08-13,63425112.69,0.00,6,0.0000,42240870.31,2.5015,0.6180,1.4717
2025-08-14,60740657.20,0.00,6,0.0000,42244920.80,2.4378,0.6284,1.4914
2025-08-15,64009631.46,0.00,6,0.0000,42630186.54,2.5015,0.6303,1.4637
2025-08-18,62062228.98,0.00,6,0.0000,42642450.02,2.4554,0.6291,1.4757
2025-08-19,61718654.98,0.00,6,0.0000,42646539.02,2.4472,0.6416,1.4836
2025-08-20,61384003.58,0.00,6,0.0000,42650628.42,2.4392,0.6415,1.4834
2025-08-21,60825496.80,0.00,6,0.0000,42654718.20,2.4260,0.6382,1.4894
2025-08-22,60722025.62,0.00,6,0.0000,42658808.38,2.4234,0.6386,1.4851
2025-08-25,63754106.91,0.00,6,0.0000,42671080.09,2.4941,0.6318,1.4636
2025-08-26,64275026.67,0.00,6,0.0000,42806880.33,2.5015,0.6273,1.4569
2025-08-27,61926474.91,0.00,6,0.0000,42810985.09,2.4465,0.6372,1.4804
2025-08-28,62867232.74,0.00,6,0.0000,42815090.26,2.4683,0.6279,1.4740
2025-08-29,63881133.19,0.00,6,0.0000,42819195.81,2.4919,0.6222,1.4684
2025-09-01,64686887.89,0.00,6,0.0000,43081063.11,2.5015,0.6185,1.4586
2025-09-02,65045525.04,0.00,7,0.0000,43320240.96,2.5015,0.6235,1.4582
2025-09-03,63633350.04,0.00,7,0.0000,43324394.96,2.4688,0.6293,1.4697
2025-09-04,63054407.65,0.00,7,0.0000,43328549.35,2.4553,0.6417,1.4780
2025-09-05,67027805.13,0.00,7,0.0000,44640243.87,2.5015,0.6183,1.4605
2025-09-08,67656143.82,0.00,7,0.0000,45058577.18,2.5015,0.6256,1.4522
2025-09-09,66956302.13,0.00,7,0.0000,45062897.87,2.4858,0.6355,1.4609
2025-09-10,64724752.03,0.00,7,0.0000,45067218.97,2.4362,0.6433,1.4777
2025-09-11,66824501.52,0.00,7,0.0000,45071540.48,2.4826,0.6285,1.4545
2025-09-12,69130225.51,0.00,7,0.0000,46040373.49,2.5015,0.6304,1.4544
2025-09-15,70686553.44,0.00,7,0.0000,47077170.56,2.5015,0.6218,1.4437
2025-09-16,68984110.19,0.00,7,0.0000,47081684.81,2.4652,0.6276,1.4566
2025-09-17,70657872.19,0.00,6,0.0000,47085583.81,2.5006,0.6100,1.4306
2025-09-18,66140801.24,0.00,5,0.0000,45084947.76,2.4670,0.6276,1.4641
2025-09-19,68548353.14,0.00,5,0.0000,45651992.86,2.5015,0.6181,1.4514
2025-09-22,67710306.37,0.00,5,0.0000,45665125.63,2.4828,0.6248,1.4619
2025-09-23,67381404.52,0.00,5,0.0000,45669504.48,2.4754,0.6385,1.4674
2025-09-24,68811245.54,0.00,6,0.0000,45828228.46,2.5015,0.6258,1.4495
2025-09-25,68541283.06,0.00,6,0.0000,45832622.94,2.4955,0.6183,1.4548
2025-09-26,68856690.85,0.00,6,0.0000,45857306.15,2.5015,0.6147,1.4504
2025-09-29,70643076.81,0.00,6,0.0000,47047294.19,2.5015,0.6130,1.4557
2025-09-30,71591066.84,0.00,6,0.0000,47679560.16,2.5015,0.6119,1.4609
2025-10-09,78421295.04,0.00,6,0.0000,52227444.96,2.5015,0.6335,1.4756
2025-10-10,77712030.93,0.00,6,0.0000,52232453.07,2.4878,0.6525,1.4845
2025-10-13,76625535.15,0.00,6,0.0000,52247478.85,2.4666,0.6505,1.4960
2025-10-14,75454506.12,0.00,6,0.0000,52252488.88,2.4440,0.6578,1.5051
2025-10-15,80012643.67,0.00,6,0.0000,53286676.33,2.5016,0.6569,1.4861
2025-10-16,79450534.99,0.00,6,0.0000,53291786.01,2.4909,0.6606,1.4894
2025-10-17,78895850.05,0.00,6,0.0000,53296762.95,2.4803,0.6674,1.4988
2025-10-20,80186552.09,0.00,6,0.0000,53403084.91,2.5015,0.6663,1.4897
2025-10-21,81599379.40,0.00,6,0.0000,54343313.60,2.5016,0.6705,1.4932
2025-10-22,81301049.40,0.00,6,0.0000,54348524.60,2.4959,0.6701,1.4967
2025-10-23,85607159.32,0.00,6,0.0000,57013782.68,2.5015,0.6553,1.4999
2025-10-24,84437867.25,0.00,6,0.0000,57019249.75,2.4809,0.6671,1.5071
2025-10-27,86583356.12,0.00,8,0.0000,57675620.88,2.5012,0.6652,1.4956
2025-10-28,82422722.58,0.00,8,0.0000,57681151.42,2.4289,0.6661,1.5216
2025-10-29,89762821.06,0.00,8,0.0000,59781927.94,2.5015,0.6568,1.4776
2025-10-30,92220536.13,-582.70,8,-0.0000,61418297.17,2.5015,0.6395,1.4655
2025-10-31,89883857.71,-582.70,8,-0.0000,61424186.59,2.4633,0.6444,1.4761
2025-11-03,95006894.26,0.00,9,0.0000,63274633.74,2.5015,0.6444,1.4474
2025-11-04,92119664.83,0.00,9,0.0000,63280701.17,2.4557,0.6445,1.4607
2025-11-05,91675959.82,0.00,9,0.0000,63286769.18,2.4486,0.6400,1.4629
2025-11-06,99709613.79,0.00,9,0.0000,66406744.21,2.5015,0.6448,1.4346
2025-11-07,101470334.82,0.00,9,0.0000,67579144.18,2.5015,0.6374,1.4243
2025-11-10,103718940.91,0.00,8,0.0000,69076617.09,2.5015,0.6245,1.4136
2025-11-11,99346548.13,0.00,8,0.0000,69083240.87,2.4381,0.6398,1.4331
2025-11-12,100222796.71,0.00,8,0.0000,69089865.29,2.4506,0.6425,1.4334
2025-11-13,104638589.45,0.00,8,0.0000,69689321.55,2.5015,0.6149,1.4155
2025-11-14,100598328.91,0.00,8,0.0000,69696004.09,2.4434,0.6100,1.4335
2025-11-17,101212133.37,0.00,8,0.0000,69716053.63,2.4518,0.6013,1.4363
2025-11-18,94510709.27,0.00,8,0.0000,69722738.73,2.3555,0.6220,1.4728
2025-11-19,98406257.75,166.40,8,0.0000,65543426.65,2.5014,0.6109,1.4730
2025-11-20,95729957.76,0.00,8,0.0000,65549545.24,2.4604,0.6233,1.4909
2025-11-21,89538680.19,0.00,8,0.0000,65555830.81,2.3658,0.6519,1.5296
2025-11-24,86921833.89,25.17,9,0.0000,57893544.28,2.5014,0.6624,1.4471
2025-11-25,89194115.95,0.00,10,0.0000,59399115.05,2.5016,0.6528,1.3838
2025-11-26,88490471.80,219.36,10,0.0000,58938861.57,2.5014,0.6480,1.2888
2025-11-27,88402419.22,-45.55,10,-0.0000,58880244.23,2.5014,0.6530,1.1950
2025-11-28,89827777.10,0.00,10,0.0000,59827383.90,2.5014,0.6538,1.2006
2025-12-01,91783387.28,0.00,10,0.0000,61129912.72,2.5014,0.6524,1.2017
2025-12-02,90508109.23,63.21,11,0.0000,60282685.98,2.5014,0.6595,1.2724
2025-12-03,91883851.11,0.00,10,0.0000,61196095.89,2.5015,0.6720,1.3239
2025-12-04,91904037.93,0.00,10,0.0000,61207807.07,2.5015,0.6724,1.3236
2025-12-05,95425462.32,-89.37,10,-0.0000,63553529.31,2.5015,0.6827,1.3367
2025-12-08,95321231.80,-89.37,10,-0.0000,63571811.83,2.4994,0.6842,1.3258
2025-12-09,91158846.87,-89.37,10,-0.0000,63577907.76,2.4338,0.6900,1.3461
2025-12-10,91846068.36,-89.37,10,-0.0000,63584004.27,2.4445,0.6859,1.3375
2025-12-11,90974765.27,-89.37,10,-0.0000,63590101.37,2.4306,0.6832,1.3375
2025-12-12,90260803.58,-89.37,10,-0.0000,63596199.05,2.4193,0.6876,1.3479
2025-12-15,89230879.79,-89.37,10,-0.0000,63614493.85,2.4027,0.6893,1.3603
2025-12-16,86364595.77,-89.37,10,-0.0000,63620593.87,2.3575,0.6856,1.3760
2025-12-17,90858939.53,0.00,9,0.0000,63623591.47,2.4281,0.6706,1.3402
2025-12-18,93065028.64,0.00,9,0.0000,63629692.36,2.4626,0.6540,1.3330
2025-12-19,95626065.61,0.00,9,0.0000,63686919.39,2.5015,0.6613,1.3213
2025-12-22,97106717.33,0.00,9,0.0000,64672516.67,2.5015,0.6591,1.3221
2025-12-23,97739505.15,0.00,9,0.0000,65094293.85,2.5015,0.6560,1.3151
2025-12-24,100196110.92,-86.79,9,-0.0000,66730729.29,2.5015,0.6426,1.3120
2025-12-25,98168539.34,-55.53,9,-0.0000,66737128.13,2.4710,0.6507,1.3226
2025-12-26,100596154.09,0.00,9,0.0000,66997018.91,2.5015,0.6529,1.3194
2025-12-29,97606168.97,0.00,9,0.0000,67016292.03,2.4565,0.6486,1.3299
2025-12-30,99442691.75,0.00,9,0.0000,67022718.25,2.4837,0.6547,1.3254
2025-12-31,99453631.92,0.00,9,0.0000,67029145.08,2.4837,0.6616,1.3297
2026-01-05,103234268.48,0.00,9,0.0000,68753964.52,2.5015,0.6605,1.3236
2026-01-06,109191230.93,-288.09,9,-0.0000,72721649.98,2.5015,0.6535,1.3296
2026-01-07,109559301.81,0.00,10,0.0000,72964520.19,2.5015,0.6574,1.3274
2026-01-08,108492430.14,0.00,9,0.0000,72737107.86,2.4916,0.6469,1.3199
2026-01-09,110691022.02,0.00,9,0.0000,73719909.98,2.5015,0.6509,1.3250
2026-01-12,112079716.51,0.00,9,0.0000,74644976.49,2.5015,0.6353,1.3214
2026-01-13,114201619.21,0.00,10,0.0000,76057328.79,2.5015,0.6382,1.3199
2026-01-14,112547827.04,0.00,10,0.0000,76064621.96,2.4796,0.6480,1.3310
2026-01-15,116861442.89,0.00,9,0.0000,77829487.11,2.5015,0.6454,1.3136
2026-01-16,114730578.79,0.00,9,0.0000,77836950.21,2.4740,0.6497,1.3152
2026-01-19,116842361.34,0.00,9,0.0000,77859341.66,2.5007,0.6509,1.3062
2026-01-20,118427673.90,0.00,9,0.0000,78872174.10,2.5015,0.6375,1.3004
2026-01-21,117047811.82,0.00,9,0.0000,78879737.18,2.4839,0.6374,1.3101
2026-01-22,120252265.89,0.00,10,0.0000,80089520.11,2.5015,0.6260,1.2827
2026-01-23,124060926.91,0.00,9,0.0000,82624739.09,2.5015,0.6165,1.2557
2026-01-26,128219388.39,0.00,8,0.0000,85399884.61,2.5014,0.6266,1.2908
2026-01-27,127622204.36,0.00,8,0.0000,85408073.64,2.4943,0.6182,1.2860
2026-01-28,136761243.23,-39.65,8,-0.0000,91083403.12,2.5015,0.6551,1.3030
2026-01-29,135160183.20,-39.65,8,-0.0000,91092137.15,2.4838,0.6503,1.3056
2026-01-30,127776319.34,-39.65,8,-0.0000,91100872.01,2.4026,0.6422,1.3348
2026-02-02,115232027.24,-39.65,8,-0.0000,91127079.11,2.2645,0.6670,1.3825
2026-02-03,122957030.03,-39.65,8,-0.0000,91135817.32,2.3492,0.6440,1.3246
2026-02-04,128128449.98,-39.65,8,-0.0000,91144556.37,2.4058,0.6353,1.3123
2026-02-05,121171356.09,-39.65,8,-0.0000,91153296.26,2.3293,0.6498,1.3568
2026-02-06,121995927.36,-39.65,8,-0.0000,91162036.99,2.3382,0.6454,1.3376
2026-02-09,123553294.67,-39.65,8,-0.0000,91188261.69,2.3549,0.6437,1.3382
2026-02-10,120812781.59,-39.65,8,-0.0000,91197005.76,2.3247,0.6486,1.3571
2026-02-11,122560563.67,-39.65,8,-0.0000,91205750.68,2.3438,0.6451,1.3469
2026-02-12,121321009.91,-39.65,8,-0.0000,91214496.44,2.3301,0.6393,1.3525
2026-02-13,115459279.31,-39.65,8,-0.0000,91223243.04,2.2657,0.6460,1.3801
2026-02-24,120713422.54,-39.65,8,-0.0000,91319464.81,2.3219,0.6369,1.3592
2026-02-25,123487223.38,28.97,9,0.0000,82251997.59,2.5013,0.6426,1.3750
2026-02-26,125035980.63,0.00,8,0.0000,83277639.37,2.5014,0.6351,1.4119
2026-02-27,127634640.09,0.00,8,0.0000,85004638.91,2.5015,0.6349,1.4145
2026-03-02,133097517.33,0.00,8,0.0000,88642945.67,2.5015,0.6360,1.4278
2026-03-03,130317177.32,0.00,8,0.0000,88651445.68,2.4700,0.6469,1.4516
2026-03-04,134279956.70,-24.66,7,-0.0000,89430511.63,2.5015,0.6587,1.4426
2026-03-05,136869382.44,0.00,7,0.0000,91155076.56,2.5015,0.6619,1.4446
2026-03-06,134947017.54,0.00,7,0.0000,91163817.46,2.4803,0.6499,1.4483
2026-03-09,138490871.49,0.00,8,0.0000,92234844.51,2.5015,0.6538,1.4395
2026-03-10,134766237.69,0.00,7,0.0000,92242972.31,2.4610,0.6431,1.4519
2026-03-11,140879469.35,-2.77,7,-0.0000,93825841.88,2.5015,0.6360,1.4381
2026-03-12,148541685.52,0.00,6,0.0000,98928688.48,2.5015,0.6395,1.4512
2026-03-13,144552570.21,0.00,6,0.0000,98938174.79,2.4610,0.6371,1.4632
2026-03-16,137937930.54,0.00,6,0.0000,98966636.46,2.3938,0.6497,1.4895
2026-03-17,128645557.59,0.00,6,0.0000,98976126.41,2.2998,0.6485,1.5321
2026-03-18,125513330.73,0.00,6,0.0000,98985617.27,2.2680,0.6532,1.5490
2026-03-19,122294470.96,0.00,6,0.0000,98995109.04,2.2354,0.6483,1.5715
2026-03-20,121625401.28,0.00,6,0.0000,99004601.72,2.2285,0.6367,1.5716
2026-03-23,115938192.50,0.00,6,0.0000,99033082.50,2.1707,0.6457,1.6043
2026-03-24,116908736.88,0.00,6,0.0000,93201390.12,2.2544,0.5733,1.5381
2026-03-25,117539491.74,0.00,6,0.0000,87338470.26,2.3458,0.5488,1.4784
2026-03-26,118282817.33,0.00,5,0.0000,81429184.67,2.4526,0.5422,1.4209
2026-03-27,120978839.06,211.03,5,0.0000,80574743.97,2.5014,0.5620,1.3875
2026-03-30,125461368.27,0.00,7,0.0000,83563701.73,2.5014,0.5598,1.3754
2026-03-31,121367587.41,205.84,8,0.0000,80833524.43,2.5015,0.5776,1.3740
2026-04-01,121439184.73,0.00,8,0.0000,80881258.27,2.5015,0.5800,1.3751
2026-04-02,124228420.00,0.00,10,0.0000,82734935.00,2.5015,0.5746,1.3635
2026-04-03,121398508.30,170.05,10,0.0000,80856648.76,2.5014,0.5914,1.3932
2026-04-07,125669344.35,0.00,10,0.0000,83698672.65,2.5014,0.6110,1.3990
2026-04-08,129972925.65,0.00,9,0.0000,86564857.35,2.5015,0.5870,1.3870
2026-04-09,128901552.91,0.00,9,0.0000,86573158.09,2.4889,0.5916,1.3865
2026-04-10,127692533.37,0.00,9,0.0000,86581459.63,2.4748,0.5963,1.3934
2026-04-13,124768943.37,0.00,9,0.0000,86606366.63,2.4406,0.6124,1.4028
2026-04-14,127425359.65,0.00,9,0.0000,86614671.35,2.4712,0.5923,1.3886
2026-04-15,126669650.14,0.00,9,0.0000,86622976.86,2.4623,0.5994,1.3983
2026-04-16,128644325.83,0.00,9,0.0000,86631283.17,2.4850,0.5862,1.3858
2026-04-17,128079752.72,0.00,9,0.0000,86639590.28,2.4783,0.5844,1.3919
2026-04-20,126105026.00,0.00,9,0.0000,86664514.00,2.4551,0.5868,1.4033
2026-04-21,130815448.32,0.00,10,0.0000,87122786.68,2.5015,0.5917,1.3920
2026-04-22,128923821.08,0.00,10,0.0000,87131140.92,2.4797,0.5999,1.3994
2026-04-23,129263438.04,0.00,10,0.0000,87139495.96,2.4834,0.6134,1.3958
2026-04-24,132745526.63,0.00,10,0.0000,88408588.37,2.5015,0.6041,1.3861
2026-04-27,128527072.81,133.90,11,0.0000,85601901.09,2.5015,0.6021,1.4011
2026-04-28,130535027.31,0.00,10,0.0000,86939187.69,2.5015,0.6076,1.3912
2026-04-29,129426611.81,359.74,9,0.0000,86199898.93,2.5015,0.6156,1.3918
2026-04-30,130570936.40,0.00,9,0.0000,86960236.60,2.5015,0.6102,1.3873
2026-05-06,130544459.48,0.00,9,0.0000,87010268.52,2.5003,0.6049,1.3893
2026-05-07,124543698.03,0.00,9,0.0000,87018611.97,2.4312,0.5895,1.4136
2026-05-08,120003169.78,0.00,9,0.0000,87026956.22,2.3789,0.6055,1.4312
2026-05-11,120643491.04,0.00,8,0.0000,85633856.96,2.4088,0.6023,1.4283
2026-05-12,118754152.04,14082324.45,9,0.1186,79112114.41,2.5011,0.6108,1.0839
2026-05-13,117320110.24,603.22,9,0.0000,78136165.98,2.5015,0.6095,1.1351
2026-05-14,114387345.73,0.00,9,0.0000,78143055.27,2.4638,0.6221,1.1440
2026-05-15,115365708.56,0.00,9,0.0000,78150548.44,2.4762,0.6306,1.1403
2026-05-18,115718923.99,-79.57,9,-0.0000,77099311.44,2.5009,0.6427,1.1532
2026-05-19,114381810.90,-79.57,9,-0.0000,77106704.52,2.4834,0.6502,1.1593
2026-05-20,113705225.99,287.00,8,0.0000,75750908.01,2.5010,0.6481,1.2042
2026-05-21,109788859.21,0.00,8,0.0000,75757884.79,2.4492,0.6504,1.2170
2026-05-22,109116047.75,0.00,8,0.0000,75765149.25,2.4402,0.6516,1.2218
2026-05-25,110146925.30,0.00,8,0.0000,75786944.70,2.4534,0.6613,1.2238
2026-05-26,110391725.06,0.00,8,0.0000,75794211.94,2.4565,0.6615,1.2234
2026-05-27,110970577.09,423.71,7,0.0000,73911472.62,2.5014,0.6776,1.2578
2026-05-28,110463388.31,5055480.70,6,0.0458,73581407.40,2.5012,0.6807,1.3640
2026-05-29,113589145.16,0.00,6,0.0000,75650877.84,2.5015,0.6909,1.4138
2026-06-01,117559947.28,0.00,7,0.0000,78295076.72,2.5015,0.6943,1.4188
2026-06-02,116609586.53,0.00,7,0.0000,78302584.47,2.4892,0.6895,1.4234
2026-06-03,118769289.79,-1219.26,8,-0.0000,79099986.95,2.5015,0.6962,1.4214
2026-06-04,117036428.86,-1219.26,8,-0.0000,79107571.88,2.4795,0.7141,1.4322
2026-06-05,116738380.20,-1219.26,8,-0.0000,79115157.54,2.4756,0.7089,1.4315
2026-06-08,117076422.37,-28.21,7,-0.0000,77975558.42,2.5015,0.7240,1.4676
2026-06-09,117882975.78,0.00,7,0.0000,78509699.22,2.5015,0.6984,1.4680
2026-06-10,117965766.98,0.00,7,0.0000,78564753.02,2.5015,0.6883,1.4675
2026-06-11,119275121.72,0.00,7,0.0000,79437087.28,2.5015,0.6884,1.4729
2026-06-12,121855010.52,0.00,7,0.0000,81155086.48,2.5015,0.6756,1.4740
2026-06-15,116558702.54,0.00,7,0.0000,81178432.46,2.4358,0.6608,1.5008
2026-06-16,112061895.31,0.00,7,0.0000,81186216.69,2.3803,0.6639,1.5260
2026-06-17,108573897.97,0.00,7,0.0000,75768867.03,2.4330,0.6622,1.5441
2026-06-18,103268086.42,0.00,5,0.0000,74427589.58,2.3875,0.6782,1.5781
2026-06-22,105628488.85,0.00,5,0.0000,74456137.15,2.4187,0.6726,1.5609
2026-06-23,103282492.22,0.00,5,0.0000,74463276.78,2.3870,0.6666,1.5633
2026-06-24,102457220.91,0.00,5,0.0000,74470417.09,2.3758,0.6559,1.5668
2026-06-25,100005733.91,0.00,5,0.0000,74477558.09,2.3428,0.6589,1.5815
2026-06-26,96193819.13,0.00,5,0.0000,71713067.87,2.3414,0.6561,1.5801
2026-06-29,97692222.34,0.00,5,0.0000,71733697.66,2.3619,0.6554,1.5733
2026-06-30,95148399.77,0.00,5,0.0000,71740576.23,2.3263,0.6521,1.5935
2026-07-01,98791911.53,0.00,5,0.0000,71747455.47,2.3769,0.6472,1.5650
2026-07-02,100514157.64,0.00,5,0.0000,71754335.36,2.4008,0.6522,1.5554
2026-07-03,99486353.09,0.00,5,0.0000,71761215.91,2.3864,0.6602,1.5648
2026-07-06,105735636.45,0.00,5,0.0000,71781859.55,2.4730,0.6664,1.5274
2026-07-07,104862906.26,0.00,5,0.0000,71788742.74,2.4607,0.6650,1.5364
2026-07-08,103912027.41,0.00,5,0.0000,71795626.59,2.4473,0.6910,1.5438
2026-07-09,99057472.21,0.00,5,0.0000,71689361.79,2.3818,0.7021,1.5711
2026-07-10,98439761.89,0.00,5,0.0000,71696236.11,2.3730,0.7099,1.5754
2026-07-13,99948563.25,0.00,5,0.0000,68995950.75,2.4486,0.7306,1.5407
2026-07-14,102833972.20,0.00,5,0.0000,69002566.80,2.4903,0.7279,1.5190
2026-07-15,104570667.51,0.00,5,0.0000,69009183.49,2.5153,0.7176,1.5106
2026-07-16,103065629.19,0.00,5,0.0000,69015800.81,2.4934,0.7062,1.5215
2026-07-17,102805992.24,0.00,5,0.0000,69022418.76,2.4895,0.7207,1.5231
2026-07-20,103488803.48,0.00,5,0.0000,69042274.52,2.4989,0.7366,1.5126
2026-07-21,99802478.98,0.00,5,0.0000,69048895.02,2.4454,0.7326,1.5352
2026-07-22,104244125.77,0.00,6,0.0000,69429098.23,2.5014,0.7280,1.5090
2026-07-23,107394724.40,0.00,6,0.0000,71524953.60,2.5015,0.7169,1.4908
2026-07-24,103357147.84,0.00,6,0.0000,71531812.16,2.4449,0.7287,1.5142
2026-07-27,103184755.19,0.00,6,0.0000,71552389.81,2.4421,0.7257,1.5135
2026-07-28,102893491.01,0.00,6,0.0000,71559250.99,2.4379,0.7231,1.5140
2026-07-29,105021869.16,0.00,6,0.0000,71566112.84,2.4675,0.7154,1.5020
2026-07-30,105892992.66,0.00,6,0.0000,71572975.34,2.4795,0.7124,1.4954
2026-07-31,105380004.49,0.00,6,0.0000,71579838.51,2.4722,0.7176,1.4979
2026-08-03,103538973.03,0.00,6,0.0000,71600429.97,2.4461,0.7121,1.5077
2026-08-04,101956426.75,18.79,8,0.0000,67895155.04,2.5017,0.6654,1.4681
2026-08-05,101878705.26,0.00,8,0.0000,67901646.74,2.5004,0.6650,1.4689
2026-08-06,104674052.33,0.00,10,0.0000,69722560.67,2.5013,0.6741,1.4553
2026-08-07,105408321.97,0.00,10,0.0000,70201636.03,2.5015,0.6737,1.4510
2026-08-10,106414995.82,0.00,11,0.0000,70870785.18,2.5015,0.6673,1.4432
2026-08-11,105663857.99,0.00,11,0.0000,70877581.01,2.4908,0.6721,1.4487
2026-08-12,105956111.51,0.00,11,0.0000,70884377.49,2.4948,0.6702,1.4473
2026-08-13,105179904.38,0.00,11,0.0000,70891174.62,2.4837,0.6752,1.4535
2026-08-14,105611099.60,0.00,11,0.0000,70897972.40,2.4896,0.6724,1.4531
2026-08-17,105877355.29,0.00,11,0.0000,70918367.71,2.4929,0.6707,1.4500
2026-08-18,105808115.90,0.00,11,0.0000,70925168.10,2.4918,0.6712,1.4458
2026-08-19,104944031.85,0.00,11,0.0000,70931969.15,2.4795,0.6767,1.4473
2026-08-20,105016838.16,0.00,11,0.0000,70938770.84,2.4804,0.6762,1.4457
2026-08-21,106361035.96,0.00,11,0.0000,70945484.04,2.4992,0.6677,1.4409
2026-08-24,106632392.49,0.00,11,0.0000,71015638.51,2.5015,0.6660,1.4413
2026-08-25,105383336.77,0.00,11,0.0000,71022448.23,2.4838,0.6739,1.4463
2026-08-26,105616586.40,0.00,11,0.0000,71029258.60,2.4869,0.6724,1.4463
2026-08-27,106403429.03,34.64,11,0.0000,70864702.61,2.5015,0.6674,1.4395
2026-08-28,107908739.39,0.00,11,0.0000,71866072.61,2.5015,0.6581,1.4299
