#METRIC|m2|年化,最大回撤,Sharpe,Calmar,平均仓位,年均换手,持仓数中位,单票权重中位,单票权重P90,单票权重最大,前三权重中位,单票超60%天数占比,滚动3年年化中位,滚动3年回撤中位,滚动3年Calmar中位,滚动3年Sharpe中位,滚动3年为负的窗口占比,滚动5年年化中位,滚动5年年化P25,滚动5年年化最差,滚动5年回撤中位,滚动5年Calmar中位,滚动5年Sharpe中位,滚动5年为负的窗口占比,滚动5年窗口数,互不重叠5年块中位,滚动10年年化中位,滚动10年窗口数,逐年收益中位,逐年为正比例,逐年最差,完整自然年数,强平次数,最低担保比例,最低股票同跌缓冲,最低总资产冲击缓冲,rf覆盖率,年化_交易日口径,最低担保比例日,最低股票同跌缓冲日,滚动5年年化最差窗口末日,最大回撤起日,最大回撤止日,末次净值日
BASE|2009-11-01|0.313671|0.693960|0.753637|0.452001|1.620187|6.513478|6.000000|0.659951|0.999036|1.240627|1.427959|0.809630|0.345258|0.437173|0.826074|0.818675|0.072727|0.354410|0.200820|-0.043392|0.465111|0.761280|0.789551|0.042553|141.000000|0.461252|0.332922|81.000000|0.355592|0.750000|-0.277082|16.000000|0.000000|1.828535|0.289048|0.289048|0.984589|0.314964|20150824.000000|20150824.000000|20160229.000000|20150612.000000|20160616.000000|20260828.000000
BASE|2010-05-01|0.384892|0.663979|0.872536|0.579674|1.643964|6.919292|6.000000|0.661598|0.961168|1.241596|1.463840|0.774053|0.426251|0.431696|0.891936|0.921144|0.056604|0.436319|0.337015|-0.017465|0.451436|0.863560|0.943248|0.014815|135.000000|0.594415|0.421321|75.000000|0.387716|0.800000|-0.276843|15.000000|0.000000|1.742886|0.254111|0.254111|1.000000|0.386654|20150825.000000|20150825.000000|20160229.000000|20150609.000000|20160201.000000|20260828.000000
BASE|2010-11-01|0.323747|0.707306|0.772943|0.457718|1.612029|7.044267|6.000000|0.658376|0.925824|1.145085|1.401492|0.805978|0.369479|0.424419|0.905609|0.885043|0.084967|0.385978|0.209395|-0.061089|0.437072|0.917513|0.841897|0.069767|129.000000|0.462464|0.332224|69.000000|0.281902|0.800000|-0.316190|15.000000|0.000000|1.826051|0.288081|0.288081|1.000000|0.324961|20150825.000000|20150825.000000|20160630.000000|20150609.000000|20160616.000000|20260828.000000
BASE|2011-05-01|0.315362|0.702332|0.755310|0.449022|1.596396|6.706993|6.000000|0.662919|0.927899|1.126171|1.417640|0.806568|0.368996|0.441103|0.849744|0.849565|0.040816|0.391513|0.238177|-0.040188|0.452362|0.885366|0.857344|0.024390|123.000000|0.456260|0.336163|63.000000|0.360859|0.785714|-0.310331|14.000000|0.000000|1.712320|0.240796|0.240796|1.000000|0.316556|20150825.000000|20150825.000000|20160531.000000|20150609.000000|20160616.000000|20260828.000000
BASE|2011-11-01|0.359292|0.745172|0.821145|0.482160|1.640904|7.166607|7.000000|0.672308|1.011866|1.277698|1.430877|0.816775|0.388846|0.425505|0.968899|0.894870|0.042553|0.411019|0.249519|0.027506|0.433137|0.961479|0.889535|0.000000|117.000000|0.586368|0.339389|57.000000|0.386813|0.857143|-0.357911|14.000000|0.000000|1.859362|0.300836|0.300836|1.000000|0.360885|20150824.000000|20150824.000000|20161230.000000|20150609.000000|20160203.000000|20260828.000000
BASE|2012-05-01|0.363126|0.695070|0.829275|0.522431|1.655222|7.017899|6.000000|0.669655|0.896753|1.074116|1.457155|0.838320|0.406200|0.432282|0.863031|0.891631|0.029630|0.420243|0.341324|0.122458|0.463296|0.847484|0.884850|0.000000|111.000000|0.564410|0.392379|51.000000|0.368963|0.769231|-0.266259|13.000000|0.000000|1.710115|0.239817|0.239817|1.000000|0.364399|20150825.000000|20150825.000000|20170531.000000|20150609.000000|20160201.000000|20260828.000000
BASE|2012-11-01|0.460040|0.689124|0.955280|0.667571|1.694866|6.666922|6.000000|0.633093|0.877550|1.091374|1.480526|0.687909|0.524884|0.542830|1.076449|1.067008|0.015504|0.561728|0.398516|0.152549|0.542830|1.056312|1.066691|0.000000|105.000000|0.634630|0.473194|45.000000|0.377345|0.769231|-0.156592|13.000000|0.000000|1.729113|0.248170|0.248170|1.000000|0.462220|20150825.000000|20150825.000000|20200430.000000|20150609.000000|20160201.000000|20260828.000000
BASE|2013-05-01|0.470772|0.653723|0.971692|0.720140|1.685289|6.769186|7.000000|0.640924|0.794878|0.982195|1.441665|0.796976|0.508549|0.490601|1.120890|1.019260|0.016260|0.541909|0.437772|0.210076|0.510068|1.064405|1.049548|0.000000|99.000000|0.670713|0.475025|39.000000|0.422273|0.833333|-0.162553|12.000000|0.000000|1.707217|0.238527|0.238527|1.000000|0.472289|20150825.000000|20150825.000000|20200430.000000|20150612.000000|20160201.000000|20260828.000000
BASE|2013-11-01|0.453076|0.669472|0.956104|0.676765|1.670013|7.180484|7.000000|0.625618|0.842702|1.035315|1.437466|0.711538|0.489815|0.435420|1.127481|1.020146|0.008547|0.507200|0.369368|0.118071|0.449613|1.130357|1.025595|0.000000|93.000000|0.633773|0.428131|33.000000|0.384122|0.750000|-0.218313|12.000000|0.000000|1.896537|0.314540|0.314540|1.000000|0.454365|20200323.000000|20200323.000000|20181228.000000|20150612.000000|20160616.000000|20260828.000000
BASE|2014-05-01|0.460151|0.747492|0.964667|0.615593|1.670236|7.409002|6.000000|0.655705|1.063330|1.327542|1.475337|0.807205|0.480209|0.438099|1.093275|1.000993|0.027027|0.516876|0.422520|0.112204|0.439601|1.175786|1.026598|0.000000|87.000000|0.595752|0.423603|27.000000|0.436114|0.727273|-0.336172|11.000000|0.000000|1.879052|0.308162|0.308162|1.000000|0.461225|20200323.000000|20200323.000000|20200430.000000|20150609.000000|20160616.000000|20260828.000000
BASE|2014-11-01|0.479176|0.819996|0.988287|0.584364|1.627233|7.531097|7.000000|0.624030|0.738396|0.997798|1.446982|0.660589|0.589668|0.437579|1.264255|1.150285|0.028571|0.624475|0.527735|0.026504|0.559644|1.122903|1.169589|0.000000|81.000000|0.658605|0.508223|21.000000|0.470246|0.727273|-0.428941|11.000000|0.000000|1.795592|0.276005|0.276005|1.000000|0.480635|20200323.000000|20200323.000000|20200430.000000|20150609.000000|20160613.000000|20260828.000000
BASE|2015-05-01|0.480776|0.622013|1.035162|0.772936|1.591968|7.010411|7.000000|0.638292|0.740571|0.951859|1.458566|0.738903|0.608968|0.439527|1.291434|1.184431|0.000000|0.631227|0.564223|0.186105|0.577286|1.127102|1.170456|0.000000|75.000000|0.664195|0.561550|15.000000|0.474455|0.800000|-0.146421|10.000000|0.000000|2.000200|0.350065|0.350065|1.000000|0.482182|20200319.000000|20200319.000000|20200529.000000|20150609.000000|20160518.000000|20260828.000000
BASE|2015-11-01|0.616760|0.574713|1.211256|1.073162|1.648410|7.073630|7.000000|0.644984|0.745609|0.944390|1.474112|0.787614|0.649139|0.441470|1.312567|1.191715|0.000000|0.660862|0.578078|0.464053|0.574713|1.170488|1.201198|0.000000|69.000000|0.734709|0.739714|9.000000|0.585015|0.800000|-0.156067|10.000000|0.000000|2.052453|0.366612|0.366612|1.000000|0.618849|20200319.000000|20200319.000000|20201130.000000|20200114.000000|20200323.000000|20260828.000000
BASE|2016-05-01|0.650141|0.549885|1.281797|1.182322|1.670079|6.026931|6.000000|0.624818|0.740490|0.967177|1.463796|0.701475|0.634954|0.439713|1.334827|1.193221|0.000000|0.639115|0.583057|0.477797|0.549885|1.197286|1.199705|0.000000|63.000000|0.646660|0.649171|3.000000|0.494125|0.888889|-0.150877|9.000000|0.000000|1.974873|0.341730|0.341730|1.000000|0.652720|20200323.000000|20200323.000000|20230131.000000|20200114.000000|20200323.000000|20260828.000000
BUY2|2009-11-01|0.330379|0.688109|0.778399|0.480127|1.616905|7.306888|6.000000|0.651890|0.974102|1.195448|1.413157|0.811368|0.370125|0.428314|0.882652|0.858876|0.072727|0.365718|0.226926|-0.034395|0.450324|0.840293|0.826331|0.035461|141.000000|0.490469|0.357375|81.000000|0.354988|0.750000|-0.299092|16.000000|0.000000|1.765526|0.263675|0.263675|0.984589|0.331749|20150825.000000|20150825.000000|20160229.000000|20150612.000000|20160616.000000|20260828.000000
BUY2|2010-05-01|0.355121|0.688457|0.812930|0.515821|1.648494|7.180493|6.000000|0.657050|0.976609|1.193994|1.418542|0.817042|0.387549|0.428380|0.907011|0.868853|0.075472|0.399606|0.236972|-0.035137|0.466889|0.890572|0.882765|0.044444|135.000000|0.493442|0.366307|75.000000|0.358366|0.733333|-0.299214|15.000000|0.000000|1.787165|0.272591|0.272591|1.000000|0.356730|20150825.000000|20150825.000000|20160229.000000|20150612.000000|20160616.000000|20260828.000000
BUY2|2010-11-01|0.354999|0.692220|0.816368|0.512842|1.604702|8.072099|5.000000|0.665928|0.904310|1.088817|1.490318|0.843209|0.398615|0.441656|0.950466|0.885342|0.078431|0.461046|0.232852|-0.054037|0.444020|1.043503|0.935259|0.069767|129.000000|0.551936|0.376096|69.000000|0.300230|0.733333|-0.305538|15.000000|0.000000|1.735000|0.250721|0.250721|1.000000|0.356346|20150825.000000|20150825.000000|20160630.000000|20150609.000000|20160616.000000|20260828.000000
BUY2|2011-05-01|0.384714|0.698852|0.861194|0.550494|1.584686|8.366570|5.000000|0.668607|0.946449|1.116494|1.517271|0.827442|0.411044|0.438773|0.975109|0.941603|0.027211|0.464546|0.265003|-0.016117|0.442827|1.049047|0.970999|0.016260|123.000000|0.546007|0.383193|63.000000|0.313503|0.785714|-0.284564|14.000000|0.000000|1.788065|0.272957|0.272957|1.000000|0.386206|20150825.000000|20150825.000000|20160630.000000|20150609.000000|20160616.000000|20260828.000000
BUY2|2011-11-01|0.416732|0.692780|0.903602|0.601536|1.632613|7.990399|5.000000|0.671487|0.937729|1.091034|1.517866|0.851675|0.418081|0.442818|1.006142|0.955325|0.014184|0.485332|0.287154|0.065936|0.442818|1.096010|0.983125|0.000000|117.000000|0.652094|0.390131|57.000000|0.305441|0.785714|-0.285099|14.000000|0.000000|1.760674|0.261646|0.261646|1.000000|0.418616|20150825.000000|20150825.000000|20161230.000000|20150609.000000|20160616.000000|20260828.000000
BUY2|2012-05-01|0.376515|0.714042|0.847787|0.527301|1.644129|7.077987|5.000000|0.655346|0.938539|1.197788|1.523470|0.800345|0.443298|0.448488|1.108372|0.994529|0.037037|0.510841|0.273248|0.074632|0.448488|1.139953|1.021160|0.000000|111.000000|0.604388|0.391649|51.000000|0.470842|0.692308|-0.269492|13.000000|0.000000|1.786424|0.272289|0.272289|1.000000|0.377841|20150824.000000|20150824.000000|20170531.000000|20150612.000000|20160616.000000|20260828.000000
BUY2|2012-11-01|0.424678|0.714290|0.919894|0.594545|1.663176|6.939822|5.000000|0.655113|0.940688|1.197233|1.508422|0.800774|0.476251|0.448193|1.138758|1.013323|0.031008|0.523757|0.284441|0.110913|0.448193|1.168597|1.034388|0.000000|105.000000|0.604638|0.401103|45.000000|0.471273|0.769231|-0.272262|13.000000|0.000000|1.838755|0.293000|0.293000|1.000000|0.426667|20150824.000000|20150824.000000|20200430.000000|20150609.000000|20160616.000000|20260828.000000
BUY2|2013-05-01|0.494477|0.631606|1.016311|0.782887|1.660628|6.822108|6.000000|0.630396|0.772009|0.911287|1.453605|0.710583|0.563272|0.444194|1.340312|1.125529|0.016260|0.603983|0.502719|0.268261|0.444426|1.359020|1.144696|0.000000|99.000000|0.718647|0.539081|39.000000|0.434399|0.833333|-0.134420|12.000000|0.000000|1.709856|0.239702|0.239702|1.000000|0.496082|20150825.000000|20150825.000000|20181228.000000|20150612.000000|20160201.000000|20260828.000000
BUY2|2013-11-01|0.547460|0.646746|1.080246|0.846483|1.660958|8.183461|6.000000|0.639804|0.771777|0.942050|1.442956|0.765385|0.560283|0.454843|1.303186|1.111998|0.000000|0.568598|0.507234|0.258758|0.457940|1.241642|1.103064|0.000000|93.000000|0.740471|0.531308|33.000000|0.370997|0.833333|-0.185750|12.000000|0.000000|1.831810|0.290319|0.290319|1.000000|0.549065|20200323.000000|20200323.000000|20181228.000000|20150612.000000|20160201.000000|20260828.000000
BUY2|2014-05-01|0.449425|0.772632|0.940249|0.581680|1.670402|6.329918|6.000000|0.659247|1.194970|1.462625|1.496901|0.855237|0.466893|0.458013|1.048728|0.984476|0.036036|0.521620|0.418999|0.078507|0.465409|1.143867|1.029130|0.000000|87.000000|0.607708|0.403400|27.000000|0.375259|0.727273|-0.461562|11.000000|0.000000|1.811720|0.282450|0.282450|1.000000|0.450470|20200323.000000|20200323.000000|20200430.000000|20150609.000000|20160225.000000|20260828.000000
BUY2|2014-11-01|0.525421|0.799292|1.040181|0.657358|1.621929|8.131402|6.000000|0.643500|0.746079|1.000200|1.478695|0.795130|0.631721|0.441717|1.282525|1.189049|0.000000|0.653914|0.557319|0.097082|0.580149|1.139353|1.176228|0.000000|81.000000|0.711547|0.558201|21.000000|0.468042|0.727273|-0.294260|11.000000|0.000000|1.869923|0.304784|0.304784|1.000000|0.527044|20150824.000000|20150824.000000|20200430.000000|20150609.000000|20160518.000000|20260828.000000
BUY2|2015-05-01|0.537277|0.598157|1.104120|0.898221|1.585925|8.314941|6.000000|0.643248|0.748160|0.989897|1.471970|0.820801|0.612085|0.441987|1.309698|1.165352|0.000000|0.644999|0.550060|0.209851|0.577386|1.134767|1.165004|0.000000|75.000000|0.728754|0.589145|15.000000|0.564296|0.800000|-0.167531|10.000000|0.000000|2.043037|0.363692|0.363692|1.000000|0.538876|20150626.000000|20150626.000000|20200529.000000|20150609.000000|20160518.000000|20260828.000000
BUY2|2015-11-01|0.556603|0.549975|1.129567|1.012053|1.644688|7.695701|6.000000|0.648519|0.735584|0.932583|1.480480|0.835486|0.625974|0.469559|1.288666|1.202144|0.000000|0.643548|0.584752|0.485227|0.549975|1.229112|1.186242|0.000000|69.000000|0.672492|0.686187|9.000000|0.451743|0.800000|-0.164649|10.000000|0.000000|1.809921|0.281736|0.281736|1.000000|0.558456|20200323.000000|20200323.000000|20241231.000000|20200114.000000|20200323.000000|20260828.000000
BUY2|2016-05-01|0.609419|0.567527|1.221760|1.073815|1.667460|5.025291|5.000000|0.624148|0.740751|0.978180|1.489894|0.709047|0.604004|0.467271|1.244420|1.164948|0.000000|0.608274|0.561606|0.472639|0.567527|1.154832|1.158406|0.000000|63.000000|0.605616|0.607431|3.000000|0.470924|0.888889|-0.152733|9.000000|0.000000|1.909462|0.319180|0.319180|1.000000|0.611809|20200323.000000|20200323.000000|20241231.000000|20200114.000000|20200323.000000|20260828.000000
#EX5|2011-11-01|000338,000651,000933,002128,601088,688516
EX5:BASE|2009-11-01|0.280913|0.747002|0.735867|0.376054|1.518607|5.142700|6.000000|0.621128|0.720456|0.951353|1.344988|0.645519|0.395623|0.544576|0.746949|0.897334|0.151515|0.388681|0.219117|-0.174675|0.544576|0.650737|0.878021|0.106383|141.000000|0.504277|0.349218|81.000000|0.247777|0.625000|-0.346536|16.000000|0.000000|1.680803|0.226560|0.226560|0.984589|0.282057|20200323.000000|20200323.000000|20160229.000000|20110328.000000|20140320.000000|20260828.000000
EX5:BASE|2010-05-01|0.305526|0.746047|0.775389|0.409527|1.552699|4.997100|6.000000|0.623387|0.721419|0.948088|1.365356|0.640093|0.408378|0.544113|0.819885|0.927747|0.119497|0.398709|0.317818|-0.159893|0.544113|0.690511|0.906275|0.081481|135.000000|0.493910|0.366905|75.000000|0.312532|0.666667|-0.346227|15.000000|0.000000|1.681238|0.226760|0.226760|1.000000|0.306887|20200323.000000|20200323.000000|20160229.000000|20110328.000000|20140320.000000|20260828.000000
EX5:BASE|2010-11-01|0.339533|0.607389|0.857991|0.559004|1.477613|5.093960|7.000000|0.612096|0.714445|0.966608|1.327260|0.589320|0.428115|0.459484|0.867119|0.972426|0.084967|0.414977|0.346672|-0.016833|0.545557|0.732668|0.938660|0.007752|129.000000|0.503956|0.392043|69.000000|0.321026|0.666667|-0.202368|15.000000|0.000000|1.679106|0.225779|0.225779|1.000000|0.340813|20200323.000000|20200323.000000|20160229.000000|20150615.000000|20160229.000000|20260828.000000
EX5:BASE|2011-05-01|0.357934|0.647831|0.871389|0.552512|1.527603|5.163454|7.000000|0.617821|0.712927|0.949980|1.348863|0.634741|0.426898|0.446711|0.882031|0.984930|0.040816|0.411690|0.352084|0.035113|0.545588|0.726416|0.936904|0.000000|123.000000|0.509980|0.405457|63.000000|0.364335|0.714286|-0.202480|14.000000|0.000000|1.589673|0.182222|0.182222|1.000000|0.359310|20150825.000000|20150825.000000|20160531.000000|20150615.000000|20160229.000000|20260828.000000
EX5:BASE|2011-11-01|0.382063|0.647953|0.907721|0.589646|1.575454|5.681739|7.000000|0.616261|0.712832|0.950122|1.351677|0.621560|0.451210|0.516050|1.037607|1.045321|0.000000|0.438256|0.370645|0.084642|0.545600|0.796197|1.005347|0.000000|117.000000|0.549111|0.431414|57.000000|0.401376|0.714286|-0.202459|14.000000|0.000000|1.590403|0.182597|0.182597|1.000000|0.383770|20150825.000000|20150825.000000|20161230.000000|20150615.000000|20160229.000000|20260828.000000
EX5:BASE|2012-05-01|0.397324|0.656458|0.945216|0.605255|1.600308|5.131507|7.000000|0.616296|0.706232|0.950754|1.343814|0.616383|0.432466|0.544560|0.940567|1.039117|0.000000|0.428444|0.370227|0.133451|0.544560|0.731777|0.964489|0.000000|111.000000|0.522771|0.410202|51.000000|0.444515|0.769231|-0.129949|13.000000|0.000000|1.680314|0.226335|0.226335|1.000000|0.398733|20200323.000000|20200323.000000|20200529.000000|20150615.000000|20160229.000000|20260828.000000
EX5:BASE|2012-11-01|0.446393|0.671043|1.002679|0.665223|1.641253|5.104096|7.000000|0.611093|0.714097|0.994978|1.331284|0.581001|0.452184|0.545674|1.016826|1.097213|0.007752|0.449818|0.382928|0.125621|0.545674|0.819801|1.028174|0.000000|105.000000|0.535409|0.437944|45.000000|0.462752|0.769231|-0.130043|13.000000|0.000000|1.557060|0.165093|0.165093|1.000000|0.448500|20150825.000000|20150825.000000|20200529.000000|20150615.000000|20160229.000000|20260828.000000
EX5:BASE|2013-05-01|0.388021|0.686305|0.908117|0.565377|1.625651|5.318030|7.000000|0.609759|0.729546|1.060315|1.307298|0.576674|0.408679|0.506177|0.900202|1.005264|0.000000|0.419094|0.319613|0.075892|0.531196|0.788963|0.987759|0.000000|99.000000|0.524657|0.381743|39.000000|0.457579|0.833333|-0.237957|12.000000|0.000000|1.626376|0.200677|0.200677|1.000000|0.389237|20150825.000000|20150825.000000|20200529.000000|20150615.000000|20160229.000000|20260828.000000
EX5:BASE|2013-11-01|0.426588|0.659942|0.971147|0.646402|1.627871|5.005935|7.000000|0.611600|0.711301|0.951783|1.345147|0.602564|0.445793|0.472097|0.974898|1.055954|0.000000|0.470786|0.360838|0.143689|0.546543|0.861389|1.069282|0.000000|93.000000|0.538201|0.433035|33.000000|0.396085|0.833333|-0.174884|12.000000|0.000000|1.671445|0.222230|0.222230|1.000000|0.427792|20150825.000000|20150825.000000|20200529.000000|20150615.000000|20160229.000000|20260828.000000
EX5:BASE|2014-05-01|0.452591|0.716158|1.016620|0.631971|1.610565|5.222939|8.000000|0.608124|0.748387|1.002131|1.310650|0.571714|0.433876|0.465276|1.119944|1.056012|0.000000|0.459214|0.349583|0.075129|0.545385|0.842000|1.066401|0.000000|87.000000|0.523518|0.428146|27.000000|0.444501|0.727273|-0.247844|11.000000|0.000000|1.679333|0.225883|0.225883|1.000000|0.453645|20200323.000000|20200323.000000|20200529.000000|20150615.000000|20160229.000000|20260828.000000
EX5:BASE|2014-11-01|0.437127|0.743455|0.985716|0.587966|1.602880|5.768832|7.000000|0.611746|0.706071|0.950148|1.323701|0.592348|0.462102|0.357899|1.310680|1.140100|0.000000|0.478840|0.374428|0.058450|0.545545|0.877728|1.084905|0.000000|81.000000|0.533813|0.462495|21.000000|0.481892|0.727273|-0.315999|11.000000|0.000000|1.521648|0.145663|0.145663|1.000000|0.438440|20150825.000000|20150825.000000|20200529.000000|20150615.000000|20160128.000000|20260828.000000
EX5:BASE|2015-05-01|0.397005|0.564354|1.021295|0.703468|1.508349|5.233694|7.000000|0.601592|0.692666|0.818276|1.334274|0.513962|0.446562|0.320577|1.508314|1.090102|0.000000|0.482739|0.349240|0.122725|0.474254|1.017891|1.110883|0.000000|75.000000|0.532457|0.444903|15.000000|0.484007|0.800000|-0.272405|10.000000|0.000000|1.785690|0.271990|0.271990|1.000000|0.398135|20200323.000000|20200323.000000|20200529.000000|20150615.000000|20160613.000000|20260828.000000
EX5:BASE|2015-11-01|0.416078|0.478839|1.063107|0.868930|1.567232|5.223349|7.000000|0.602380|0.693366|0.803670|1.323537|0.525872|0.399232|0.320714|1.450706|1.113493|0.000000|0.440863|0.362350|0.213095|0.474550|0.940336|1.065645|0.000000|69.000000|0.503928|0.502829|9.000000|0.427481|0.800000|-0.267057|10.000000|0.000000|1.784613|0.271551|0.271551|1.000000|0.417403|20200323.000000|20200323.000000|20230131.000000|20151225.000000|20160613.000000|20260828.000000
EX5:BASE|2016-05-01|0.551477|0.474701|1.307318|1.161735|1.592007|5.102092|7.000000|0.600741|0.694532|0.826776|1.354241|0.507373|0.468000|0.320116|1.548988|1.211854|0.000000|0.508501|0.429232|0.269597|0.474701|1.079670|1.151692|0.000000|63.000000|0.545341|0.547382|3.000000|0.544806|0.888889|-0.076812|9.000000|0.000000|1.784219|0.271390|0.271390|1.000000|0.553603|20200323.000000|20200323.000000|20230131.000000|20200114.000000|20200323.000000|20260828.000000
EX5:BUY2|2009-11-01|0.282295|0.736722|0.742900|0.383177|1.515377|4.475240|6.000000|0.619249|0.727081|0.940410|1.353357|0.639225|0.398256|0.546179|0.782222|0.926355|0.151515|0.398298|0.233567|-0.161306|0.546179|0.667034|0.894929|0.106383|141.000000|0.507887|0.361126|81.000000|0.266605|0.625000|-0.346536|16.000000|0.000000|1.677710|0.225134|0.225134|0.984589|0.283445|20200323.000000|20200323.000000|20160229.000000|20110328.000000|20140320.000000|20260828.000000
EX5:BUY2|2010-05-01|0.287743|0.733234|0.737694|0.392430|1.558084|4.338296|6.000000|0.617554|0.731907|0.911943|1.358642|0.636718|0.386809|0.534702|0.793713|0.906009|0.119497|0.388264|0.306283|-0.163892|0.534702|0.676922|0.887541|0.081481|135.000000|0.504801|0.359916|75.000000|0.238036|0.733333|-0.346227|15.000000|0.000000|1.609748|0.192420|0.192420|1.000000|0.289015|20150825.000000|20150825.000000|20160229.000000|20110328.000000|20121115.000000|20260828.000000
EX5:BUY2|2010-11-01|0.349359|0.666904|0.865807|0.523852|1.477676|4.729801|6.000000|0.611857|0.708698|0.950782|1.324888|0.598807|0.433982|0.482595|0.890747|0.963305|0.078431|0.428001|0.336171|-0.043172|0.545724|0.726353|0.950794|0.015504|129.000000|0.552253|0.401590|69.000000|0.341757|0.733333|-0.178633|15.000000|0.000000|1.595726|0.185324|0.185324|1.000000|0.350681|20150825.000000|20150825.000000|20160229.000000|20150615.000000|20160229.000000|20260828.000000
EX5:BUY2|2011-05-01|0.357946|0.666283|0.875803|0.537228|1.520438|4.658547|6.000000|0.616599|0.709612|0.950381|1.339088|0.642958|0.432363|0.481385|0.894092|0.991350|0.040816|0.414463|0.353632|0.025560|0.545702|0.731754|0.937770|0.000000|123.000000|0.515891|0.405160|63.000000|0.375986|0.785714|-0.178679|14.000000|0.000000|1.595855|0.185390|0.185390|1.000000|0.359321|20150825.000000|20150825.000000|20160531.000000|20150615.000000|20160229.000000|20260828.000000
EX5:BUY2|2011-11-01|0.381772|0.625149|0.923642|0.610689|1.562412|4.719986|7.000000|0.616870|0.709905|0.903612|1.326959|0.620142|0.436376|0.498232|1.034504|1.035993|0.000000|0.443999|0.359147|0.085108|0.535399|0.824350|1.025247|0.000000|117.000000|0.547665|0.423493|57.000000|0.388381|0.785714|-0.178543|14.000000|0.000000|1.693551|0.232382|0.232382|1.000000|0.383477|20200323.000000|20200323.000000|20161230.000000|20150615.000000|20160229.000000|20260828.000000
EX5:BUY2|2012-05-01|0.411707|0.666570|0.950956|0.617650|1.592062|5.381021|7.000000|0.620898|0.711009|0.950407|1.357380|0.683300|0.433563|0.545660|0.957164|1.040212|0.000000|0.433062|0.366679|0.136788|0.545660|0.744232|0.940755|0.000000|111.000000|0.555899|0.410356|51.000000|0.492009|0.846154|-0.145003|13.000000|0.000000|1.596233|0.185583|0.185583|1.000000|0.413174|20150825.000000|20150825.000000|20200529.000000|20150615.000000|20160229.000000|20260828.000000
EX5:BUY2|2012-11-01|0.466433|0.658800|1.039040|0.708003|1.633022|4.659234|7.000000|0.615152|0.708638|0.909795|1.335124|0.615247|0.465547|0.539892|1.128689|1.141116|0.000000|0.478449|0.390986|0.140660|0.539892|0.886195|1.098864|0.000000|105.000000|0.566499|0.456559|45.000000|0.474556|0.846154|-0.136401|13.000000|0.000000|1.609281|0.192186|0.192186|1.000000|0.468648|20150825.000000|20150825.000000|20200529.000000|20150615.000000|20160229.000000|20260828.000000
EX5:BUY2|2013-05-01|0.420487|0.631105|0.983934|0.666270|1.586819|5.193160|6.000000|0.618273|0.705369|0.859949|1.360495|0.693613|0.425742|0.500061|0.923703|1.030057|0.000000|0.440848|0.355060|0.138509|0.534460|0.811833|1.019237|0.000000|99.000000|0.546317|0.415611|39.000000|0.458456|0.833333|-0.236410|12.000000|0.000000|1.695092|0.233080|0.233080|1.000000|0.421819|20200323.000000|20200323.000000|20200529.000000|20150615.000000|20160526.000000|20260828.000000
EX5:BUY2|2013-11-01|0.450437|0.628513|1.018306|0.716672|1.622018|4.658810|6.000000|0.615186|0.706047|0.948352|1.349469|0.591026|0.465800|0.435715|1.149471|1.144747|0.000000|0.527209|0.371994|0.125745|0.544464|0.977518|1.148010|0.000000|93.000000|0.557861|0.453463|33.000000|0.428369|0.833333|-0.195370|12.000000|0.000000|1.680103|0.226238|0.226238|1.000000|0.451719|20200323.000000|20200323.000000|20200529.000000|20150615.000000|20160229.000000|20260828.000000
EX5:BUY2|2014-05-01|0.501168|0.711980|1.079384|0.703908|1.618093|4.621699|7.000000|0.616917|0.711252|0.947954|1.355606|0.625751|0.486587|0.454352|1.180283|1.177621|0.000000|0.540803|0.420195|0.097401|0.544931|1.011209|1.201925|0.000000|87.000000|0.555544|0.481437|27.000000|0.474749|0.727273|-0.174276|11.000000|0.000000|1.649934|0.212090|0.212090|1.000000|0.502353|20150824.000000|20150824.000000|20200529.000000|20150615.000000|20160229.000000|20260828.000000
EX5:BUY2|2014-11-01|0.424127|0.805761|0.949259|0.526368|1.612784|5.730586|7.000000|0.616977|0.696417|0.990261|1.361549|0.640348|0.456123|0.376400|1.155334|1.099294|0.009524|0.493092|0.396059|-0.010660|0.544172|0.906133|1.116282|0.012346|81.000000|0.546517|0.458410|21.000000|0.492014|0.727273|-0.442781|11.000000|0.000000|1.434298|0.093633|0.093633|1.000000|0.425395|20150825.000000|20150825.000000|20200529.000000|20150612.000000|20160229.000000|20260828.000000
EX5:BUY2|2015-05-01|0.368483|0.613263|0.958762|0.600857|1.506807|4.379172|7.000000|0.600656|0.680686|0.823954|1.390806|0.505660|0.413600|0.319310|1.174854|1.041648|0.000000|0.429907|0.333785|0.181835|0.409183|1.108056|1.042516|0.000000|75.000000|0.515392|0.405794|15.000000|0.454242|0.800000|-0.321603|10.000000|0.000000|1.886008|0.310714|0.310714|1.000000|0.369521|20200323.000000|20200323.000000|20200529.000000|20150615.000000|20160613.000000|20260828.000000
EX5:BUY2|2015-11-01|0.428515|0.510393|1.075204|0.839578|1.564393|4.456420|7.000000|0.610392|0.695745|0.816047|1.374224|0.584132|0.473945|0.319271|1.429987|1.151073|0.000000|0.503947|0.440332|0.281580|0.474466|1.093488|1.170532|0.000000|69.000000|0.535574|0.525070|9.000000|0.510324|0.800000|-0.312249|10.000000|0.000000|1.784614|0.271551|0.271551|1.000000|0.429885|20200323.000000|20200323.000000|20230131.000000|20151225.000000|20160613.000000|20260828.000000
EX5:BUY2|2016-05-01|0.497615|0.475218|1.239471|1.047131|1.586393|4.714275|7.000000|0.603926|0.696776|0.809295|1.331797|0.540056|0.376277|0.320314|1.394415|1.059865|0.000000|0.397945|0.332762|0.185860|0.475218|0.850129|1.002993|0.000000|63.000000|0.490701|0.491199|3.000000|0.449829|0.888889|-0.076945|9.000000|0.000000|1.783267|0.271001|0.271001|1.000000|0.499502|20200323.000000|20200323.000000|20230131.000000|20200114.000000|20200323.000000|20260828.000000
