#SET|A|000933,002128,601225,002466,600938
EX5:ABASE|2009-11-01|0.347752|0.628982|0.702978|0.552880|1.632845|5.658224|5.000000|0.654724|0.952443|1.212503|1.517923|0.837388|0.354812|0.514574|0.837847|0.759189|0.072727|0.383245|0.291315|0.000013|0.543134|0.782074|0.824499|0.000000|141.000000|0.452307|0.387266|81.000000|0.266785|0.875000|-0.411825|16.000000
EX5:ABASE|2010-05-01|0.367475|0.629058|0.731907|0.584166|1.665657|6.713924|5.000000|0.665521|0.966296|1.224207|1.526237|0.853340|0.360015|0.511578|0.849503|0.771029|0.069182|0.387985|0.293277|-0.010486|0.535992|0.778736|0.828902|0.007407|135.000000|0.458137|0.387227|75.000000|0.280258|0.866667|-0.402684|15.000000
EX5:ABASE|2010-11-01|0.282452|0.635817|0.555561|0.444235|1.657009|6.239864|5.000000|0.667206|0.930167|1.071559|1.534187|0.829478|0.301523|0.467790|0.672835|0.627304|0.091503|0.324008|0.258618|-0.078477|0.552239|0.593349|0.623429|0.046512|129.000000|0.350460|0.298081|69.000000|0.274466|0.666667|-0.425953|15.000000
EX5:ABASE|2011-05-01|0.257829|0.636231|0.520043|0.405245|1.607569|4.444482|5.000000|0.655144|0.948074|1.085885|1.513952|0.799054|0.301303|0.436467|0.655841|0.617276|0.047619|0.312838|0.249285|0.032167|0.555538|0.594438|0.615316|0.000000|123.000000|0.344428|0.301469|63.000000|0.301813|0.714286|-0.430865|14.000000
EX5:ABASE|2011-11-01|0.312401|0.636306|0.627885|0.490961|1.658535|5.371549|6.000000|0.651663|0.949534|1.087902|1.542129|0.776245|0.309213|0.436697|0.702457|0.657058|0.007092|0.330245|0.284261|0.138943|0.532886|0.633513|0.636867|0.000000|117.000000|0.410789|0.307113|57.000000|0.297393|0.714286|-0.398004|14.000000
EX5:ABASE|2012-05-01|0.374053|0.635055|0.750202|0.589009|1.687973|5.831094|6.000000|0.632539|0.826819|1.048027|1.529801|0.724108|0.402229|0.461952|0.937894|0.793645|0.000000|0.425881|0.323120|0.243317|0.496161|0.860998|0.825450|0.000000|111.000000|0.469396|0.412170|51.000000|0.340166|0.846154|-0.393783|13.000000
EX5:ABASE|2012-11-01|0.448959|0.637272|0.889430|0.704502|1.712728|5.497816|6.000000|0.652669|0.847117|1.056338|1.539123|0.795116|0.408298|0.458802|0.970578|0.809218|0.000000|0.438248|0.336690|0.249277|0.496297|0.864742|0.831816|0.000000|105.000000|0.498620|0.432638|45.000000|0.395396|0.923077|-0.393825|13.000000
EX5:ABASE|2013-05-01|0.421393|0.638464|0.850093|0.660011|1.709562|5.463195|6.000000|0.637332|0.815370|1.045707|1.521517|0.737118|0.411251|0.374515|0.955581|0.819855|0.000000|0.413564|0.318530|0.239657|0.498961|0.891671|0.832645|0.000000|99.000000|0.473540|0.427624|39.000000|0.340828|0.916667|-0.395900|12.000000
EX5:ABASE|2013-11-01|0.459563|0.628528|0.903461|0.731173|1.705309|5.676671|6.000000|0.657288|0.853171|1.050956|1.526346|0.808974|0.408345|0.412379|0.905823|0.830552|0.000000|0.402830|0.338972|0.229074|0.545659|0.864629|0.819801|0.000000|93.000000|0.493736|0.433218|33.000000|0.401013|0.916667|-0.387628|12.000000
EX5:ABASE|2014-05-01|0.464381|0.654258|0.910614|0.709783|1.712155|5.902553|6.000000|0.646645|0.907144|1.089370|1.471915|0.744830|0.385582|0.413074|0.869273|0.779689|0.000000|0.392898|0.310318|0.212292|0.545366|0.839812|0.771848|0.000000|87.000000|0.471528|0.417399|27.000000|0.383936|0.818182|-0.388682|11.000000
EX5:ABASE|2014-11-01|0.532444|0.681500|1.071069|0.781283|1.702139|5.462345|5.000000|0.619373|0.841247|1.181243|1.533107|0.596522|0.513022|0.349432|1.233218|0.993463|0.000000|0.434017|0.366946|0.270264|0.454503|1.177161|0.976878|0.000000|81.000000|0.559478|0.506599|21.000000|0.404916|0.727273|-0.186493|11.000000
EX5:ABASE|2015-05-01|0.319991|0.602592|0.701928|0.531025|1.627881|5.553339|5.000000|0.634619|0.770287|0.930757|1.525806|0.667288|0.332124|0.349767|0.834314|0.716727|0.000000|0.346742|0.295596|0.167314|0.426794|0.853649|0.739602|0.000000|75.000000|0.441893|0.343653|15.000000|0.309950|0.700000|-0.399078|10.000000
EX5:ABASE|2015-11-01|0.386747|0.496661|0.853088|0.778693|1.676012|5.932794|5.000000|0.643778|0.778250|0.954904|1.540768|0.759119|0.351104|0.358485|0.831218|0.705759|0.000000|0.336932|0.290929|0.208602|0.358485|0.852127|0.729922|0.000000|69.000000|0.458051|0.468897|9.000000|0.302905|0.700000|-0.400229|10.000000
EX5:ABASE|2016-05-01|0.472916|0.430173|1.082359|1.099363|1.684192|5.743661|6.000000|0.632134|0.835684|1.015302|1.444917|0.697888|0.362065|0.364186|0.975371|0.744061|0.000000|0.303642|0.261498|0.190997|0.364186|0.814222|0.658099|0.000000|63.000000|0.446158|0.452533|3.000000|0.376616|0.777778|-0.237466|9.000000
EX5:ATW000|2009-11-01|0.330678|0.639431|0.683504|0.517144|1.615634|5.438403|5.000000|0.647757|0.861762|1.066400|1.503742|0.782328|0.386574|0.458512|0.996477|0.853616|0.115152|0.394758|0.311188|-0.042246|0.458512|0.871427|0.851379|0.007092|141.000000|0.390426|0.427971|81.000000|0.317142|0.750000|-0.277351|16.000000
EX5:ATW000|2010-05-01|0.347323|0.644084|0.718610|0.539251|1.640675|6.288212|5.000000|0.653554|0.861638|1.067552|1.490923|0.773286|0.401241|0.455690|1.003418|0.904068|0.094340|0.397497|0.323931|-0.043117|0.464447|0.869450|0.893970|0.007407|135.000000|0.397497|0.429635|75.000000|0.303585|0.800000|-0.277183|15.000000
EX5:ATW000|2010-11-01|0.356587|0.643065|0.742601|0.554512|1.653116|5.559107|5.000000|0.646509|0.860327|1.038331|1.509789|0.706265|0.443512|0.437636|1.167631|0.976522|0.071895|0.440079|0.389875|-0.060881|0.458396|0.936906|0.989792|0.023256|129.000000|0.499628|0.446803|69.000000|0.369996|0.800000|-0.285090|15.000000
EX5:ATW000|2011-05-01|0.351180|0.637727|0.745639|0.550675|1.592039|5.487063|5.000000|0.644449|0.855934|1.034378|1.484985|0.749791|0.427861|0.426917|1.081720|0.885934|0.013605|0.416451|0.355432|0.052204|0.458427|0.902726|0.891011|0.000000|123.000000|0.384487|0.434896|63.000000|0.381807|0.785714|-0.207360|14.000000
EX5:ATW000|2011-11-01|0.417393|0.638362|0.871839|0.653851|1.638512|6.337925|5.000000|0.647474|0.858437|1.033678|1.500081|0.753448|0.449093|0.426656|1.089468|0.897246|0.000000|0.450290|0.379925|0.182586|0.458533|0.947399|0.942960|0.000000|117.000000|0.575284|0.443746|57.000000|0.384449|0.785714|-0.207462|14.000000
EX5:ATW000|2012-05-01|0.407192|0.639062|0.848310|0.637171|1.658282|7.140216|5.000000|0.641485|0.842686|1.038679|1.479481|0.756041|0.477956|0.458567|1.177309|0.980588|0.000000|0.438877|0.383487|0.241292|0.464357|1.014875|0.987781|0.000000|111.000000|0.537474|0.458314|51.000000|0.351918|0.846154|-0.223323|13.000000
EX5:ATW000|2012-11-01|0.483024|0.638720|1.022566|0.756238|1.690881|6.867242|5.000000|0.633069|0.789929|1.036638|1.479288|0.695950|0.512041|0.434192|1.347883|1.093142|0.000000|0.475912|0.423758|0.350814|0.464356|1.148908|1.085916|0.000000|105.000000|0.575868|0.487305|45.000000|0.355656|0.846154|-0.221130|13.000000
EX5:ATW000|2013-05-01|0.366008|0.634118|0.764939|0.577192|1.683728|5.490535|5.000000|0.630244|0.764651|1.001735|1.465920|0.703487|0.404546|0.399254|0.973139|0.846351|0.000000|0.376810|0.337386|0.221258|0.464189|0.907555|0.851675|0.000000|99.000000|0.432368|0.396264|39.000000|0.258146|0.916667|-0.263330|12.000000
EX5:ATW000|2013-11-01|0.397343|0.635943|0.815928|0.624810|1.685675|6.784776|6.000000|0.632713|0.770246|0.991911|1.444981|0.688782|0.427115|0.399172|1.036624|0.860777|0.000000|0.399514|0.346170|0.201382|0.450387|0.949054|0.882673|0.000000|93.000000|0.451359|0.416620|33.000000|0.306289|0.916667|-0.241569|12.000000
EX5:ATW000|2014-05-01|0.525129|0.660255|1.067245|0.795343|1.698443|6.938860|5.000000|0.638527|0.844486|1.150955|1.501652|0.753502|0.529347|0.384136|1.166685|1.004458|0.000000|0.448624|0.377995|0.299751|0.464419|1.085492|0.969068|0.000000|87.000000|0.574189|0.480455|27.000000|0.382011|0.727273|-0.222651|11.000000
EX5:ATW000|2014-11-01|0.441527|0.726979|0.907585|0.607345|1.667257|6.537728|5.000000|0.626989|0.846297|1.405755|1.484841|0.691130|0.445729|0.392422|1.330063|0.995808|0.000000|0.400475|0.368514|0.225910|0.392422|1.190014|1.021242|0.000000|81.000000|0.497140|0.457216|21.000000|0.267022|0.818182|-0.284691|11.000000
EX5:ATW000|2015-05-01|0.403942|0.600033|0.915355|0.673200|1.608614|6.597515|5.000000|0.622051|0.730773|0.955039|1.458088|0.703096|0.430095|0.391522|1.093663|0.922735|0.000000|0.426462|0.358759|0.245906|0.485562|1.010975|0.960866|0.000000|75.000000|0.553819|0.427591|15.000000|0.371109|0.800000|-0.234041|10.000000
EX5:ATW000|2015-11-01|0.450220|0.485827|1.039579|0.926709|1.657474|6.213209|5.000000|0.625060|0.734710|0.955845|1.447045|0.721125|0.441271|0.391443|1.107568|0.929909|0.000000|0.408554|0.358854|0.292398|0.394278|1.026957|0.968712|0.000000|69.000000|0.539939|0.543440|9.000000|0.372878|0.800000|-0.234337|10.000000
EX5:ATW000|2016-05-01|0.484910|0.415771|1.189921|1.166292|1.649886|6.387642|5.000000|0.635495|0.770559|0.891252|1.478392|0.741331|0.457320|0.378333|1.299927|1.005400|0.000000|0.385521|0.355540|0.285798|0.378333|1.138711|0.984210|0.000000|63.000000|0.481968|0.479242|3.000000|0.381717|0.888889|-0.190291|9.000000
EX5:ATW025|2009-11-01|0.336568|0.637987|0.684164|0.527546|1.633256|5.079472|5.000000|0.650057|0.917758|1.152735|1.540851|0.741375|0.357986|0.464088|0.874964|0.743259|0.090909|0.385677|0.281390|-0.041085|0.464088|0.793405|0.769643|0.007092|141.000000|0.480052|0.391463|81.000000|0.244174|0.750000|-0.264067|16.000000
EX5:ATW025|2010-05-01|0.380760|0.638025|0.769753|0.596779|1.664018|5.029094|5.000000|0.655461|0.923535|1.151231|1.558508|0.760491|0.378883|0.455497|0.967875|0.829346|0.069182|0.406724|0.323842|-0.041496|0.464108|0.840236|0.818244|0.007407|135.000000|0.536725|0.406809|75.000000|0.277862|0.800000|-0.264115|15.000000
EX5:ATW025|2010-11-01|0.314132|0.623904|0.631046|0.503494|1.659732|4.866649|5.000000|0.671982|0.888809|1.050629|1.576737|0.757733|0.360422|0.453407|0.864648|0.738916|0.084967|0.388263|0.294811|-0.074337|0.464187|0.820426|0.751515|0.038760|129.000000|0.466170|0.383237|69.000000|0.219399|0.666667|-0.272046|15.000000
EX5:ATW025|2011-05-01|0.373736|0.624006|0.775479|0.598931|1.604372|5.399713|5.000000|0.657470|0.892449|1.050952|1.539044|0.720846|0.389422|0.455340|0.930462|0.816231|0.040816|0.426918|0.316973|0.037040|0.463655|0.894380|0.829071|0.000000|123.000000|0.547153|0.406881|63.000000|0.280246|0.714286|-0.198345|14.000000
EX5:ATW025|2011-11-01|0.381516|0.625106|0.789058|0.610322|1.649328|4.913559|5.000000|0.657946|0.887716|1.049281|1.542040|0.719392|0.393669|0.448728|0.963272|0.841279|0.000000|0.422076|0.316841|0.175428|0.463718|0.883807|0.832035|0.000000|117.000000|0.512995|0.412657|57.000000|0.280138|0.714286|-0.198367|14.000000
EX5:ATW025|2012-05-01|0.369619|0.601107|0.752531|0.614897|1.670908|5.552663|5.000000|0.632520|0.816241|0.982539|1.504686|0.664269|0.375823|0.441077|0.892427|0.759541|0.000000|0.372883|0.306271|0.217129|0.464969|0.813002|0.763234|0.000000|111.000000|0.471476|0.365142|51.000000|0.264776|0.769231|-0.255928|13.000000
EX5:ATW025|2012-11-01|0.470509|0.625341|0.951595|0.752403|1.705623|5.941697|5.000000|0.638464|0.819544|0.999219|1.525007|0.671531|0.460968|0.434558|1.033497|0.881990|0.000000|0.450914|0.337254|0.246268|0.464687|0.959614|0.890410|0.000000|105.000000|0.542339|0.447353|45.000000|0.351243|0.769231|-0.206556|13.000000
EX5:ATW025|2013-05-01|0.393909|0.611497|0.793793|0.644171|1.706412|5.290821|5.000000|0.632670|0.776725|0.963162|1.497991|0.696081|0.410899|0.419468|0.925648|0.782075|0.000000|0.382828|0.300926|0.232612|0.476770|0.833917|0.770638|0.000000|99.000000|0.449443|0.393545|39.000000|0.351709|0.833333|-0.294399|12.000000
EX5:ATW025|2013-11-01|0.415177|0.652834|0.818790|0.635961|1.707226|4.860649|5.000000|0.630053|0.829335|1.133423|1.459401|0.674038|0.398002|0.383313|0.889766|0.751176|0.000000|0.367121|0.303464|0.162234|0.485093|0.841190|0.739697|0.000000|93.000000|0.483181|0.373361|33.000000|0.318428|0.750000|-0.279375|12.000000
EX5:ATW025|2014-05-01|0.501232|0.660471|0.996975|0.758902|1.719456|5.197520|5.000000|0.636920|0.842010|1.151452|1.586024|0.676785|0.468700|0.359384|1.047750|0.873002|0.000000|0.436207|0.321815|0.240361|0.464088|0.936185|0.845434|0.000000|87.000000|0.541342|0.449227|27.000000|0.392020|0.727273|-0.222875|11.000000
EX5:ATW025|2014-11-01|0.417340|0.714153|0.838903|0.584384|1.683468|4.999409|5.000000|0.625304|0.836311|1.379655|1.509995|0.625391|0.402547|0.366872|1.092234|0.847929|0.000000|0.351373|0.305523|0.229613|0.385589|0.938755|0.769930|0.000000|81.000000|0.462464|0.406273|21.000000|0.213957|0.727273|-0.262741|11.000000
EX5:ATW025|2015-05-01|0.437562|0.586484|0.975470|0.746077|1.621146|5.700466|5.000000|0.631795|0.750676|0.944708|1.476001|0.743006|0.457521|0.370958|1.151179|0.989129|0.000000|0.457001|0.383130|0.264800|0.501637|1.100128|1.012765|0.000000|75.000000|0.581332|0.448884|15.000000|0.442820|0.700000|-0.253493|10.000000
EX5:ATW025|2015-11-01|0.462955|0.501651|1.058734|0.922861|1.670643|6.204597|5.000000|0.632813|0.753568|0.945759|1.467355|0.740502|0.483760|0.371027|1.147897|0.995906|0.000000|0.425602|0.371799|0.311722|0.413968|1.098427|1.005219|0.000000|69.000000|0.541579|0.544713|9.000000|0.457901|0.700000|-0.253684|10.000000
EX5:ATW025|2016-05-01|0.533560|0.397453|1.233611|1.342448|1.660913|6.610423|5.000000|0.628668|0.765990|0.960724|1.421201|0.675568|0.429462|0.358339|1.208898|0.861680|0.000000|0.339792|0.306931|0.240710|0.358339|0.940620|0.801557|0.000000|63.000000|0.507447|0.507207|3.000000|0.282733|0.777778|-0.182131|9.000000
EX5:ATW050|2009-11-01|0.356336|0.643938|0.709307|0.553370|1.645519|4.973307|5.000000|0.658109|0.928190|1.182662|1.559006|0.800447|0.377312|0.464781|0.884977|0.685090|0.078788|0.394512|0.280697|-0.006323|0.464781|0.801647|0.714209|0.007092|141.000000|0.477753|0.405600|81.000000|0.213765|0.812500|-0.228482|16.000000
EX5:ATW050|2010-05-01|0.383072|0.643306|0.760069|0.595474|1.679880|5.048110|5.000000|0.666896|0.933033|1.184310|1.583884|0.812436|0.389294|0.459398|0.968661|0.752404|0.069182|0.415857|0.300795|-0.006548|0.464770|0.842292|0.804009|0.007407|135.000000|0.507100|0.420526|75.000000|0.222981|0.800000|-0.228660|15.000000
EX5:ATW050|2010-11-01|0.306993|0.651391|0.601589|0.471288|1.662336|5.860922|5.000000|0.653137|0.932389|1.130748|1.510400|0.752794|0.343350|0.441976|0.759807|0.668705|0.091503|0.344046|0.291027|-0.079893|0.442892|0.766010|0.686738|0.046512|129.000000|0.437918|0.336794|69.000000|0.241945|0.733333|-0.241902|15.000000
EX5:ATW050|2011-05-01|0.359722|0.620944|0.743126|0.579316|1.602326|5.255760|5.000000|0.647443|0.916007|1.062623|1.528089|0.743112|0.383750|0.415753|0.919025|0.771661|0.040816|0.417304|0.319557|0.039089|0.415753|0.869668|0.805810|0.000000|123.000000|0.502396|0.399709|63.000000|0.305141|0.785714|-0.188579|14.000000
EX5:ATW050|2011-11-01|0.401158|0.621660|0.823298|0.645301|1.646441|5.931903|5.000000|0.648758|0.917332|1.066265|1.545655|0.749507|0.420298|0.391710|0.987854|0.839376|0.000000|0.433850|0.334214|0.161086|0.391710|0.902114|0.823188|0.000000|117.000000|0.548421|0.413438|57.000000|0.321232|0.785714|-0.160166|14.000000
EX5:ATW050|2012-05-01|0.388050|0.650237|0.753412|0.596781|1.704991|6.101834|5.000000|0.635671|0.807555|1.072090|1.551556|0.724971|0.407318|0.462560|0.879460|0.750034|0.000000|0.393959|0.309965|0.225028|0.489297|0.791100|0.745122|0.000000|111.000000|0.488086|0.381472|51.000000|0.367837|0.769231|-0.273803|13.000000
EX5:ATW050|2012-11-01|0.419780|0.647184|0.811706|0.648624|1.729577|5.613979|5.000000|0.647160|0.850441|1.103482|1.555634|0.764145|0.414827|0.462308|0.922608|0.769394|0.000000|0.395577|0.310452|0.224387|0.491105|0.809972|0.761485|0.000000|105.000000|0.464980|0.396220|45.000000|0.370993|0.769231|-0.277038|13.000000
EX5:ATW050|2013-05-01|0.484171|0.637844|0.954267|0.759074|1.710438|6.794090|5.000000|0.634816|0.820610|1.026949|1.565175|0.743598|0.508294|0.412440|1.151612|0.975468|0.000000|0.465155|0.358804|0.254562|0.469750|0.987682|0.913944|0.000000|99.000000|0.567104|0.491503|39.000000|0.377619|0.833333|-0.207486|12.000000
EX5:ATW050|2013-11-01|0.463276|0.637007|0.921948|0.727270|1.707531|6.386619|5.000000|0.644704|0.824149|1.001975|1.516943|0.736538|0.441611|0.365469|1.067316|0.875257|0.000000|0.418135|0.341737|0.249248|0.441967|0.964535|0.847390|0.000000|93.000000|0.512267|0.436185|33.000000|0.346520|0.916667|-0.205466|12.000000
EX5:ATW050|2014-05-01|0.459304|0.662641|0.890555|0.693141|1.732889|5.076281|5.000000|0.642247|0.846878|1.114383|1.539127|0.700801|0.429991|0.366203|1.017898|0.817158|0.000000|0.395118|0.312255|0.235181|0.437589|0.905728|0.764475|0.000000|87.000000|0.469594|0.411729|27.000000|0.365459|0.818182|-0.199287|11.000000
EX5:ATW050|2014-11-01|0.560231|0.687327|1.126876|0.815086|1.695907|5.643814|5.000000|0.630835|0.854131|1.179549|1.549647|0.733565|0.550376|0.355199|1.464371|1.156101|0.000000|0.463180|0.430003|0.328648|0.462338|1.276909|1.096134|0.000000|81.000000|0.603678|0.559440|21.000000|0.449419|0.727273|-0.165005|11.000000
EX5:ATW050|2015-05-01|0.406914|0.565789|0.877286|0.719197|1.631743|5.866876|5.000000|0.645479|0.786145|0.977450|1.498510|0.751212|0.441579|0.364670|1.080384|0.909882|0.000000|0.397654|0.336779|0.247462|0.494128|1.003117|0.863152|0.000000|75.000000|0.534554|0.413557|15.000000|0.314675|0.700000|-0.233400|10.000000
EX5:ATW050|2015-11-01|0.475083|0.494279|1.034343|0.961164|1.681058|6.723113|5.000000|0.643980|0.787579|0.977752|1.505183|0.755319|0.456650|0.364478|1.108787|0.910589|0.000000|0.394090|0.332435|0.243837|0.408325|0.994596|0.846026|0.000000|69.000000|0.544785|0.547199|9.000000|0.302329|0.700000|-0.233652|10.000000
EX5:ATW050|2016-05-01|0.563313|0.412944|1.290117|1.364138|1.681597|6.088396|5.000000|0.625584|0.762970|0.925297|1.499388|0.679952|0.433331|0.358728|1.221562|0.933243|0.000000|0.377715|0.338452|0.259274|0.358728|1.052926|0.878799|0.000000|63.000000|0.533649|0.533558|3.000000|0.324743|0.888889|-0.193929|9.000000
EX5:ATW075|2009-11-01|0.326764|0.621490|0.667149|0.525775|1.628774|4.887514|5.000000|0.636424|0.962269|1.203209|1.533193|0.700918|0.330060|0.409752|0.800504|0.683001|0.072727|0.359640|0.269788|-0.034179|0.417296|0.761196|0.717245|0.007092|141.000000|0.462397|0.353482|81.000000|0.247978|0.750000|-0.237625|16.000000
EX5:ATW075|2010-05-01|0.343323|0.621444|0.691653|0.552460|1.658568|5.575744|5.000000|0.637887|0.968068|1.203385|1.533744|0.710338|0.348510|0.409772|0.830786|0.695788|0.069182|0.363291|0.283745|-0.034170|0.417407|0.769201|0.720609|0.007407|135.000000|0.461898|0.360616|75.000000|0.253250|0.733333|-0.237737|15.000000
EX5:ATW075|2010-11-01|0.314251|0.621802|0.632055|0.505388|1.652454|6.378551|5.000000|0.650699|0.916530|1.047425|1.536951|0.735378|0.346411|0.417147|0.848277|0.715694|0.084967|0.359402|0.305252|-0.070889|0.417147|0.809738|0.722643|0.046512|129.000000|0.461945|0.356295|69.000000|0.242192|0.733333|-0.242669|15.000000
EX5:ATW075|2011-05-01|0.332263|0.621923|0.683819|0.534251|1.601882|6.593516|5.000000|0.640217|0.919948|1.075471|1.533792|0.715280|0.371519|0.417430|0.888072|0.738444|0.040816|0.363091|0.309507|0.033464|0.417430|0.819922|0.749241|0.000000|123.000000|0.462199|0.362574|63.000000|0.279793|0.785714|-0.215379|14.000000
EX5:ATW075|2011-11-01|0.355244|0.621833|0.728338|0.571285|1.651705|4.998897|5.000000|0.649932|0.923041|1.071969|1.554833|0.749226|0.389532|0.394509|0.965251|0.768486|0.000000|0.383418|0.329142|0.148162|0.409734|0.858220|0.784882|0.000000|117.000000|0.468788|0.380038|57.000000|0.274698|0.857143|-0.208481|14.000000
EX5:ATW075|2012-05-01|0.384967|0.648724|0.747982|0.593422|1.703234|5.109980|5.000000|0.638842|0.830402|1.081240|1.526148|0.748274|0.417602|0.466395|0.902112|0.775658|0.000000|0.416180|0.315747|0.222181|0.494994|0.846805|0.778594|0.000000|111.000000|0.490076|0.409080|51.000000|0.379309|0.769231|-0.304722|13.000000
EX5:ATW075|2012-11-01|0.451855|0.648948|0.884382|0.696288|1.730236|4.787055|5.000000|0.647265|0.843000|1.083792|1.545422|0.762954|0.425359|0.466480|0.922665|0.824907|0.000000|0.440344|0.326404|0.238914|0.495074|0.883199|0.844691|0.000000|105.000000|0.508700|0.427640|45.000000|0.375386|0.846154|-0.304871|13.000000
EX5:ATW075|2013-05-01|0.447160|0.629811|0.882618|0.709990|1.711862|5.604853|6.000000|0.635297|0.828125|1.033299|1.510733|0.722616|0.443204|0.438127|0.979448|0.848202|0.000000|0.422648|0.321047|0.229936|0.494531|0.908849|0.849112|0.000000|99.000000|0.505933|0.441226|39.000000|0.362460|0.833333|-0.303187|12.000000
EX5:ATW075|2013-11-01|0.460841|0.612600|0.920683|0.752271|1.712592|4.985558|6.000000|0.640591|0.795189|0.970254|1.546071|0.715064|0.450464|0.350118|1.028837|0.843759|0.000000|0.407571|0.302473|0.210406|0.455856|0.904997|0.817896|0.000000|93.000000|0.489335|0.433271|33.000000|0.351248|0.833333|-0.225092|12.000000
EX5:ATW075|2014-05-01|0.488365|0.655378|0.958155|0.745166|1.728730|4.918548|5.000000|0.648905|0.837382|1.099641|1.590463|0.726484|0.445395|0.359391|1.035697|0.857220|0.000000|0.404218|0.329217|0.226564|0.455867|0.920756|0.828360|0.000000|87.000000|0.494805|0.439782|27.000000|0.382693|0.909091|-0.247188|11.000000
EX5:ATW075|2014-11-01|0.506696|0.665403|1.002018|0.761487|1.710866|5.059405|5.000000|0.637866|0.838120|1.141589|1.597500|0.716174|0.444635|0.349993|1.029779|0.857238|0.000000|0.388163|0.296821|0.210979|0.456612|0.914387|0.786092|0.000000|81.000000|0.505414|0.452301|21.000000|0.404904|0.818182|-0.212696|11.000000
EX5:ATW075|2015-05-01|0.346376|0.611965|0.750187|0.566006|1.635977|5.060631|5.000000|0.635844|0.780871|0.939281|1.555250|0.669899|0.350734|0.365802|0.879337|0.732164|0.000000|0.345354|0.292019|0.196050|0.473885|0.844606|0.761791|0.000000|75.000000|0.473460|0.350825|15.000000|0.293560|0.700000|-0.353299|10.000000
EX5:ATW075|2015-11-01|0.418713|0.494969|0.919122|0.845939|1.685828|6.240104|5.000000|0.639572|0.785277|0.945338|1.554086|0.709726|0.379182|0.372088|0.909287|0.762177|0.000000|0.349928|0.301062|0.229232|0.386640|0.879052|0.776046|0.000000|69.000000|0.493453|0.503855|9.000000|0.297463|0.700000|-0.347107|10.000000
EX5:ATW075|2016-05-01|0.470775|0.475870|1.068307|0.989292|1.684924|6.954735|5.000000|0.620530|0.760054|0.964892|1.504095|0.623754|0.383194|0.374712|0.919323|0.786014|0.000000|0.348407|0.304031|0.225078|0.374712|0.868808|0.773932|0.000000|63.000000|0.440998|0.450256|3.000000|0.375778|0.777778|-0.292285|9.000000
EX5:ATW125|2009-11-01|0.302719|0.635515|0.606127|0.476337|1.647378|3.900966|5.000000|0.648206|0.921485|1.218283|1.533713|0.795432|0.351899|0.512610|0.829110|0.706157|0.072727|0.342902|0.271268|-0.015196|0.521281|0.743094|0.744558|0.007092|141.000000|0.376722|0.372201|81.000000|0.255681|0.812500|-0.379746|16.000000
EX5:ATW125|2010-05-01|0.343349|0.644790|0.673920|0.532498|1.691060|4.845088|6.000000|0.658343|0.960049|1.218342|1.521463|0.821090|0.363047|0.477992|0.816750|0.733669|0.069182|0.386880|0.286896|-0.023904|0.536442|0.720766|0.744392|0.007407|135.000000|0.455935|0.369946|75.000000|0.273985|0.800000|-0.370003|15.000000
EX5:ATW125|2010-11-01|0.272989|0.634264|0.545215|0.430402|1.656083|4.674950|5.000000|0.668181|0.920441|1.069115|1.509071|0.778529|0.297668|0.451599|0.736610|0.646899|0.091503|0.334565|0.239593|-0.077198|0.473876|0.679381|0.653067|0.046512|129.000000|0.395596|0.314643|69.000000|0.118812|0.666667|-0.295033|15.000000
EX5:ATW125|2011-05-01|0.324516|0.649908|0.648037|0.499326|1.632593|5.207186|5.000000|0.668540|0.942692|1.087685|1.552765|0.835513|0.360930|0.443950|0.818519|0.720058|0.040816|0.386155|0.297474|0.040065|0.531410|0.739988|0.733618|0.000000|123.000000|0.452323|0.362265|63.000000|0.320193|0.785714|-0.414653|14.000000
EX5:ATW125|2011-11-01|0.321720|0.634956|0.654780|0.506681|1.658528|4.732847|5.000000|0.658030|0.953078|1.095055|1.508780|0.754011|0.321538|0.443528|0.789049|0.682583|0.014184|0.355147|0.258364|0.134483|0.473996|0.716708|0.681459|0.000000|117.000000|0.434832|0.323473|57.000000|0.235644|0.714286|-0.295109|14.000000
EX5:ATW125|2012-05-01|0.379647|0.638878|0.767465|0.594240|1.687630|5.759821|6.000000|0.645599|0.832718|1.055883|1.554850|0.797756|0.396407|0.475723|0.962953|0.841724|0.000000|0.415107|0.342718|0.262029|0.510107|0.828738|0.842943|0.000000|111.000000|0.488656|0.413199|51.000000|0.311591|0.846154|-0.413404|13.000000
EX5:ATW125|2012-11-01|0.402779|0.638303|0.795262|0.631015|1.714796|4.883296|6.000000|0.646494|0.831389|1.060498|1.552372|0.795414|0.373276|0.491218|0.833196|0.701019|0.000000|0.391884|0.293082|0.215204|0.519143|0.780054|0.751460|0.000000|105.000000|0.443562|0.392655|45.000000|0.379644|0.846154|-0.413968|13.000000
EX5:ATW125|2013-05-01|0.393220|0.648036|0.778104|0.606786|1.711906|5.306307|5.000000|0.665705|0.896843|1.100474|1.499382|0.797593|0.390020|0.433828|0.831332|0.752293|0.000000|0.374493|0.291708|0.197043|0.533259|0.768631|0.756776|0.000000|99.000000|0.440184|0.396146|39.000000|0.366207|0.833333|-0.463049|12.000000
EX5:ATW125|2013-11-01|0.450028|0.633140|0.914812|0.710788|1.710593|5.210351|6.000000|0.624402|0.801334|0.987098|1.495267|0.683974|0.433319|0.371382|1.035772|0.888753|0.000000|0.404453|0.339073|0.242657|0.440814|0.967728|0.875994|0.000000|93.000000|0.490810|0.441430|33.000000|0.365710|0.833333|-0.254915|12.000000
EX5:ATW125|2014-05-01|0.465117|0.643334|0.921313|0.722979|1.735273|4.990726|6.000000|0.639003|0.850656|1.049315|1.474326|0.737158|0.422691|0.377157|0.946161|0.807764|0.000000|0.407984|0.323817|0.221104|0.509415|0.916844|0.801519|0.000000|87.000000|0.478522|0.428511|27.000000|0.379439|0.818182|-0.330886|11.000000
EX5:ATW125|2014-11-01|0.529804|0.679906|1.073265|0.779232|1.687266|6.059941|6.000000|0.628793|0.853825|1.168993|1.500950|0.672696|0.489487|0.326881|1.337699|1.024510|0.000000|0.435038|0.359485|0.278759|0.387049|1.150565|0.962821|0.000000|81.000000|0.560397|0.523412|21.000000|0.390182|0.727273|-0.147713|11.000000
EX5:ATW125|2015-05-01|0.336596|0.615759|0.765940|0.546635|1.635672|5.093359|6.000000|0.627236|0.764971|0.888639|1.375721|0.677732|0.330079|0.387018|0.923815|0.774037|0.000000|0.341877|0.295123|0.176720|0.395405|0.868416|0.777415|0.000000|75.000000|0.467390|0.365892|15.000000|0.307687|0.700000|-0.362101|10.000000
EX5:ATW125|2015-11-01|0.394455|0.468654|0.891930|0.841677|1.682697|5.177025|6.000000|0.640469|0.789514|0.965822|1.486103|0.696049|0.366298|0.375893|0.934942|0.763309|0.000000|0.360599|0.308444|0.236917|0.375893|0.905028|0.783295|0.000000|69.000000|0.470397|0.473102|9.000000|0.308167|0.700000|-0.351296|10.000000
EX5:ATW125|2016-05-01|0.486657|0.452275|1.147944|1.076018|1.685407|5.200256|6.000000|0.632645|0.776541|0.980380|1.472461|0.735353|0.369968|0.357471|1.059260|0.827874|0.000000|0.350779|0.309090|0.224147|0.357471|0.935215|0.799463|0.000000|63.000000|0.462703|0.468119|3.000000|0.382273|0.888889|-0.257381|9.000000
EX5:ATW000S|2009-11-01|0.355377|0.639371|0.733760|0.555823|1.616803|6.069741|5.000000|0.644376|0.870974|1.049771|1.521028|0.783817|0.384365|0.458563|0.991780|0.845026|0.115152|0.411051|0.336255|-0.041338|0.458563|0.877651|0.869052|0.007092|141.000000|0.473141|0.429608|81.000000|0.312466|0.750000|-0.277351|16.000000
EX5:ATW000S|2010-05-01|0.381068|0.639742|0.795262|0.595659|1.652490|5.551316|5.000000|0.642813|0.854195|1.040322|1.517928|0.708547|0.431890|0.449552|1.139840|0.973129|0.088050|0.442209|0.381411|-0.039722|0.458628|0.907307|0.952434|0.007407|135.000000|0.492554|0.449995|75.000000|0.368683|0.800000|-0.277183|15.000000
EX5:ATW000S|2010-11-01|0.338153|0.637501|0.709835|0.530435|1.652040|5.504613|5.000000|0.647673|0.855455|1.038070|1.495853|0.705485|0.434211|0.428481|1.167797|0.976564|0.065359|0.431480|0.377586|-0.053844|0.458415|0.933680|0.974564|0.023256|129.000000|0.430036|0.449643|69.000000|0.369077|0.800000|-0.285090|15.000000
EX5:ATW000S|2011-05-01|0.343513|0.640973|0.732531|0.535925|1.578639|6.414965|5.000000|0.654966|0.841414|1.035522|1.493830|0.780685|0.412502|0.396861|1.087930|0.865715|0.013605|0.398301|0.348340|0.057658|0.396861|0.922767|0.877707|0.000000|123.000000|0.454644|0.413244|63.000000|0.275940|0.857143|-0.180847|14.000000
EX5:ATW000S|2011-11-01|0.402167|0.640773|0.860522|0.627628|1.645337|5.332270|5.000000|0.636985|0.832924|1.035857|1.495689|0.667323|0.462604|0.417982|1.195633|1.002733|0.000000|0.443261|0.385263|0.187196|0.458532|0.979577|0.994715|0.000000|117.000000|0.543476|0.453975|57.000000|0.370317|0.857143|-0.207402|14.000000
EX5:ATW000S|2012-05-01|0.382301|0.622592|0.807744|0.614048|1.645387|6.009139|5.000000|0.657576|0.831866|1.018556|1.505889|0.779344|0.437074|0.377480|1.113969|0.907610|0.000000|0.421787|0.353037|0.249478|0.396896|0.935248|0.913727|0.000000|111.000000|0.491120|0.429509|51.000000|0.303933|0.846154|-0.180858|13.000000
EX5:ATW000S|2012-11-01|0.431208|0.627301|0.912322|0.687402|1.671680|6.017069|5.000000|0.647271|0.813394|1.022469|1.489968|0.786182|0.445059|0.377422|1.165292|0.927987|0.000000|0.426595|0.359339|0.289205|0.396946|0.952088|0.924361|0.000000|105.000000|0.499248|0.438831|45.000000|0.290998|0.846154|-0.180817|13.000000
EX5:ATW000S|2013-05-01|0.386737|0.625766|0.814763|0.618022|1.682407|5.955843|5.000000|0.626252|0.793363|0.978178|1.489320|0.730947|0.432591|0.394087|1.167665|0.910438|0.000000|0.405258|0.366990|0.256702|0.395961|1.004649|0.887063|0.000000|99.000000|0.460618|0.424708|39.000000|0.303417|0.916667|-0.174891|12.000000
EX5:ATW000S|2013-11-01|0.377973|0.635943|0.783291|0.594350|1.690937|5.335614|5.000000|0.631281|0.794526|0.991911|1.473455|0.721795|0.425630|0.390538|1.170935|0.917071|0.000000|0.391719|0.327370|0.232246|0.390774|0.947833|0.866757|0.000000|93.000000|0.424358|0.420289|33.000000|0.313904|0.916667|-0.167454|12.000000
EX5:ATW000S|2014-05-01|0.476451|0.659957|0.981839|0.721943|1.705871|5.352750|5.000000|0.636294|0.820848|1.150556|1.515554|0.730821|0.457705|0.370521|1.142463|0.935025|0.000000|0.417566|0.350301|0.276701|0.465335|1.036508|0.935096|0.000000|87.000000|0.509910|0.459722|27.000000|0.262984|0.818182|-0.239039|11.000000
EX5:ATW000S|2014-11-01|0.404308|0.725762|0.811026|0.557081|1.674268|5.515872|5.000000|0.638250|0.903230|1.399089|1.501904|0.744348|0.424656|0.375101|1.150708|0.919516|0.000000|0.379495|0.323379|0.234175|0.381225|1.035284|0.881753|0.000000|81.000000|0.453224|0.421900|21.000000|0.381757|0.727273|-0.284446|11.000000
EX5:ATW000S|2015-05-01|0.363238|0.600033|0.844972|0.605364|1.610337|5.472612|5.000000|0.617284|0.757326|0.931547|1.460717|0.649012|0.427039|0.414966|1.209260|0.994774|0.000000|0.399815|0.361448|0.265893|0.427377|1.033766|0.970929|0.000000|75.000000|0.498671|0.418967|15.000000|0.301621|0.800000|-0.139632|10.000000
EX5:ATW000S|2015-11-01|0.433461|0.427584|1.026124|1.013744|1.658298|5.582228|5.000000|0.620003|0.754317|0.933245|1.461509|0.674012|0.443592|0.414627|1.225003|0.998432|0.000000|0.405445|0.374002|0.310704|0.427584|1.085110|1.014797|0.000000|69.000000|0.516198|0.518979|9.000000|0.305644|0.800000|-0.139344|10.000000
EX5:ATW000S|2016-05-01|0.548092|0.410844|1.339859|1.334063|1.671030|5.757833|5.000000|0.625570|0.747763|0.877589|1.520527|0.632124|0.484374|0.377590|1.333044|1.046140|0.000000|0.429769|0.396580|0.320399|0.377590|1.274159|1.093554|0.000000|63.000000|0.544439|0.544190|3.000000|0.382077|0.888889|-0.182786|9.000000
#SET|B|002128,002466,601328,601225,688516
EX5:BBASE|2009-11-01|0.239421|0.640739|0.460115|0.373663|1.612408|4.904488|5.000000|0.674015|1.106586|1.299087|1.527320|0.898461|0.266158|0.497631|0.554372|0.504562|0.078788|0.276545|0.207568|-0.043648|0.522601|0.530819|0.543381|0.014184|141.000000|0.327714|0.276309|81.000000|0.239828|0.750000|-0.391789|16.000000
EX5:BBASE|2010-05-01|0.261274|0.640774|0.505920|0.407747|1.652120|4.238818|5.000000|0.677631|1.111908|1.298126|1.547849|0.831072|0.283470|0.475379|0.607204|0.565074|0.075472|0.298802|0.232962|-0.043297|0.552119|0.565348|0.589644|0.014815|135.000000|0.340950|0.295732|75.000000|0.276329|0.733333|-0.425903|15.000000
EX5:BBASE|2010-11-01|0.222641|0.640659|0.420479|0.347518|1.658676|4.926666|6.000000|0.661284|0.933727|1.077973|1.518482|0.837276|0.281096|0.460591|0.569048|0.538227|0.091503|0.294251|0.216357|-0.083326|0.529654|0.531208|0.537598|0.054264|129.000000|0.329753|0.273878|69.000000|0.232982|0.666667|-0.392495|15.000000
EX5:BBASE|2011-05-01|0.247602|0.640615|0.489293|0.386508|1.611413|4.247405|5.000000|0.663610|0.958248|1.096093|1.523515|0.785416|0.298715|0.436155|0.624329|0.583567|0.054422|0.305424|0.250873|0.025617|0.555818|0.565536|0.598359|0.000000|123.000000|0.345820|0.298917|63.000000|0.305541|0.714286|-0.431574|14.000000
EX5:BBASE|2011-11-01|0.257559|0.640023|0.505528|0.402422|1.652326|4.381043|5.000000|0.663674|0.958491|1.095356|1.533809|0.811990|0.296946|0.437421|0.639998|0.590402|0.014184|0.304315|0.248316|0.131475|0.522693|0.571345|0.596319|0.000000|117.000000|0.334392|0.296684|57.000000|0.309948|0.714286|-0.392051|14.000000
EX5:BBASE|2012-05-01|0.341542|0.633267|0.664642|0.539333|1.685687|4.924604|6.000000|0.654865|0.842440|1.041715|1.522052|0.827963|0.389523|0.450444|0.896792|0.718701|0.000000|0.405149|0.299328|0.186008|0.473680|0.766558|0.770956|0.000000|111.000000|0.430980|0.403726|51.000000|0.347024|0.769231|-0.346949|13.000000
EX5:BBASE|2012-11-01|0.380860|0.640876|0.761738|0.594280|1.710050|4.381571|6.000000|0.649164|0.841219|1.063864|1.508703|0.764145|0.395745|0.462231|0.889527|0.798568|0.000000|0.411862|0.316727|0.208371|0.499218|0.791541|0.792805|0.000000|105.000000|0.418534|0.411180|45.000000|0.357601|0.923077|-0.396397|13.000000
EX5:BBASE|2013-05-01|0.382515|0.638296|0.747921|0.599275|1.709968|4.283788|6.000000|0.642196|0.832194|1.061383|1.550122|0.801913|0.395069|0.410745|0.880216|0.783365|0.000000|0.390865|0.316937|0.228907|0.505149|0.801530|0.784680|0.000000|99.000000|0.422177|0.419714|39.000000|0.345833|0.916667|-0.400575|12.000000
EX5:BBASE|2013-11-01|0.335429|0.636955|0.663004|0.526613|1.701143|4.244223|6.000000|0.629732|0.829812|1.069554|1.451748|0.696474|0.340240|0.441226|0.731914|0.681907|0.000000|0.328943|0.265018|0.168917|0.509766|0.658043|0.664363|0.000000|93.000000|0.358699|0.341779|33.000000|0.339931|0.750000|-0.349055|12.000000
EX5:BBASE|2014-05-01|0.363400|0.639262|0.711345|0.568468|1.698646|4.923264|6.000000|0.642034|0.860987|1.074548|1.485266|0.806204|0.323781|0.482097|0.697383|0.664579|0.000000|0.334702|0.265280|0.182157|0.524650|0.654297|0.676372|0.000000|87.000000|0.364647|0.346401|27.000000|0.356081|0.727273|-0.373244|11.000000
EX5:BBASE|2014-11-01|0.319705|0.682464|0.635668|0.468456|1.674783|4.397988|5.000000|0.641362|0.876064|1.240806|1.491413|0.779826|0.309698|0.433445|0.683028|0.646201|0.000000|0.309715|0.261328|0.139014|0.433445|0.662173|0.661279|0.000000|81.000000|0.333887|0.324442|21.000000|0.273235|0.727273|-0.398960|11.000000
EX5:BBASE|2015-05-01|0.275686|0.602592|0.590650|0.457500|1.629466|4.571601|5.000000|0.632121|0.758902|0.887827|1.537684|0.672883|0.318394|0.420340|0.768585|0.706201|0.000000|0.326074|0.275333|0.167314|0.426794|0.740008|0.715802|0.000000|75.000000|0.396152|0.333744|15.000000|0.307445|0.700000|-0.399078|10.000000
EX5:BBASE|2015-11-01|0.320625|0.496661|0.688363|0.645560|1.676271|4.999115|6.000000|0.646398|0.776399|0.948832|1.491391|0.792933|0.327847|0.476186|0.768153|0.675220|0.000000|0.308212|0.259081|0.174523|0.476186|0.653447|0.661464|0.000000|69.000000|0.390602|0.403729|9.000000|0.283539|0.700000|-0.400229|10.000000
EX5:BBASE|2016-05-01|0.402855|0.430173|0.905737|0.936496|1.689960|4.262941|6.000000|0.639163|0.822493|1.013451|1.440059|0.693503|0.343196|0.407294|0.861273|0.718492|0.000000|0.294152|0.248033|0.169146|0.407294|0.759982|0.619629|0.000000|63.000000|0.384425|0.392537|3.000000|0.391935|0.888889|-0.237466|9.000000
EX5:BTW000|2009-11-01|0.331131|0.633052|0.685014|0.523071|1.595327|5.705569|5.000000|0.649512|0.866945|1.064655|1.490641|0.827252|0.370313|0.458525|0.868978|0.820330|0.115152|0.398354|0.304166|-0.056121|0.458525|0.791052|0.845744|0.014184|141.000000|0.409956|0.419515|81.000000|0.327987|0.750000|-0.272413|16.000000
EX5:BTW000|2010-05-01|0.358564|0.632440|0.740147|0.566954|1.625371|5.660448|5.000000|0.650106|0.860703|1.065170|1.497893|0.791198|0.407434|0.449487|0.907343|0.864313|0.094340|0.407711|0.322424|-0.055306|0.458561|0.834645|0.873407|0.014815|135.000000|0.439403|0.430331|75.000000|0.367755|0.733333|-0.272162|15.000000
EX5:BTW000|2010-11-01|0.303389|0.636516|0.606783|0.476639|1.645447|4.901097|5.000000|0.662438|0.879131|1.046387|1.500001|0.846894|0.375194|0.437636|0.826403|0.767567|0.078431|0.383111|0.310459|-0.073188|0.464354|0.793321|0.779496|0.038760|129.000000|0.368723|0.391715|69.000000|0.339787|0.733333|-0.285090|15.000000
EX5:BTW000|2011-05-01|0.334457|0.633940|0.687096|0.527584|1.589361|5.855561|5.000000|0.651752|0.879801|1.023588|1.493464|0.831339|0.387259|0.434017|0.873727|0.797808|0.020408|0.393747|0.320681|0.042052|0.464299|0.815768|0.793099|0.000000|123.000000|0.370412|0.406338|63.000000|0.337519|0.785714|-0.221138|14.000000
EX5:BTW000|2011-11-01|0.361590|0.635035|0.739751|0.569401|1.634547|5.197219|5.000000|0.650844|0.882972|1.038302|1.495764|0.824092|0.409912|0.433750|0.899488|0.816049|0.007092|0.399999|0.329559|0.161885|0.464382|0.824562|0.801135|0.000000|117.000000|0.497689|0.415319|57.000000|0.332415|0.785714|-0.224772|14.000000
EX5:BTW000|2012-05-01|0.375407|0.633926|0.753432|0.592194|1.664555|5.737240|5.000000|0.649014|0.868202|1.021667|1.498069|0.825374|0.440536|0.458401|0.938117|0.845696|0.007407|0.407758|0.334422|0.219270|0.464414|0.857437|0.830213|0.000000|111.000000|0.501887|0.429987|51.000000|0.355672|0.769231|-0.224668|13.000000
EX5:BTW000|2012-11-01|0.383382|0.638352|0.777589|0.600581|1.685923|5.847277|6.000000|0.644238|0.810304|1.037427|1.434208|0.779929|0.406427|0.390951|0.976950|0.816275|0.000000|0.385387|0.333977|0.229132|0.413573|0.884851|0.783956|0.000000|105.000000|0.440669|0.386912|45.000000|0.309148|0.923077|-0.184425|13.000000
EX5:BTW000|2013-05-01|0.406278|0.623982|0.824976|0.651105|1.682981|5.732837|5.000000|0.641494|0.818888|1.014249|1.471614|0.809010|0.488512|0.400301|1.003588|0.924452|0.000000|0.393520|0.332489|0.222220|0.464143|0.891035|0.869232|0.000000|99.000000|0.504158|0.440532|39.000000|0.356512|0.833333|-0.241629|12.000000
EX5:BTW000|2013-11-01|0.443877|0.613137|0.890069|0.723943|1.679519|6.624640|6.000000|0.652420|0.800018|0.955609|1.462769|0.800321|0.483463|0.389441|1.121451|0.943012|0.000000|0.447503|0.379310|0.249748|0.454225|0.994165|0.933000|0.000000|93.000000|0.515020|0.482450|33.000000|0.323373|0.916667|-0.245365|12.000000
EX5:BTW000|2014-05-01|0.479959|0.651241|0.975707|0.736992|1.697657|6.980141|5.000000|0.643517|0.808350|1.099046|1.532076|0.803202|0.521430|0.436502|1.162357|0.993595|0.000000|0.423868|0.360973|0.264477|0.464453|0.890452|0.944137|0.000000|87.000000|0.525999|0.465677|27.000000|0.368760|0.818182|-0.224816|11.000000
EX5:BTW000|2014-11-01|0.426155|0.681803|0.873027|0.625041|1.667351|5.895495|5.000000|0.642067|0.803847|1.251527|1.499968|0.765217|0.436320|0.393167|1.140451|0.931753|0.000000|0.392520|0.336815|0.249133|0.393167|0.942251|0.912517|0.000000|81.000000|0.484947|0.436981|21.000000|0.356363|0.727273|-0.246295|11.000000
EX5:BTW000|2015-05-01|0.335615|0.600033|0.730615|0.559328|1.609580|6.687041|5.000000|0.632563|0.731216|1.006928|1.475197|0.788512|0.405385|0.394183|0.944309|0.836871|0.000000|0.358710|0.297082|0.204926|0.485562|0.877708|0.813089|0.000000|75.000000|0.474064|0.386877|15.000000|0.303395|0.700000|-0.234041|10.000000
EX5:BTW000|2015-11-01|0.396189|0.485827|0.878297|0.815494|1.658590|6.142458|5.000000|0.636153|0.735524|1.006141|1.475473|0.824088|0.414373|0.391443|0.958834|0.841197|0.000000|0.357369|0.301602|0.212984|0.394278|0.914857|0.830167|0.000000|69.000000|0.480414|0.486739|9.000000|0.315350|0.700000|-0.234337|10.000000
EX5:BTW000|2016-05-01|0.464459|0.415771|1.056175|1.117104|1.659542|5.894781|5.000000|0.645437|0.780077|1.015063|1.526143|0.862495|0.435468|0.385556|1.119938|0.856065|0.000000|0.355074|0.302538|0.221261|0.385556|0.920255|0.780527|0.000000|63.000000|0.468985|0.465513|3.000000|0.381717|0.777778|-0.190291|9.000000
EX5:BTW025|2009-11-01|0.327584|0.625843|0.659903|0.523429|1.610577|5.453953|5.000000|0.651461|0.910057|1.143646|1.517674|0.758501|0.341527|0.463719|0.779359|0.698534|0.115152|0.374551|0.266674|-0.043599|0.463719|0.761512|0.762882|0.007092|141.000000|0.431760|0.396966|81.000000|0.204881|0.750000|-0.270823|16.000000
EX5:BTW025|2010-05-01|0.335725|0.643867|0.668395|0.521419|1.645440|5.109943|5.000000|0.655081|0.933198|1.139972|1.512796|0.761771|0.358020|0.455221|0.743514|0.692506|0.088050|0.371869|0.275311|-0.053214|0.464560|0.722074|0.773823|0.014815|135.000000|0.439415|0.392239|75.000000|0.210023|0.733333|-0.270886|15.000000
EX5:BTW025|2010-11-01|0.309416|0.637707|0.605439|0.485200|1.664976|4.946214|5.000000|0.657884|0.898118|1.056920|1.555470|0.746816|0.345526|0.453407|0.761013|0.702261|0.091503|0.386926|0.290908|-0.080130|0.464468|0.728346|0.744615|0.046512|129.000000|0.465268|0.379035|69.000000|0.219458|0.666667|-0.272046|15.000000
EX5:BTW025|2011-05-01|0.338604|0.625170|0.690387|0.541619|1.605138|5.170231|5.000000|0.645783|0.886022|1.034573|1.536882|0.715280|0.361269|0.446964|0.826060|0.744584|0.047619|0.399587|0.298694|0.033649|0.464312|0.785402|0.782860|0.000000|123.000000|0.464958|0.395352|63.000000|0.299491|0.714286|-0.223827|14.000000
EX5:BTW025|2011-11-01|0.361833|0.624900|0.728411|0.579026|1.647398|5.072028|5.000000|0.652652|0.887206|1.034671|1.512889|0.758232|0.390667|0.464762|0.882808|0.741308|0.014184|0.409480|0.300672|0.163964|0.466368|0.762696|0.787306|0.000000|117.000000|0.490948|0.403087|57.000000|0.289465|0.714286|-0.205757|14.000000
EX5:BTW025|2012-05-01|0.329883|0.610587|0.646788|0.540272|1.678915|4.806553|5.000000|0.642355|0.820057|0.978136|1.490226|0.747986|0.368307|0.465009|0.792791|0.705417|0.000000|0.352098|0.284720|0.182966|0.476358|0.712046|0.720297|0.000000|111.000000|0.416334|0.356656|51.000000|0.280520|0.769231|-0.256099|13.000000
EX5:BTW025|2012-11-01|0.383080|0.652333|0.731487|0.587246|1.729930|6.017649|5.000000|0.643466|0.824147|1.000727|1.503980|0.753425|0.399739|0.467471|0.859372|0.719049|0.000000|0.368280|0.298349|0.183479|0.492218|0.721067|0.749805|0.000000|105.000000|0.440918|0.374780|45.000000|0.315169|0.769231|-0.292156|13.000000
EX5:BTW025|2013-05-01|0.370468|0.627323|0.720736|0.590554|1.713469|5.515331|5.000000|0.636724|0.802683|1.007374|1.480890|0.763962|0.418236|0.471041|0.876825|0.765646|0.000000|0.361379|0.293159|0.189243|0.486396|0.742003|0.747308|0.000000|99.000000|0.436853|0.389791|39.000000|0.339089|0.833333|-0.289566|12.000000
EX5:BTW025|2013-11-01|0.423867|0.651665|0.823018|0.650437|1.715771|4.729096|5.000000|0.634681|0.835797|1.126736|1.527103|0.681410|0.466602|0.443646|0.986714|0.845637|0.000000|0.392853|0.306432|0.202282|0.464177|0.825979|0.825321|0.000000|93.000000|0.495984|0.430728|33.000000|0.340327|0.750000|-0.222860|12.000000
EX5:BTW025|2014-05-01|0.456648|0.651292|0.901555|0.701142|1.713241|5.259585|5.000000|0.643710|0.842440|1.099132|1.515582|0.776851|0.469022|0.421201|1.000618|0.876296|0.000000|0.382724|0.292625|0.185018|0.464327|0.820342|0.817964|0.000000|87.000000|0.485018|0.426789|27.000000|0.365177|0.727273|-0.224046|11.000000
EX5:BTW025|2014-11-01|0.397761|0.680973|0.790666|0.584106|1.677824|4.861739|5.000000|0.631896|0.833155|1.222084|1.500067|0.686609|0.389243|0.395526|0.984976|0.810713|0.000000|0.354433|0.298675|0.190889|0.395526|0.833644|0.760041|0.000000|81.000000|0.443450|0.385672|21.000000|0.214535|0.727273|-0.202767|11.000000
EX5:BTW025|2015-05-01|0.373753|0.586484|0.807605|0.637278|1.620023|5.752365|5.000000|0.642406|0.753656|0.996131|1.480161|0.831779|0.435603|0.393612|1.012456|0.900010|0.000000|0.394152|0.333561|0.243525|0.501637|0.941275|0.875981|0.000000|75.000000|0.511062|0.418321|15.000000|0.391053|0.700000|-0.253493|10.000000
EX5:BTW025|2015-11-01|0.409293|0.501651|0.894137|0.815891|1.667290|5.994258|5.000000|0.648718|0.757357|0.996905|1.502430|0.861702|0.445452|0.397263|1.060639|0.905930|0.000000|0.374756|0.329294|0.221353|0.413968|0.907355|0.828369|0.000000|69.000000|0.493118|0.495009|9.000000|0.376777|0.700000|-0.253684|10.000000
EX5:BTW025|2016-05-01|0.470652|0.476903|1.041237|0.986892|1.663403|5.731471|5.000000|0.644406|0.767135|0.965452|1.462440|0.838980|0.414280|0.397453|1.010550|0.797905|0.000000|0.309801|0.271217|0.165652|0.397453|0.781542|0.672711|0.000000|63.000000|0.454356|0.454287|3.000000|0.300287|0.777778|-0.182131|9.000000
EX5:BTW050|2009-11-01|0.326141|0.621342|0.663610|0.524898|1.612577|5.309516|5.000000|0.643167|0.988036|1.262172|1.539648|0.749566|0.359175|0.391763|0.809335|0.694167|0.103030|0.373599|0.264896|-0.043427|0.443177|0.798473|0.778085|0.007092|141.000000|0.407845|0.404126|81.000000|0.238220|0.750000|-0.282566|16.000000
EX5:BTW050|2010-05-01|0.342899|0.637683|0.684519|0.537727|1.651658|5.228897|5.000000|0.648648|1.011888|1.261269|1.529256|0.747953|0.360403|0.416434|0.795789|0.714713|0.081761|0.371487|0.288794|-0.051192|0.443074|0.780587|0.786951|0.014815|135.000000|0.447602|0.390540|75.000000|0.239408|0.733333|-0.282542|15.000000
EX5:BTW050|2010-11-01|0.263610|0.647349|0.504969|0.407215|1.660504|5.358504|5.000000|0.650738|0.931825|1.113060|1.503512|0.808942|0.330755|0.441976|0.700950|0.637348|0.091503|0.328199|0.268966|-0.077134|0.454592|0.662228|0.634305|0.046512|129.000000|0.354897|0.337475|69.000000|0.273014|0.733333|-0.241902|15.000000
EX5:BTW050|2011-05-01|0.334031|0.640774|0.675471|0.521293|1.612027|5.243431|5.000000|0.645701|0.937842|1.096492|1.516455|0.724464|0.369321|0.436284|0.827642|0.754937|0.047619|0.397385|0.315463|0.032894|0.443183|0.816014|0.792622|0.000000|123.000000|0.442854|0.397470|63.000000|0.309891|0.714286|-0.189131|14.000000
EX5:BTW050|2011-11-01|0.343555|0.623143|0.687065|0.551325|1.651418|5.783609|5.000000|0.648108|0.923066|1.056388|1.498983|0.802983|0.397233|0.416354|0.859838|0.729835|0.000000|0.405167|0.304433|0.161156|0.456665|0.785997|0.770342|0.000000|117.000000|0.454485|0.401794|57.000000|0.293195|0.785714|-0.189209|14.000000
EX5:BTW050|2012-05-01|0.348609|0.635646|0.675794|0.548433|1.701091|4.970086|5.000000|0.644586|0.814355|1.027513|1.578431|0.730437|0.393944|0.462616|0.892240|0.754257|0.000000|0.395031|0.321160|0.185511|0.469255|0.812667|0.765031|0.000000|111.000000|0.441994|0.398301|51.000000|0.332276|0.769231|-0.215502|13.000000
EX5:BTW050|2012-11-01|0.372744|0.643153|0.713892|0.579557|1.725112|4.869870|5.000000|0.650140|0.844217|1.063084|1.532775|0.798690|0.389854|0.456782|0.850736|0.706277|0.000000|0.361662|0.295460|0.176928|0.457155|0.711682|0.711396|0.000000|105.000000|0.415359|0.360648|45.000000|0.354907|0.769231|-0.270898|13.000000
EX5:BTW050|2013-05-01|0.371931|0.630867|0.718473|0.589556|1.708358|5.918151|6.000000|0.632908|0.807747|1.022697|1.517242|0.750077|0.429060|0.439809|0.912924|0.813032|0.000000|0.390553|0.304449|0.178722|0.485325|0.758809|0.762581|0.000000|99.000000|0.429078|0.412975|39.000000|0.360663|0.833333|-0.267537|12.000000
EX5:BTW050|2013-11-01|0.423198|0.639163|0.840973|0.662113|1.699777|5.267919|5.000000|0.625492|0.789803|1.082870|1.509696|0.646474|0.475734|0.416399|1.012879|0.872483|0.000000|0.388781|0.325609|0.210274|0.416399|0.838112|0.844885|0.000000|93.000000|0.490270|0.431219|33.000000|0.369422|0.750000|-0.188838|12.000000
EX5:BTW050|2014-05-01|0.464834|0.622096|0.932081|0.747205|1.693867|5.131477|5.000000|0.630736|0.817869|1.046945|1.525008|0.749833|0.489750|0.391803|1.086965|0.943850|0.000000|0.404502|0.317275|0.188167|0.391803|0.877445|0.778827|0.000000|87.000000|0.489577|0.450052|27.000000|0.370280|0.727273|-0.160420|11.000000
EX5:BTW050|2014-11-01|0.407626|0.707423|0.798438|0.576212|1.684077|5.040637|5.000000|0.628040|0.826742|1.355334|1.518561|0.680348|0.417976|0.379375|1.071444|0.842587|0.000000|0.358334|0.304109|0.199498|0.379375|0.877348|0.774132|0.000000|81.000000|0.450448|0.414353|21.000000|0.244203|0.727273|-0.252645|11.000000
EX5:BTW050|2015-05-01|0.364541|0.565789|0.765565|0.644305|1.634477|5.314306|5.000000|0.644959|0.786145|0.977450|1.508230|0.792615|0.434113|0.446862|1.006214|0.865349|0.000000|0.375139|0.324023|0.204708|0.494128|0.869072|0.783895|0.000000|75.000000|0.492904|0.407490|15.000000|0.361745|0.700000|-0.233400|10.000000
EX5:BTW050|2015-11-01|0.404340|0.494279|0.855008|0.818041|1.684768|5.798376|5.000000|0.647669|0.787100|0.977752|1.522809|0.819529|0.441906|0.439555|1.015512|0.837981|0.000000|0.349027|0.307851|0.187196|0.439555|0.801049|0.728938|0.000000|69.000000|0.476979|0.486252|9.000000|0.356035|0.700000|-0.233652|10.000000
EX5:BTW050|2016-05-01|0.507689|0.412944|1.145412|1.229438|1.683365|5.779136|5.000000|0.620321|0.766382|0.941930|1.473619|0.587884|0.435433|0.411942|1.116940|0.838079|0.000000|0.376597|0.322533|0.228199|0.411942|0.944937|0.829938|0.000000|63.000000|0.486255|0.491238|3.000000|0.362094|0.888889|-0.193929|9.000000
EX5:BTW075|2009-11-01|0.320738|0.652544|0.630691|0.491520|1.640381|5.033604|5.000000|0.678769|1.039757|1.312969|1.543301|0.837429|0.370767|0.460681|0.823191|0.722840|0.066667|0.360691|0.285993|0.002427|0.460681|0.744704|0.751224|0.000000|141.000000|0.407081|0.397393|81.000000|0.226533|0.875000|-0.291305|16.000000
EX5:BTW075|2010-05-01|0.342725|0.652424|0.667169|0.525310|1.671817|5.148892|5.000000|0.686401|1.046317|1.313196|1.566945|0.854913|0.374335|0.460537|0.864609|0.725319|0.062893|0.371967|0.301519|0.002522|0.460537|0.764548|0.774203|0.000000|135.000000|0.419135|0.407433|75.000000|0.229531|0.866667|-0.290802|15.000000
EX5:BTW075|2010-11-01|0.277734|0.621192|0.554472|0.447099|1.654401|4.789029|5.000000|0.647413|0.916162|1.046021|1.533743|0.712243|0.338480|0.432787|0.765957|0.693821|0.084967|0.347433|0.286965|-0.072106|0.432787|0.748239|0.695918|0.046512|129.000000|0.398656|0.349115|69.000000|0.235671|0.733333|-0.242669|15.000000
EX5:BTW075|2011-05-01|0.298954|0.621776|0.602368|0.480807|1.604857|5.049134|5.000000|0.650991|0.925546|1.076185|1.530079|0.770944|0.354140|0.436991|0.768974|0.688554|0.040816|0.350321|0.288206|0.031487|0.473883|0.724216|0.703417|0.000000|123.000000|0.405725|0.356015|63.000000|0.276250|0.714286|-0.215186|14.000000
EX5:BTW075|2011-11-01|0.334547|0.621296|0.681084|0.538467|1.652876|4.760820|5.000000|0.650204|0.922395|1.078830|1.532165|0.715733|0.372055|0.424529|0.854454|0.749094|0.000000|0.387365|0.300630|0.151276|0.439164|0.761213|0.758157|0.000000|117.000000|0.445289|0.381634|57.000000|0.283218|0.785714|-0.217724|14.000000
EX5:BTW075|2012-05-01|0.351714|0.639794|0.690216|0.549731|1.696959|4.977917|6.000000|0.645398|0.826700|1.059099|1.502330|0.783947|0.394945|0.471069|0.874096|0.737086|0.000000|0.407855|0.310109|0.183615|0.499566|0.786743|0.793646|0.000000|111.000000|0.449304|0.409626|51.000000|0.387444|0.769231|-0.319704|13.000000
EX5:BTW075|2012-11-01|0.414344|0.648115|0.804019|0.639307|1.729213|5.083003|5.000000|0.647680|0.846538|1.084261|1.529882|0.771292|0.421565|0.466244|0.914353|0.776430|0.000000|0.418019|0.329842|0.206508|0.494857|0.799477|0.810243|0.000000|105.000000|0.466774|0.418218|45.000000|0.331540|0.846154|-0.304126|13.000000
EX5:BTW075|2013-05-01|0.392603|0.650796|0.756249|0.603266|1.721646|5.192497|6.000000|0.640877|0.837574|1.079794|1.532905|0.749460|0.430110|0.438192|0.923933|0.797530|0.000000|0.396834|0.311932|0.188449|0.494798|0.790691|0.780547|0.000000|99.000000|0.455739|0.428353|39.000000|0.360047|0.833333|-0.303970|12.000000
EX5:BTW075|2013-11-01|0.388081|0.628257|0.782280|0.617711|1.695856|4.892664|5.000000|0.623648|0.769653|1.058149|1.515913|0.621154|0.422918|0.417119|0.930219|0.801190|0.000000|0.359956|0.315479|0.199693|0.417119|0.799765|0.783688|0.000000|93.000000|0.430135|0.396799|33.000000|0.356181|0.750000|-0.214790|12.000000
EX5:BTW075|2014-05-01|0.411583|0.621350|0.825613|0.662401|1.694308|5.250487|6.000000|0.633884|0.836949|1.046231|1.496465|0.721147|0.427765|0.417519|0.931290|0.852674|0.000000|0.357090|0.303402|0.182239|0.417519|0.781146|0.751024|0.000000|87.000000|0.421209|0.394957|27.000000|0.317058|0.727273|-0.215291|11.000000
EX5:BTW075|2014-11-01|0.463597|0.682202|0.888835|0.679559|1.717262|5.175593|5.000000|0.648111|0.839112|1.200237|1.569743|0.707130|0.442254|0.426341|0.976878|0.821981|0.000000|0.356848|0.291905|0.173381|0.463270|0.833461|0.763118|0.000000|81.000000|0.472758|0.452734|21.000000|0.388624|0.727273|-0.202480|11.000000
EX5:BTW075|2015-05-01|0.287865|0.611965|0.609891|0.470394|1.637590|4.319780|5.000000|0.642630|0.780871|0.939281|1.560652|0.748974|0.342162|0.436538|0.826880|0.707454|0.000000|0.326241|0.274979|0.184119|0.473885|0.747338|0.697043|0.000000|75.000000|0.410420|0.333627|15.000000|0.297593|0.700000|-0.353299|10.000000
EX5:BTW075|2015-11-01|0.369831|0.494969|0.798281|0.747180|1.688100|4.844592|5.000000|0.642210|0.785277|0.945338|1.552170|0.743161|0.372425|0.430741|0.887844|0.731381|0.000000|0.359583|0.287616|0.200887|0.430741|0.819778|0.776046|0.000000|69.000000|0.446637|0.453196|9.000000|0.303527|0.700000|-0.347107|10.000000
EX5:BTW075|2016-05-01|0.410153|0.475870|0.926608|0.861901|1.691076|4.836787|5.000000|0.619158|0.743219|0.935044|1.515913|0.610602|0.378294|0.452965|0.887503|0.754643|0.000000|0.324820|0.271877|0.194427|0.452965|0.749287|0.727203|0.000000|63.000000|0.391078|0.395752|3.000000|0.337288|0.777778|-0.292285|9.000000
EX5:BTW125|2009-11-01|0.255927|0.635069|0.503974|0.402991|1.624189|4.246315|5.000000|0.639905|1.050702|1.297904|1.522413|0.729643|0.269862|0.410972|0.613846|0.562436|0.096970|0.271240|0.197596|-0.059670|0.424621|0.602332|0.572970|0.014184|141.000000|0.320710|0.307542|81.000000|0.203771|0.750000|-0.307224|16.000000
EX5:BTW125|2010-05-01|0.281285|0.634419|0.554025|0.443374|1.654628|3.564748|5.000000|0.647032|1.028718|1.277498|1.517623|0.745585|0.303485|0.405268|0.680045|0.643929|0.075472|0.306598|0.217572|-0.056845|0.408644|0.643886|0.634058|0.014815|135.000000|0.337817|0.326720|75.000000|0.196780|0.733333|-0.290068|15.000000
EX5:BTW125|2010-11-01|0.226986|0.638346|0.437938|0.355585|1.660097|3.638618|5.000000|0.648841|0.923846|1.073959|1.461214|0.775149|0.285007|0.451599|0.614675|0.554666|0.098039|0.297507|0.176783|-0.078665|0.474057|0.569763|0.569646|0.046512|129.000000|0.308254|0.287613|69.000000|0.026010|0.666667|-0.295323|15.000000
EX5:BTW125|2011-05-01|0.245273|0.639359|0.486416|0.383623|1.614413|3.836661|5.000000|0.640392|0.956943|1.103921|1.462147|0.736989|0.287825|0.443950|0.623719|0.583631|0.061224|0.301245|0.200043|0.027850|0.474926|0.578387|0.578498|0.000000|123.000000|0.311159|0.293902|63.000000|0.201293|0.714286|-0.296030|14.000000
EX5:BTW125|2011-11-01|0.268682|0.639869|0.531929|0.419901|1.662625|3.643877|5.000000|0.643851|0.961565|1.110656|1.444646|0.735716|0.299060|0.443062|0.645038|0.613928|0.021277|0.306374|0.210779|0.121189|0.474371|0.600018|0.622551|0.000000|117.000000|0.353647|0.305147|57.000000|0.201782|0.714286|-0.295475|14.000000
EX5:BTW125|2012-05-01|0.315093|0.637105|0.612774|0.494570|1.688460|4.693013|6.000000|0.668369|0.871192|1.079830|1.535457|0.793728|0.375994|0.504298|0.754136|0.698151|0.000000|0.382030|0.286629|0.201842|0.543531|0.710493|0.721551|0.000000|111.000000|0.396766|0.375221|51.000000|0.381017|0.769231|-0.461882|13.000000
EX5:BTW125|2012-11-01|0.362551|0.634479|0.709637|0.571415|1.707150|4.649887|6.000000|0.674920|0.873892|1.077595|1.516797|0.809113|0.382799|0.502831|0.784139|0.723533|0.000000|0.381056|0.284815|0.201935|0.542721|0.716478|0.738082|0.000000|105.000000|0.394834|0.387432|45.000000|0.380738|0.769231|-0.460591|13.000000
EX5:BTW125|2013-05-01|0.366297|0.617482|0.728466|0.593211|1.699330|5.065693|6.000000|0.650031|0.832065|1.048933|1.515896|0.787411|0.378539|0.432470|0.802684|0.795607|0.000000|0.378766|0.301774|0.224767|0.554173|0.752602|0.776373|0.000000|99.000000|0.400282|0.398477|39.000000|0.345752|0.916667|-0.475538|12.000000
EX5:BTW125|2013-11-01|0.331877|0.635462|0.658623|0.522261|1.705469|3.615322|5.000000|0.618505|0.730907|1.071236|1.458961|0.626603|0.359701|0.429910|0.795242|0.668761|0.008547|0.287599|0.195512|0.107579|0.456370|0.568768|0.589021|0.000000|93.000000|0.355796|0.350716|33.000000|0.377490|0.750000|-0.215539|12.000000
EX5:BTW125|2014-05-01|0.353606|0.634945|0.708583|0.556907|1.706712|3.691776|6.000000|0.621729|0.746731|1.070231|1.464215|0.648432|0.359559|0.431706|0.835991|0.680963|0.009009|0.282610|0.194631|0.109349|0.456821|0.560965|0.587944|0.000000|87.000000|0.355420|0.350538|27.000000|0.369112|0.727273|-0.215422|11.000000
EX5:BTW125|2014-11-01|0.272757|0.687812|0.526735|0.396557|1.678147|5.222602|5.000000|0.661419|0.884067|1.261631|1.577898|0.884870|0.277447|0.476516|0.604341|0.557221|0.000000|0.266050|0.194055|0.123510|0.476557|0.529931|0.514902|0.000000|81.000000|0.273287|0.272923|21.000000|0.201447|0.727273|-0.366461|11.000000
EX5:BTW125|2015-05-01|0.239935|0.615759|0.512833|0.389657|1.633538|6.496779|6.000000|0.621390|0.778891|0.952481|1.393049|0.635211|0.308240|0.406422|0.711980|0.654138|0.000000|0.291820|0.234428|0.176720|0.406422|0.694122|0.659372|0.000000|75.000000|0.347782|0.299264|15.000000|0.243489|0.700000|-0.362101|10.000000
EX5:BTW125|2015-11-01|0.336994|0.468654|0.745556|0.719068|1.684100|4.450554|5.000000|0.636167|0.779668|0.922635|1.512699|0.679331|0.362770|0.410414|0.898463|0.753688|0.000000|0.336649|0.289108|0.218223|0.410414|0.820266|0.742354|0.000000|69.000000|0.412014|0.419608|9.000000|0.329720|0.700000|-0.351296|10.000000
EX5:BTW125|2016-05-01|0.447730|0.453741|1.017339|0.986752|1.690827|4.328636|5.000000|0.636148|0.782925|0.995530|1.476731|0.734954|0.363118|0.452275|0.896008|0.765085|0.000000|0.353151|0.287962|0.219488|0.452275|0.804222|0.766134|0.000000|63.000000|0.428840|0.435426|3.000000|0.363587|0.888889|-0.257381|9.000000
EX5:BTW000S|2009-11-01|0.332366|0.634902|0.679498|0.523491|1.589859|5.892691|5.000000|0.646209|0.867859|1.024326|1.483344|0.827997|0.392798|0.458441|0.871104|0.767522|0.121212|0.392991|0.309647|-0.045817|0.458441|0.822128|0.830353|0.007092|141.000000|0.393015|0.412740|81.000000|0.270824|0.750000|-0.274966|16.000000
EX5:BTW000S|2010-05-01|0.318491|0.632782|0.638376|0.503319|1.611431|5.472728|5.000000|0.658985|0.858998|1.019489|1.496943|0.863357|0.373369|0.400648|0.796279|0.679665|0.094340|0.370583|0.258820|-0.045651|0.441104|0.748729|0.716999|0.007407|135.000000|0.377452|0.391116|75.000000|0.339220|0.733333|-0.274842|15.000000
EX5:BTW000S|2010-11-01|0.312911|0.636622|0.627307|0.491517|1.645192|5.680896|5.000000|0.662086|0.869861|1.038224|1.494236|0.852352|0.400977|0.428414|0.856567|0.773116|0.065359|0.391947|0.302821|-0.064334|0.458348|0.792332|0.801454|0.023256|129.000000|0.378809|0.406386|69.000000|0.269556|0.733333|-0.285090|15.000000
EX5:BTW000S|2011-05-01|0.325477|0.638128|0.661092|0.510050|1.582920|5.419916|5.000000|0.659357|0.868523|1.036050|1.504221|0.846368|0.382787|0.417696|0.829145|0.741775|0.013605|0.375219|0.279679|0.053289|0.431568|0.758833|0.764307|0.000000|123.000000|0.388494|0.391005|63.000000|0.350149|0.785714|-0.180901|14.000000
EX5:BTW000S|2011-11-01|0.354516|0.637030|0.721921|0.556514|1.626110|5.889605|5.000000|0.657970|0.865660|1.045402|1.487523|0.828314|0.421187|0.396989|0.884288|0.797033|0.000000|0.402923|0.305457|0.170903|0.421080|0.800699|0.804177|0.000000|117.000000|0.474543|0.397266|57.000000|0.339021|0.785714|-0.180885|14.000000
EX5:BTW000S|2012-05-01|0.395947|0.634885|0.799826|0.623652|1.665469|6.040488|6.000000|0.647526|0.848709|1.026572|1.499454|0.824223|0.445475|0.435930|0.996338|0.874726|0.000000|0.434543|0.358862|0.245402|0.458591|0.886667|0.874086|0.000000|111.000000|0.523612|0.445423|51.000000|0.381475|0.769231|-0.207468|13.000000
EX5:BTW000S|2012-11-01|0.395856|0.633574|0.799586|0.624798|1.689071|6.334198|6.000000|0.646422|0.824641|1.023008|1.502808|0.821322|0.415773|0.394054|1.028061|0.841714|0.000000|0.401521|0.340744|0.239457|0.395853|0.913144|0.807207|0.000000|105.000000|0.456029|0.396541|45.000000|0.298619|0.923077|-0.174706|13.000000
EX5:BTW000S|2013-05-01|0.346108|0.621300|0.684640|0.557071|1.696514|5.292850|6.000000|0.637010|0.771639|1.000772|1.450679|0.781857|0.391757|0.436658|0.816476|0.710515|0.000000|0.349492|0.271155|0.181196|0.483761|0.718251|0.718326|0.000000|99.000000|0.412091|0.360287|39.000000|0.330074|0.833333|-0.294572|12.000000
EX5:BTW000S|2013-11-01|0.444030|0.613137|0.889991|0.724194|1.678180|6.702641|6.000000|0.653883|0.812695|0.955610|1.472126|0.803526|0.483232|0.380467|1.142321|0.957657|0.000000|0.453988|0.379180|0.253006|0.454225|1.018835|0.941698|0.000000|93.000000|0.515641|0.482366|33.000000|0.324241|0.916667|-0.245365|12.000000
EX5:BTW000S|2014-05-01|0.486191|0.648766|0.999440|0.749408|1.699790|4.961484|5.000000|0.638259|0.799899|1.111174|1.470478|0.744496|0.519749|0.411551|1.138415|1.008710|0.000000|0.409375|0.348329|0.252876|0.458544|0.897854|0.942180|0.000000|87.000000|0.529431|0.465709|27.000000|0.372278|0.727273|-0.207474|11.000000
EX5:BTW000S|2014-11-01|0.419901|0.681803|0.840089|0.615868|1.658545|5.527743|5.000000|0.653092|0.954634|1.251527|1.489822|0.832000|0.428851|0.376487|1.074782|0.847511|0.000000|0.374979|0.317683|0.240219|0.381585|0.943897|0.840141|0.000000|81.000000|0.476497|0.425991|21.000000|0.381899|0.727273|-0.246295|11.000000
EX5:BTW000S|2015-05-01|0.366757|0.600033|0.805531|0.611228|1.612073|5.383746|5.000000|0.635553|0.768500|0.969888|1.481238|0.762402|0.420376|0.414966|1.057679|0.925286|0.000000|0.393623|0.341566|0.236642|0.427377|0.993489|0.896803|0.000000|75.000000|0.507596|0.412384|15.000000|0.282623|0.800000|-0.139632|10.000000
EX5:BTW000S|2015-11-01|0.417873|0.427584|0.932407|0.977290|1.660187|5.426149|5.000000|0.639722|0.767791|0.971897|1.495009|0.786474|0.421990|0.414627|1.077701|0.913200|0.000000|0.384764|0.342167|0.231293|0.427584|0.977430|0.894240|0.000000|69.000000|0.503652|0.504576|9.000000|0.272681|0.800000|-0.139344|10.000000
EX5:BTW000S|2016-05-01|0.491505|0.411452|1.150980|1.194562|1.669701|4.955416|5.000000|0.638458|0.749246|0.877589|1.508913|0.783579|0.474343|0.410844|1.197933|0.936339|0.000000|0.373777|0.333392|0.252045|0.410844|0.976361|0.933461|0.000000|63.000000|0.494331|0.492454|3.000000|0.382077|0.777778|-0.182786|9.000000
#SET|U|000933,002128,002466,600938,601225,601328,688516
EX5:UBASE|2009-11-01|0.320780|0.628982|0.645514|0.509999|1.634763|4.465114|5.000000|0.658849|0.952739|1.212503|1.487763|0.807349|0.353291|0.514574|0.848105|0.741875|0.072727|0.367616|0.291073|0.000013|0.543134|0.773194|0.792724|0.000000|141.000000|0.423900|0.380592|81.000000|0.281850|0.875000|-0.411825|16.000000
EX5:UBASE|2010-05-01|0.332954|0.629058|0.662775|0.529290|1.667055|4.922317|5.000000|0.668455|0.966296|1.224207|1.508304|0.807525|0.358093|0.511578|0.875765|0.745137|0.069182|0.375466|0.292541|-0.010486|0.535992|0.777995|0.803027|0.007407|135.000000|0.415352|0.383112|75.000000|0.297616|0.866667|-0.402684|15.000000
EX5:UBASE|2010-11-01|0.245689|0.635817|0.481971|0.386414|1.656526|5.104044|5.000000|0.673039|0.930167|1.071559|1.531265|0.845594|0.299267|0.467790|0.676333|0.629736|0.091503|0.320174|0.252241|-0.078477|0.552239|0.593349|0.625746|0.046512|129.000000|0.351687|0.299199|69.000000|0.271986|0.666667|-0.425953|15.000000
EX5:UBASE|2011-05-01|0.227641|0.636231|0.452917|0.357796|1.608514|3.996882|5.000000|0.656286|0.948334|1.085885|1.525096|0.797940|0.297713|0.436467|0.657794|0.603379|0.047619|0.309661|0.231665|0.032167|0.555538|0.595894|0.596999|0.000000|123.000000|0.288723|0.301337|63.000000|0.269933|0.714286|-0.430865|14.000000
EX5:UBASE|2011-11-01|0.294554|0.636306|0.594491|0.462913|1.659349|4.416951|6.000000|0.656483|0.949405|1.087902|1.527879|0.792007|0.311704|0.436697|0.706703|0.657058|0.007092|0.325290|0.278914|0.138943|0.532886|0.633107|0.636867|0.000000|117.000000|0.390643|0.305735|57.000000|0.283508|0.714286|-0.398004|14.000000
EX5:UBASE|2012-05-01|0.355063|0.635055|0.713554|0.559106|1.687555|5.445939|6.000000|0.640974|0.826819|1.048027|1.532015|0.756041|0.403510|0.461952|0.923749|0.804456|0.000000|0.415363|0.326984|0.240262|0.496161|0.851031|0.827081|0.000000|111.000000|0.442912|0.414435|51.000000|0.335815|0.846154|-0.393783|13.000000
EX5:UBASE|2012-11-01|0.405246|0.637272|0.807797|0.635907|1.709995|5.326942|6.000000|0.647986|0.850072|1.056338|1.510876|0.751042|0.396367|0.458802|0.931778|0.770828|0.000000|0.399798|0.318963|0.231007|0.496297|0.827950|0.805037|0.000000|105.000000|0.446204|0.414023|45.000000|0.395396|0.846154|-0.393825|13.000000
EX5:UBASE|2013-05-01|0.404043|0.638464|0.817478|0.632836|1.708698|5.180100|6.000000|0.643467|0.815313|1.045707|1.525471|0.771984|0.416463|0.374515|0.957614|0.828568|0.000000|0.392024|0.325987|0.252036|0.498961|0.892947|0.843571|0.000000|99.000000|0.451167|0.429066|39.000000|0.338940|0.916667|-0.395900|12.000000
EX5:UBASE|2013-11-01|0.406072|0.628528|0.804265|0.646068|1.705467|4.679810|6.000000|0.668994|0.854552|1.050956|1.527545|0.825962|0.411114|0.412379|0.917228|0.818940|0.000000|0.392478|0.331248|0.232700|0.545659|0.858335|0.808487|0.000000|93.000000|0.426090|0.425978|33.000000|0.402642|0.916667|-0.387628|12.000000
EX5:UBASE|2014-05-01|0.426580|0.654258|0.842433|0.652006|1.717935|4.658048|6.000000|0.667294|0.908736|1.089370|1.527839|0.816211|0.405718|0.413074|0.915170|0.816138|0.000000|0.388914|0.328830|0.232914|0.545366|0.863535|0.802014|0.000000|87.000000|0.428309|0.423435|27.000000|0.383936|0.909091|-0.388682|11.000000
EX5:UBASE|2014-11-01|0.481430|0.681500|0.971936|0.706427|1.697320|5.186500|5.000000|0.642997|0.841247|1.181243|1.525158|0.725565|0.499531|0.349432|1.176760|0.985406|0.000000|0.394130|0.332578|0.244084|0.454503|1.061237|0.883107|0.000000|81.000000|0.505084|0.479291|21.000000|0.341274|0.727273|-0.186493|11.000000
EX5:UBASE|2015-05-01|0.296897|0.602592|0.656770|0.492700|1.627183|5.030081|5.000000|0.640179|0.758902|0.887827|1.531156|0.699739|0.328099|0.349767|0.840693|0.727686|0.000000|0.345456|0.297249|0.167314|0.426794|0.858695|0.744349|0.000000|75.000000|0.420975|0.346057|15.000000|0.300561|0.700000|-0.399078|10.000000
EX5:UBASE|2015-11-01|0.332097|0.496661|0.742410|0.668660|1.676292|5.050016|6.000000|0.644547|0.776399|0.948832|1.512398|0.750760|0.328451|0.358032|0.803555|0.705759|0.000000|0.317875|0.278361|0.206525|0.358032|0.816792|0.713423|0.000000|69.000000|0.404253|0.407994|9.000000|0.299374|0.700000|-0.400229|10.000000
EX5:UBASE|2016-05-01|0.390783|0.430173|0.922251|0.908434|1.689511|3.628383|6.000000|0.633511|0.818295|1.013451|1.418690|0.674771|0.335813|0.361930|1.015898|0.763728|0.000000|0.299464|0.247001|0.203355|0.361930|0.798373|0.647922|0.000000|63.000000|0.373015|0.375081|3.000000|0.288806|0.888889|-0.237466|9.000000
EX5:UTW000|2009-11-01|0.326335|0.639431|0.671453|0.510352|1.615592|4.519921|5.000000|0.650442|0.873107|1.066400|1.526369|0.770911|0.381808|0.458512|0.920287|0.810104|0.115152|0.384785|0.297764|-0.042246|0.458512|0.840910|0.830952|0.007092|141.000000|0.373091|0.419938|81.000000|0.317142|0.750000|-0.277351|16.000000
EX5:UTW000|2010-05-01|0.342637|0.644084|0.697742|0.531976|1.645088|4.848385|5.000000|0.652054|0.879744|1.067552|1.506439|0.773797|0.386630|0.455690|0.930737|0.798761|0.094340|0.378464|0.310993|-0.043117|0.464447|0.833017|0.816937|0.007407|135.000000|0.387250|0.413031|75.000000|0.335462|0.733333|-0.277183|15.000000
EX5:UTW000|2010-11-01|0.312089|0.643065|0.647943|0.485314|1.651326|3.900905|5.000000|0.652750|0.860327|1.038331|1.493343|0.750715|0.412647|0.437636|1.017840|0.896796|0.071895|0.403641|0.327984|-0.060881|0.458396|0.896714|0.901986|0.023256|129.000000|0.352139|0.433132|69.000000|0.325363|0.733333|-0.285090|15.000000
EX5:UTW000|2011-05-01|0.346218|0.637727|0.731047|0.542894|1.591691|4.826880|5.000000|0.646449|0.872656|1.034378|1.482483|0.729752|0.417203|0.426917|0.995619|0.861948|0.013605|0.408103|0.328358|0.052204|0.458427|0.878496|0.849196|0.000000|123.000000|0.374389|0.424988|63.000000|0.387826|0.785714|-0.207360|14.000000
EX5:UTW000|2011-11-01|0.365400|0.638362|0.763838|0.572402|1.636407|5.253713|5.000000|0.656010|0.874470|1.033678|1.508882|0.747819|0.423950|0.426656|1.022011|0.885403|0.000000|0.424495|0.338621|0.182586|0.458533|0.882967|0.848722|0.000000|117.000000|0.496586|0.434687|57.000000|0.384449|0.785714|-0.207462|14.000000
EX5:UTW000|2012-05-01|0.378804|0.639062|0.778359|0.592751|1.660528|5.273250|5.000000|0.647067|0.865231|1.038679|1.490810|0.771864|0.442299|0.458567|1.037376|0.893883|0.000000|0.411786|0.346097|0.241292|0.464357|0.900422|0.893365|0.000000|111.000000|0.501349|0.434929|51.000000|0.371890|0.769231|-0.223323|13.000000
EX5:UTW000|2012-11-01|0.439888|0.638720|0.925090|0.688702|1.691016|5.065769|5.000000|0.641020|0.797076|1.036638|1.477850|0.786182|0.487861|0.434192|1.090367|0.963689|0.000000|0.437209|0.368398|0.289408|0.464356|1.004150|0.963608|0.000000|105.000000|0.518220|0.446964|45.000000|0.355656|0.769231|-0.221130|13.000000
EX5:UTW000|2013-05-01|0.360471|0.634118|0.739932|0.568460|1.693200|4.215749|5.000000|0.633395|0.781209|1.005002|1.456474|0.696081|0.390694|0.399254|0.907255|0.810394|0.000000|0.360154|0.318604|0.221258|0.464189|0.827901|0.761975|0.000000|99.000000|0.426788|0.389244|39.000000|0.334517|0.833333|-0.263330|12.000000
EX5:UTW000|2013-11-01|0.376528|0.635943|0.762747|0.592079|1.700384|4.064067|5.000000|0.635304|0.785546|1.005548|1.459958|0.665705|0.401060|0.399172|0.974293|0.819234|0.000000|0.370407|0.324554|0.201382|0.450387|0.875550|0.783792|0.000000|93.000000|0.423992|0.405257|33.000000|0.306289|0.833333|-0.241569|12.000000
EX5:UTW000|2014-05-01|0.468228|0.660255|0.954301|0.709163|1.698221|4.894999|5.000000|0.643325|0.861128|1.150955|1.483298|0.756504|0.503103|0.384136|1.134434|0.963077|0.000000|0.385064|0.341134|0.266741|0.464419|0.977856|0.884348|0.000000|87.000000|0.507692|0.461078|27.000000|0.382011|0.727273|-0.222651|11.000000
EX5:UTW000|2014-11-01|0.416634|0.726979|0.841550|0.573103|1.674167|4.655952|5.000000|0.637301|0.903616|1.405755|1.520290|0.710609|0.416606|0.392422|1.150495|0.930888|0.000000|0.368514|0.328750|0.225910|0.392422|0.980942|0.863476|0.000000|81.000000|0.470000|0.442790|21.000000|0.362299|0.727273|-0.284691|11.000000
EX5:UTW000|2015-05-01|0.343088|0.600033|0.781212|0.571782|1.608397|4.827377|5.000000|0.624852|0.728439|1.006928|1.447617|0.673629|0.405385|0.391522|1.015042|0.903777|0.000000|0.359739|0.322772|0.245906|0.485562|0.938217|0.898466|0.000000|75.000000|0.478056|0.394990|15.000000|0.385399|0.700000|-0.234041|10.000000
EX5:UTW000|2015-11-01|0.387547|0.485827|0.899801|0.797706|1.655750|4.830515|5.000000|0.631622|0.736892|1.006141|1.446040|0.713526|0.414373|0.391443|1.051907|0.916925|0.000000|0.356293|0.315917|0.265961|0.394278|0.951354|0.859766|0.000000|69.000000|0.471176|0.467767|9.000000|0.389301|0.700000|-0.234337|10.000000
EX5:UTW000|2016-05-01|0.475024|0.415771|1.128661|1.142514|1.657351|4.870089|5.000000|0.633711|0.780077|1.015063|1.501715|0.729773|0.435468|0.378333|1.182589|0.920721|0.000000|0.361063|0.317328|0.265458|0.378333|0.983069|0.854614|0.000000|63.000000|0.474861|0.471794|3.000000|0.465075|0.777778|-0.190291|9.000000
EX5:UTW025|2009-11-01|0.310897|0.637987|0.631119|0.487310|1.633165|4.507003|5.000000|0.649955|0.917758|1.152735|1.540851|0.740382|0.345895|0.464088|0.874964|0.743259|0.090909|0.346945|0.278964|-0.041085|0.464088|0.788423|0.767815|0.007092|141.000000|0.391934|0.391463|81.000000|0.244174|0.750000|-0.264067|16.000000
EX5:UTW025|2010-05-01|0.360344|0.638025|0.728840|0.564780|1.664195|4.554333|5.000000|0.649442|0.923535|1.151231|1.558508|0.757165|0.378883|0.455497|0.967875|0.828743|0.069182|0.404850|0.317146|-0.041496|0.464108|0.831698|0.809414|0.007407|135.000000|0.503191|0.406809|75.000000|0.277862|0.800000|-0.264115|15.000000
EX5:UTW025|2010-11-01|0.289398|0.623904|0.579440|0.463851|1.659700|4.278682|5.000000|0.664459|0.888809|1.050629|1.576737|0.748375|0.358406|0.453407|0.864648|0.738916|0.084967|0.372508|0.291972|-0.074337|0.464187|0.801032|0.751515|0.038760|129.000000|0.386612|0.383237|69.000000|0.219399|0.666667|-0.272046|15.000000
EX5:UTW025|2011-05-01|0.350139|0.624006|0.727984|0.561115|1.605006|4.281457|5.000000|0.651279|0.892449|1.050952|1.538474|0.718063|0.377338|0.455340|0.930462|0.816231|0.040816|0.410736|0.315333|0.037040|0.463655|0.884309|0.817832|0.000000|123.000000|0.470350|0.406881|63.000000|0.280246|0.714286|-0.198345|14.000000
EX5:UTW025|2011-11-01|0.367444|0.625106|0.759135|0.587811|1.649265|4.851697|5.000000|0.650930|0.887716|1.049281|1.542040|0.719674|0.393669|0.448728|0.963272|0.841279|0.000000|0.421226|0.318710|0.175428|0.463718|0.891561|0.832035|0.000000|117.000000|0.493830|0.412657|57.000000|0.280138|0.714286|-0.198367|14.000000
EX5:UTW025|2012-05-01|0.349012|0.601107|0.712117|0.580615|1.670393|5.071747|5.000000|0.633148|0.816204|0.982539|1.498656|0.670886|0.368874|0.441077|0.898204|0.764531|0.000000|0.372883|0.306794|0.217129|0.464969|0.813002|0.759882|0.000000|111.000000|0.441662|0.367836|51.000000|0.264776|0.769231|-0.255928|13.000000
EX5:UTW025|2012-11-01|0.444927|0.625341|0.902284|0.711494|1.706366|4.186990|5.000000|0.638632|0.819544|0.999219|1.525007|0.671828|0.460968|0.434558|1.033497|0.881990|0.000000|0.435342|0.336254|0.246268|0.464687|0.949283|0.890410|0.000000|105.000000|0.512769|0.447353|45.000000|0.351243|0.769231|-0.206556|13.000000
EX5:UTW025|2013-05-01|0.390975|0.611497|0.790339|0.639374|1.706668|4.479559|5.000000|0.627365|0.776725|0.963162|1.492635|0.656587|0.410899|0.419468|0.933564|0.790981|0.000000|0.377667|0.312328|0.251641|0.476770|0.856848|0.801874|0.000000|99.000000|0.445914|0.402236|39.000000|0.351709|0.833333|-0.294399|12.000000
EX5:UTW025|2013-11-01|0.380822|0.652834|0.752790|0.583337|1.705610|5.120867|5.000000|0.631109|0.829335|1.133423|1.444937|0.682692|0.394710|0.383313|0.909482|0.757524|0.000000|0.370898|0.306930|0.162234|0.485093|0.841190|0.745379|0.000000|93.000000|0.441954|0.377900|33.000000|0.318428|0.750000|-0.279375|12.000000
EX5:UTW025|2014-05-01|0.470983|0.660471|0.941388|0.713102|1.720137|4.079639|5.000000|0.633813|0.842010|1.151452|1.586024|0.670113|0.466958|0.359384|1.047750|0.873002|0.000000|0.390490|0.315855|0.240361|0.464088|0.936185|0.845434|0.000000|87.000000|0.504167|0.449227|27.000000|0.392020|0.727273|-0.222875|11.000000
EX5:UTW025|2014-11-01|0.395141|0.714153|0.793607|0.553299|1.683383|4.869283|5.000000|0.623761|0.836311|1.379655|1.509995|0.636522|0.402547|0.366872|1.081646|0.847929|0.000000|0.345472|0.306876|0.230234|0.385589|0.938755|0.769930|0.000000|81.000000|0.438260|0.409403|21.000000|0.213957|0.727273|-0.262741|11.000000
EX5:UTW025|2015-05-01|0.359985|0.586484|0.809654|0.613802|1.617480|4.709004|5.000000|0.633000|0.753562|0.996131|1.462976|0.708318|0.433231|0.370958|1.069899|0.917718|0.000000|0.392112|0.333311|0.263132|0.501637|0.991902|0.907379|0.000000|75.000000|0.491306|0.406946|15.000000|0.441135|0.700000|-0.253493|10.000000
EX5:UTW025|2015-11-01|0.437558|0.501651|0.995709|0.872236|1.666752|5.054407|5.000000|0.637409|0.757357|0.996905|1.465028|0.731763|0.469473|0.371027|1.107572|0.961071|0.000000|0.399183|0.352832|0.289502|0.413968|1.053545|0.939896|0.000000|69.000000|0.520991|0.521687|9.000000|0.467043|0.700000|-0.253684|10.000000
EX5:UTW025|2016-05-01|0.494217|0.397453|1.143703|1.243460|1.663240|5.104037|5.000000|0.636267|0.766935|0.965452|1.488111|0.735751|0.426968|0.358153|1.146289|0.848786|0.000000|0.332852|0.291972|0.234349|0.358153|0.925809|0.748317|0.000000|63.000000|0.475857|0.474694|3.000000|0.335022|0.777778|-0.182131|9.000000
EX5:UTW050|2009-11-01|0.330477|0.643938|0.659364|0.513213|1.645324|5.421221|5.000000|0.653672|0.928190|1.182662|1.555642|0.800447|0.372971|0.464781|0.885613|0.685090|0.078788|0.359638|0.278256|-0.006323|0.464781|0.800323|0.714209|0.007092|141.000000|0.399329|0.405600|81.000000|0.213765|0.812500|-0.228482|16.000000
EX5:UTW050|2010-05-01|0.355664|0.643306|0.709015|0.552869|1.678879|5.047949|5.000000|0.658418|0.933033|1.184310|1.583050|0.804759|0.382320|0.459398|0.968661|0.752404|0.069182|0.383529|0.300493|-0.006548|0.464770|0.835657|0.809659|0.007407|135.000000|0.424682|0.420526|75.000000|0.222981|0.800000|-0.228660|15.000000
EX5:UTW050|2010-11-01|0.281288|0.651391|0.552553|0.431826|1.661953|5.681840|5.000000|0.652355|0.932389|1.130748|1.521098|0.755134|0.343350|0.441976|0.770170|0.679434|0.091503|0.344796|0.292154|-0.079893|0.442892|0.765790|0.686071|0.046512|129.000000|0.437669|0.337645|69.000000|0.241945|0.733333|-0.241902|15.000000
EX5:UTW050|2011-05-01|0.339490|0.620944|0.704760|0.546733|1.601117|5.618535|5.000000|0.645213|0.914095|1.062623|1.498065|0.743390|0.378726|0.415753|0.911942|0.778231|0.040816|0.389431|0.316992|0.039089|0.415753|0.869668|0.805810|0.000000|123.000000|0.441736|0.403357|63.000000|0.323964|0.785714|-0.188579|14.000000
EX5:UTW050|2011-11-01|0.371673|0.621660|0.767246|0.597872|1.646366|5.766162|5.000000|0.641798|0.916449|1.066265|1.531643|0.735716|0.409588|0.391710|0.976707|0.818580|0.000000|0.420794|0.330746|0.161086|0.391710|0.898869|0.820878|0.000000|117.000000|0.508933|0.413537|57.000000|0.325611|0.785714|-0.160166|14.000000
EX5:UTW050|2012-05-01|0.348334|0.650237|0.677048|0.535703|1.705204|5.425951|5.000000|0.637407|0.806925|1.072090|1.584536|0.750000|0.405165|0.462560|0.879460|0.740456|0.000000|0.378829|0.308825|0.223963|0.489297|0.784995|0.727970|0.000000|111.000000|0.437881|0.382531|51.000000|0.366014|0.769231|-0.273803|13.000000
EX5:UTW050|2012-11-01|0.386463|0.647184|0.750542|0.597144|1.728499|5.282467|5.000000|0.643988|0.833835|1.103482|1.532372|0.768910|0.414271|0.462308|0.875290|0.755921|0.000000|0.373213|0.296441|0.207393|0.491105|0.778114|0.747391|0.000000|105.000000|0.426226|0.388874|45.000000|0.370993|0.769231|-0.277038|13.000000
EX5:UTW050|2013-05-01|0.438840|0.637844|0.871326|0.688005|1.709796|6.199381|5.000000|0.631643|0.820110|1.026949|1.557058|0.740821|0.500856|0.412440|1.164929|0.975468|0.000000|0.429617|0.352721|0.254274|0.469750|0.985064|0.899419|0.000000|99.000000|0.518932|0.478890|39.000000|0.377619|0.833333|-0.207486|12.000000
EX5:UTW050|2013-11-01|0.398225|0.637007|0.791217|0.625149|1.705742|5.316123|5.000000|0.639714|0.814295|1.001975|1.534940|0.729808|0.435664|0.358836|0.975538|0.855238|0.000000|0.354529|0.304569|0.223017|0.441967|0.857187|0.770395|0.000000|93.000000|0.435996|0.410586|33.000000|0.346520|0.833333|-0.205466|12.000000
EX5:UTW050|2014-05-01|0.431798|0.662641|0.844395|0.651632|1.730669|5.386245|5.000000|0.643008|0.826560|1.114383|1.500612|0.714143|0.436886|0.358833|1.020380|0.805519|0.000000|0.365366|0.301067|0.223773|0.437589|0.882611|0.743822|0.000000|87.000000|0.442995|0.399387|27.000000|0.365459|0.727273|-0.199287|11.000000
EX5:UTW050|2014-11-01|0.532193|0.687327|1.066217|0.774294|1.690804|6.278061|5.000000|0.646852|0.892745|1.179549|1.531727|0.767652|0.549824|0.355199|1.399855|1.140442|0.000000|0.435658|0.396860|0.312361|0.462338|1.144106|0.991361|0.000000|81.000000|0.581576|0.557513|21.000000|0.473926|0.727273|-0.165005|11.000000
EX5:UTW050|2015-05-01|0.379672|0.565789|0.825044|0.671049|1.631010|6.380407|5.000000|0.643603|0.786145|0.977450|1.486988|0.760164|0.446374|0.364670|1.080384|0.909882|0.000000|0.388142|0.339026|0.256372|0.494128|1.005023|0.876561|0.000000|75.000000|0.509646|0.430859|15.000000|0.312131|0.800000|-0.233400|10.000000
EX5:UTW050|2015-11-01|0.428586|0.494279|0.945920|0.867093|1.680785|5.886964|5.000000|0.645500|0.787100|0.977752|1.492308|0.761778|0.453921|0.364478|1.108787|0.908280|0.000000|0.365583|0.330535|0.244459|0.408325|0.989064|0.846026|0.000000|69.000000|0.504111|0.509572|9.000000|0.302424|0.700000|-0.233652|10.000000
EX5:UTW050|2016-05-01|0.501204|0.412944|1.168840|1.213732|1.681603|5.878987|5.000000|0.621965|0.766382|0.941930|1.481237|0.640494|0.433331|0.358728|1.134264|0.914916|0.000000|0.369088|0.332604|0.250287|0.358728|1.028880|0.836465|0.000000|63.000000|0.478945|0.478298|3.000000|0.331383|0.888889|-0.193929|9.000000
EX5:UTW075|2009-11-01|0.307601|0.621490|0.633214|0.494941|1.628803|4.528878|5.000000|0.634934|0.962269|1.203209|1.529288|0.683048|0.328382|0.409752|0.853036|0.725268|0.072727|0.353746|0.269788|-0.034179|0.417296|0.765883|0.718824|0.007092|141.000000|0.419832|0.358767|81.000000|0.244785|0.750000|-0.237625|16.000000
EX5:UTW075|2010-05-01|0.322258|0.621444|0.653166|0.518563|1.658405|5.052622|5.000000|0.639672|0.968068|1.203385|1.524120|0.705988|0.343293|0.409772|0.832409|0.698190|0.069182|0.356576|0.283745|-0.034170|0.417407|0.768619|0.719036|0.007407|135.000000|0.419857|0.361395|75.000000|0.253250|0.733333|-0.237737|15.000000
EX5:UTW075|2010-11-01|0.283944|0.621802|0.576005|0.456646|1.653017|4.689670|5.000000|0.650371|0.916277|1.047425|1.540358|0.738238|0.342293|0.417147|0.848277|0.723209|0.084967|0.352533|0.300560|-0.070889|0.417147|0.807053|0.722643|0.046512|129.000000|0.411627|0.356698|69.000000|0.235922|0.733333|-0.242669|15.000000
EX5:UTW075|2011-05-01|0.307754|0.621923|0.639827|0.494842|1.604245|5.706108|5.000000|0.638640|0.919558|1.075471|1.535977|0.688004|0.353440|0.417430|0.888072|0.747962|0.040816|0.363623|0.310703|0.033464|0.417430|0.825469|0.754201|0.000000|123.000000|0.410841|0.364112|63.000000|0.276616|0.785714|-0.215379|14.000000
EX5:UTW075|2011-11-01|0.324599|0.621833|0.670813|0.522003|1.652018|4.386068|5.000000|0.655441|0.923041|1.071969|1.556013|0.770898|0.385105|0.394509|0.967257|0.816464|0.000000|0.371668|0.325266|0.148162|0.409734|0.858221|0.788271|0.000000|117.000000|0.426725|0.381105|57.000000|0.274698|0.857143|-0.208481|14.000000
EX5:UTW075|2012-05-01|0.364679|0.648724|0.714058|0.562149|1.701426|5.386997|5.000000|0.639427|0.839231|1.081240|1.521018|0.744246|0.417602|0.466395|0.905750|0.780807|0.000000|0.411611|0.335078|0.237630|0.494994|0.851891|0.797997|0.000000|111.000000|0.463644|0.419126|51.000000|0.379309|0.769231|-0.304722|13.000000
EX5:UTW075|2012-11-01|0.404455|0.648948|0.797960|0.623247|1.729927|4.208914|5.000000|0.651492|0.843872|1.083792|1.529996|0.792734|0.422124|0.466480|0.957404|0.825473|0.000000|0.415358|0.325153|0.247846|0.495074|0.870827|0.803016|0.000000|105.000000|0.449532|0.431800|45.000000|0.374446|0.846154|-0.304871|13.000000
EX5:UTW075|2013-05-01|0.412174|0.629811|0.821837|0.654441|1.709935|5.203459|6.000000|0.635251|0.828407|1.033299|1.494954|0.732181|0.453905|0.438127|0.988003|0.855648|0.000000|0.405613|0.328529|0.241853|0.494531|0.910328|0.841851|0.000000|99.000000|0.465411|0.443097|39.000000|0.362460|0.833333|-0.303187|12.000000
EX5:UTW075|2013-11-01|0.423035|0.612600|0.852492|0.690557|1.712557|4.161113|6.000000|0.643922|0.795154|0.970254|1.534555|0.733974|0.443970|0.350107|1.028828|0.843767|0.000000|0.371069|0.302466|0.214304|0.455856|0.904997|0.817908|0.000000|93.000000|0.451027|0.434357|33.000000|0.351242|0.833333|-0.225092|12.000000
EX5:UTW075|2014-05-01|0.440855|0.655378|0.876944|0.672673|1.728087|4.321598|5.000000|0.656783|0.836360|1.099641|1.576442|0.743162|0.436755|0.359438|1.050429|0.871199|0.000000|0.367799|0.318031|0.239621|0.455867|0.880448|0.795187|0.000000|87.000000|0.442624|0.441751|27.000000|0.382693|0.909091|-0.247188|11.000000
EX5:UTW075|2014-11-01|0.468506|0.665403|0.935317|0.704094|1.710859|4.416595|5.000000|0.640592|0.838120|1.141589|1.585764|0.738783|0.440470|0.349993|1.029779|0.857238|0.000000|0.364101|0.296821|0.211699|0.456612|0.914387|0.782775|0.000000|81.000000|0.471490|0.447506|21.000000|0.404904|0.818182|-0.212696|11.000000
EX5:UTW075|2015-05-01|0.307732|0.611965|0.671839|0.502859|1.635607|4.654537|5.000000|0.638590|0.780871|0.939281|1.555250|0.703469|0.343152|0.365802|0.879337|0.732164|0.000000|0.340902|0.285806|0.196050|0.473885|0.841642|0.761791|0.000000|75.000000|0.432184|0.353695|15.000000|0.293560|0.700000|-0.353299|10.000000
EX5:UTW075|2015-11-01|0.369245|0.494969|0.822244|0.745998|1.683643|6.159216|5.000000|0.638981|0.785277|0.945338|1.544959|0.708207|0.372425|0.372088|0.909287|0.762173|0.000000|0.349928|0.295595|0.230521|0.386640|0.869986|0.773516|0.000000|69.000000|0.445419|0.456483|9.000000|0.297463|0.700000|-0.347107|10.000000
EX5:UTW075|2016-05-01|0.424941|0.475870|0.993128|0.892976|1.688855|5.008365|5.000000|0.620591|0.743219|0.935044|1.501957|0.628537|0.379925|0.374712|0.926227|0.786107|0.000000|0.342815|0.300637|0.224597|0.374712|0.865676|0.767421|0.000000|63.000000|0.404188|0.404777|3.000000|0.363136|0.777778|-0.292285|9.000000
EX5:UTW125|2009-11-01|0.322728|0.635515|0.645883|0.507821|1.646501|5.094007|5.000000|0.651615|0.921485|1.218283|1.534848|0.823982|0.354700|0.512610|0.829110|0.715177|0.072727|0.367086|0.286295|-0.015196|0.521281|0.764139|0.768412|0.007092|141.000000|0.444879|0.373178|81.000000|0.255681|0.812500|-0.379746|16.000000
EX5:UTW125|2010-05-01|0.330945|0.644790|0.649083|0.513260|1.690519|5.168135|6.000000|0.660293|0.959881|1.218342|1.516751|0.825186|0.363047|0.477992|0.813417|0.735418|0.069182|0.382558|0.287499|-0.023904|0.536442|0.721346|0.740641|0.007407|135.000000|0.436617|0.372139|75.000000|0.283331|0.800000|-0.370003|15.000000
EX5:UTW125|2010-11-01|0.247459|0.634264|0.488101|0.390151|1.658162|4.460258|5.000000|0.651242|0.920441|1.069115|1.468589|0.778529|0.292419|0.451599|0.670130|0.588838|0.098039|0.301244|0.200866|-0.077198|0.473876|0.580440|0.602175|0.046512|129.000000|0.378891|0.291572|69.000000|0.025948|0.666667|-0.295033|15.000000
EX5:UTW125|2011-05-01|0.316037|0.649908|0.628958|0.486280|1.632927|5.142068|5.000000|0.670157|0.942692|1.087685|1.552158|0.836627|0.360566|0.443950|0.818519|0.720058|0.040816|0.381348|0.292882|0.040065|0.531410|0.737117|0.731533|0.000000|123.000000|0.448645|0.362257|63.000000|0.320193|0.785714|-0.414653|14.000000
EX5:UTW125|2011-11-01|0.284645|0.634956|0.572301|0.448291|1.660741|4.433756|5.000000|0.645255|0.953078|1.095055|1.471410|0.757951|0.306083|0.443528|0.724957|0.626298|0.021277|0.308647|0.216919|0.123295|0.473996|0.600798|0.635990|0.000000|117.000000|0.377605|0.302873|57.000000|0.197568|0.714286|-0.295109|14.000000
EX5:UTW125|2012-05-01|0.322385|0.638878|0.644559|0.504612|1.683659|5.443289|6.000000|0.661661|0.845778|1.055883|1.555123|0.816168|0.372352|0.475723|0.880912|0.758888|0.000000|0.384056|0.300794|0.220360|0.510107|0.776085|0.766935|0.000000|111.000000|0.405048|0.393672|51.000000|0.328370|0.846154|-0.413404|13.000000
EX5:UTW125|2012-11-01|0.400735|0.638303|0.791070|0.627813|1.716127|4.288329|6.000000|0.647580|0.833131|1.060498|1.549461|0.802263|0.372632|0.491218|0.848074|0.712858|0.000000|0.387079|0.296423|0.210444|0.519143|0.783174|0.749669|0.000000|105.000000|0.444229|0.390799|45.000000|0.385266|0.846154|-0.413968|13.000000
EX5:UTW125|2013-05-01|0.390727|0.648036|0.773231|0.602940|1.712147|5.550722|5.000000|0.663946|0.896843|1.100474|1.490134|0.798519|0.393952|0.433828|0.853974|0.787790|0.000000|0.385223|0.305111|0.209312|0.533259|0.804839|0.772982|0.000000|99.000000|0.437877|0.402392|39.000000|0.366207|0.833333|-0.463049|12.000000
EX5:UTW125|2013-11-01|0.439410|0.633140|0.891743|0.694017|1.711648|4.746715|6.000000|0.623856|0.784074|0.987098|1.492993|0.667628|0.434953|0.371382|1.035772|0.888601|0.000000|0.395364|0.335882|0.239100|0.440814|0.958942|0.875087|0.000000|93.000000|0.479997|0.440577|33.000000|0.366530|0.833333|-0.254915|12.000000
EX5:UTW125|2014-05-01|0.448135|0.643334|0.888869|0.696582|1.734721|4.747249|6.000000|0.641208|0.850439|1.049315|1.466632|0.748165|0.423944|0.377157|0.970139|0.828684|0.000000|0.390458|0.329268|0.227333|0.509415|0.931993|0.821182|0.000000|87.000000|0.461269|0.429245|27.000000|0.376715|0.818182|-0.330886|11.000000
EX5:UTW125|2014-11-01|0.470280|0.679906|0.958499|0.691685|1.683498|5.385583|6.000000|0.639513|0.897539|1.168993|1.498649|0.724522|0.471114|0.334881|1.258279|0.945793|0.000000|0.381662|0.317379|0.240893|0.387049|1.021203|0.821989|0.000000|81.000000|0.501392|0.472998|21.000000|0.390182|0.727273|-0.147713|11.000000
EX5:UTW125|2015-05-01|0.308546|0.615759|0.690867|0.501083|1.636803|5.052559|6.000000|0.623454|0.778891|0.952481|1.411150|0.626259|0.328700|0.387018|0.880718|0.752916|0.000000|0.335762|0.283358|0.176720|0.395405|0.837036|0.737949|0.000000|75.000000|0.439025|0.353736|15.000000|0.288050|0.700000|-0.362101|10.000000
EX5:UTW125|2015-11-01|0.361074|0.468654|0.819573|0.770450|1.682308|4.812100|6.000000|0.643658|0.779668|0.922635|1.486079|0.699468|0.362770|0.375893|0.929594|0.766590|0.000000|0.350259|0.304217|0.238307|0.375893|0.911953|0.774968|0.000000|69.000000|0.441232|0.439695|9.000000|0.315228|0.700000|-0.351296|10.000000
EX5:UTW125|2016-05-01|0.453379|0.452275|1.068378|1.002441|1.687755|4.644369|6.000000|0.642289|0.782925|0.995530|1.482919|0.754882|0.366256|0.364054|1.050713|0.816408|0.000000|0.342985|0.296831|0.223267|0.364054|0.912895|0.769842|0.000000|63.000000|0.437478|0.442379|3.000000|0.410712|0.888889|-0.257381|9.000000
EX5:UTW000S|2009-11-01|0.316666|0.639371|0.651958|0.495278|1.615652|4.428619|5.000000|0.650227|0.875306|1.049771|1.534500|0.774138|0.381734|0.458563|0.959903|0.832991|0.115152|0.382810|0.292564|-0.041338|0.458563|0.850505|0.821927|0.007092|141.000000|0.339289|0.420979|81.000000|0.312466|0.750000|-0.277351|16.000000
EX5:UTW000S|2010-05-01|0.351510|0.639742|0.729392|0.549455|1.650110|5.348960|5.000000|0.647231|0.854195|1.040322|1.500897|0.791965|0.403059|0.449552|0.972100|0.864782|0.088050|0.397896|0.333579|-0.039722|0.458628|0.889298|0.890274|0.007407|135.000000|0.392416|0.437608|75.000000|0.318689|0.733333|-0.277183|15.000000
EX5:UTW000S|2010-11-01|0.333666|0.637501|0.694932|0.523397|1.649379|5.093314|5.000000|0.652800|0.855455|1.038070|1.485008|0.779309|0.417370|0.428481|1.010054|0.888822|0.065359|0.406631|0.352708|-0.053844|0.458415|0.906797|0.917324|0.023256|129.000000|0.413484|0.432663|69.000000|0.318658|0.733333|-0.285090|15.000000
EX5:UTW000S|2011-05-01|0.304498|0.640973|0.633784|0.475056|1.581621|4.856196|5.000000|0.652079|0.861118|1.035522|1.489180|0.748678|0.379439|0.396861|0.881095|0.796340|0.013605|0.374602|0.279457|0.057658|0.396861|0.779679|0.755508|0.000000|123.000000|0.306770|0.390925|63.000000|0.301928|0.785714|-0.180847|14.000000
EX5:UTW000S|2011-11-01|0.385221|0.640773|0.817604|0.601182|1.642610|4.782439|5.000000|0.642179|0.832924|1.035857|1.485526|0.738249|0.456953|0.417982|1.031946|0.916958|0.000000|0.434982|0.357452|0.187196|0.458532|0.940564|0.939798|0.000000|117.000000|0.518733|0.443629|57.000000|0.344112|0.785714|-0.207402|14.000000
EX5:UTW000S|2012-05-01|0.385412|0.622592|0.813106|0.619044|1.652887|5.132063|5.000000|0.652973|0.818350|1.018556|1.498982|0.810127|0.456169|0.372479|1.093598|0.920670|0.000000|0.428662|0.356705|0.249478|0.396896|0.970268|0.920606|0.000000|111.000000|0.496162|0.427772|51.000000|0.335976|0.846154|-0.180858|13.000000
EX5:UTW000S|2012-11-01|0.432624|0.627301|0.903383|0.689660|1.667466|6.029605|5.000000|0.655254|0.818417|1.022469|1.503816|0.810602|0.465733|0.372479|1.128254|0.915946|0.000000|0.428037|0.362916|0.281196|0.396946|0.982639|0.914433|0.000000|105.000000|0.505102|0.442713|45.000000|0.403876|0.769231|-0.180817|13.000000
EX5:UTW000S|2013-05-01|0.380713|0.625766|0.797763|0.608395|1.680644|5.862469|5.000000|0.633909|0.806419|0.978178|1.485330|0.763036|0.415804|0.394087|1.095556|0.879874|0.000000|0.386918|0.355086|0.256702|0.395961|0.954114|0.855574|0.000000|99.000000|0.452746|0.416749|39.000000|0.280297|0.916667|-0.174891|12.000000
EX5:UTW000S|2013-11-01|0.360303|0.635943|0.726201|0.566565|1.699217|4.941891|5.000000|0.629321|0.788063|1.015685|1.505933|0.670513|0.400666|0.390538|0.945101|0.833989|0.000000|0.348234|0.300206|0.220669|0.390774|0.806283|0.733320|0.000000|93.000000|0.406515|0.390870|33.000000|0.316033|0.833333|-0.167454|12.000000
EX5:UTW000S|2014-05-01|0.426479|0.659957|0.878195|0.646223|1.706717|4.760244|5.000000|0.634029|0.822055|1.150556|1.512756|0.725484|0.430001|0.370521|1.089621|0.927814|0.000000|0.384063|0.328022|0.260562|0.465335|0.967638|0.861070|0.000000|87.000000|0.450580|0.444638|27.000000|0.267738|0.818182|-0.239039|11.000000
EX5:UTW000S|2014-11-01|0.413125|0.725762|0.826991|0.569228|1.670789|5.249069|5.000000|0.644423|0.955804|1.399089|1.498256|0.775304|0.430247|0.375101|1.150708|0.912626|0.000000|0.374303|0.335812|0.234175|0.381225|1.014916|0.869738|0.000000|81.000000|0.463362|0.447948|21.000000|0.381757|0.727273|-0.284446|11.000000
EX5:UTW000S|2015-05-01|0.366859|0.600033|0.846315|0.611399|1.608937|5.326323|5.000000|0.624326|0.768500|0.969888|1.455660|0.666915|0.423416|0.414966|1.174348|0.959211|0.000000|0.393912|0.354407|0.265893|0.427377|1.054824|0.968851|0.000000|75.000000|0.503682|0.437937|15.000000|0.276292|0.800000|-0.139632|10.000000
EX5:UTW000S|2015-11-01|0.429777|0.427584|1.008863|1.005130|1.656830|5.992581|5.000000|0.631538|0.767791|0.971897|1.474734|0.721505|0.435056|0.414627|1.207679|0.957698|0.000000|0.392204|0.354915|0.283529|0.427584|1.054802|0.966774|0.000000|69.000000|0.512591|0.515615|9.000000|0.275372|0.800000|-0.139344|10.000000
EX5:UTW000S|2016-05-01|0.483352|0.410844|1.180074|1.176485|1.666562|5.326362|5.000000|0.630687|0.749246|0.877589|1.500858|0.753687|0.473183|0.377590|1.228845|0.966513|0.000000|0.382492|0.341299|0.279213|0.377590|1.130195|0.962939|0.000000|63.000000|0.480805|0.478164|3.000000|0.382077|0.777778|-0.182786|9.000000
