BASE|2009-11-01|0.259474|0.845572|0.432924|0.306862|1.640029|8.472432|5.000000|0.697290|1.343428|2.100873|1.512618|0.877389|0.289462|0.498265|0.566016|0.531270|0.139394|0.287709|0.142862|-0.106527|0.525723|0.547264|0.525812|0.070922|141.000000|0.436637|0.259203|81.000000|0.228189|0.812500|-0.543590|16.000000
BASE|2010-05-01|0.283583|0.779553|0.500994|0.363777|1.651536|8.386414|5.000000|0.739101|1.155040|1.510475|1.516951|0.916325|0.302660|0.448434|0.685474|0.561168|0.119497|0.307137|0.170526|-0.089577|0.465272|0.674275|0.533897|0.059259|135.000000|0.451938|0.278957|75.000000|0.234206|0.666667|-0.466549|15.000000
BASE|2010-11-01|0.238625|0.820493|0.407973|0.290831|1.641437|7.831541|5.000000|0.687917|1.251112|1.807522|1.514333|0.917934|0.300886|0.441704|0.647493|0.570138|0.176471|0.313050|0.124169|-0.136052|0.501397|0.655032|0.543061|0.124031|129.000000|0.445692|0.242511|69.000000|0.083695|0.733333|-0.501429|15.000000
BASE|2011-05-01|0.252126|0.812886|0.433625|0.310162|1.619555|8.335736|5.000000|0.714145|1.265574|1.733961|1.523506|0.900918|0.309260|0.453217|0.682367|0.583927|0.136054|0.340801|0.137681|-0.108376|0.495206|0.713601|0.636853|0.081301|123.000000|0.437527|0.253850|63.000000|0.249840|0.642857|-0.495909|14.000000
BASE|2011-11-01|0.271516|0.863759|0.437005|0.314342|1.705023|8.391951|5.000000|0.705500|1.495269|2.380974|1.521346|0.857022|0.335216|0.446692|0.692119|0.635808|0.134752|0.361125|0.134219|-0.030329|0.524136|0.720321|0.650747|0.051282|117.000000|0.483299|0.255118|57.000000|0.246063|0.714286|-0.555673|14.000000
BASE|2012-05-01|0.282000|0.813511|0.476312|0.346646|1.696736|7.682890|5.000000|0.702506|1.291125|1.739971|1.531326|0.904776|0.333586|0.459752|0.730896|0.631820|0.148148|0.381108|0.157709|0.014850|0.494782|0.795785|0.682661|0.000000|111.000000|0.495884|0.276865|51.000000|0.410317|0.615385|-0.493339|13.000000
BASE|2012-11-01|0.326830|0.818998|0.552486|0.399061|1.723339|6.269941|6.000000|0.706837|1.336540|1.793053|1.531977|0.910066|0.348402|0.453648|0.748574|0.658252|0.139535|0.396182|0.164217|0.018950|0.501709|0.855568|0.740276|0.000000|105.000000|0.505799|0.278825|45.000000|0.411170|0.615385|-0.504005|13.000000
BASE|2013-05-01|0.307932|0.810631|0.521106|0.379867|1.708796|7.005452|6.000000|0.692717|1.306134|1.713601|1.522503|0.900339|0.358769|0.452806|0.767359|0.671957|0.121951|0.410185|0.208998|0.011285|0.492502|0.887608|0.745379|0.000000|99.000000|0.507266|0.287906|39.000000|0.431682|0.666667|-0.491777|12.000000
BASE|2013-11-01|0.317198|0.811706|0.532803|0.390780|1.713474|7.767057|6.000000|0.692225|1.321186|1.725259|1.522844|0.901282|0.362113|0.453378|0.801376|0.689004|0.076923|0.408626|0.283770|-0.014740|0.495475|0.895832|0.776552|0.010753|93.000000|0.495667|0.300909|33.000000|0.414393|0.666667|-0.506050|12.000000
BASE|2014-05-01|0.357781|0.861022|0.562214|0.415530|1.757273|8.127593|6.000000|0.667491|1.587973|2.334400|1.507571|0.867578|0.414558|0.472564|0.868116|0.764067|0.045045|0.432507|0.335412|-0.007345|0.525947|0.876310|0.781253|0.034483|87.000000|0.499184|0.328512|27.000000|0.368266|0.818182|-0.558708|11.000000
BASE|2014-11-01|0.363093|0.773312|0.676851|0.469529|1.646920|8.554040|6.000000|0.653331|0.760459|1.011762|1.457162|0.787478|0.376232|0.436649|0.884667|0.726391|0.028571|0.387406|0.330847|0.095112|0.438180|0.884124|0.760250|0.000000|81.000000|0.490221|0.405699|21.000000|0.408204|0.545455|-0.467068|11.000000
BASE|2015-05-01|0.455184|0.601742|0.920963|0.756445|1.600470|8.742620|6.000000|0.654815|0.756923|0.845188|1.500544|0.844461|0.558320|0.458632|1.174843|1.031043|0.000000|0.525695|0.469612|0.288781|0.478817|1.113741|1.012701|0.000000|75.000000|0.632069|0.531262|15.000000|0.401562|0.700000|-0.178733|10.000000
BASE|2015-11-01|0.525074|0.505706|1.060671|1.038300|1.654596|8.761458|6.000000|0.663478|0.759373|0.839060|1.485937|0.896277|0.563175|0.458026|1.195330|1.078215|0.000000|0.543473|0.494718|0.368804|0.505706|1.112807|1.054577|0.000000|69.000000|0.637402|0.654493|9.000000|0.422227|0.700000|-0.187950|10.000000
BASE|2016-05-01|0.561232|0.491088|1.141973|1.142834|1.668567|7.325211|6.000000|0.655311|0.746757|0.852745|1.482050|0.823436|0.571725|0.440343|1.308825|1.127594|0.000000|0.581076|0.527809|0.410965|0.440343|1.288708|1.090056|0.000000|63.000000|0.565425|0.562024|3.000000|0.406656|0.888889|-0.169758|9.000000
GE_TROUGHOFF|2009-11-01|0.327513|0.670642|0.607728|0.488358|1.607717|6.533018|5.000000|0.686199|1.004485|1.213785|1.528363|0.879871|0.355119|0.457844|0.760640|0.686107|0.048485|0.380887|0.235489|-0.024961|0.520209|0.801761|0.749614|0.021277|141.000000|0.417083|0.402930|81.000000|0.252731|0.812500|-0.292616|16.000000
GE_TROUGHOFF|2010-05-01|0.336248|0.671011|0.617984|0.501107|1.639019|6.403197|5.000000|0.690241|1.009317|1.214709|1.536362|0.875896|0.356152|0.462061|0.775857|0.699135|0.050314|0.415850|0.247006|-0.026640|0.520270|0.826161|0.753678|0.029630|135.000000|0.406763|0.395026|75.000000|0.312930|0.800000|-0.293351|15.000000
GE_TROUGHOFF|2010-11-01|0.346183|0.702316|0.646187|0.492917|1.647839|6.005381|5.000000|0.683908|1.023521|1.134719|1.520368|0.878055|0.387372|0.463711|0.928791|0.793157|0.065359|0.453490|0.281317|-0.049347|0.520455|0.941956|0.847233|0.046512|129.000000|0.446590|0.403102|69.000000|0.328328|0.800000|-0.347875|15.000000
GE_TROUGHOFF|2011-05-01|0.333195|0.705904|0.623916|0.472012|1.592028|8.121204|5.000000|0.688142|0.929131|1.161589|1.527604|0.863345|0.367003|0.465248|0.799486|0.710257|0.040816|0.455177|0.223506|-0.046405|0.471139|0.966119|0.828963|0.024390|123.000000|0.500820|0.353633|63.000000|0.269603|0.785714|-0.328704|14.000000
GE_TROUGHOFF|2011-11-01|0.352103|0.702844|0.663979|0.500969|1.612709|6.553714|5.000000|0.678597|0.917921|1.127482|1.511156|0.864340|0.393837|0.463815|0.930954|0.795159|0.028369|0.494348|0.315350|0.057095|0.520689|1.023561|0.895227|0.000000|117.000000|0.572573|0.407354|57.000000|0.239775|0.857143|-0.343711|14.000000
GE_TROUGHOFF|2012-05-01|0.386632|0.688194|0.720263|0.561807|1.642998|6.829659|5.000000|0.668387|0.851678|1.095579|1.512102|0.855210|0.428537|0.457564|0.997515|0.903628|0.029630|0.531504|0.350490|0.156252|0.499475|1.134301|0.973429|0.000000|111.000000|0.601983|0.443146|51.000000|0.374425|0.769231|-0.310291|13.000000
GE_TROUGHOFF|2012-11-01|0.444528|0.688031|0.812444|0.646087|1.703553|6.446343|6.000000|0.659817|0.816456|1.051916|1.519295|0.787671|0.484038|0.461330|1.048776|0.947616|0.023256|0.552031|0.427403|0.251981|0.520098|1.144964|1.016507|0.000000|105.000000|0.637651|0.489726|45.000000|0.315788|0.846154|-0.247747|13.000000
GE_TROUGHOFF|2013-05-01|0.448333|0.660281|0.823443|0.679003|1.678301|7.574224|6.000000|0.677559|0.820409|1.013838|1.483833|0.844184|0.483696|0.444984|1.076408|0.872367|0.016260|0.519159|0.396148|0.190025|0.466293|1.120562|0.939039|0.000000|99.000000|0.642359|0.441376|39.000000|0.390541|0.750000|-0.224323|12.000000
GE_TROUGHOFF|2013-11-01|0.398255|0.649444|0.725194|0.613224|1.678403|7.101654|6.000000|0.659294|0.824447|0.980287|1.500305|0.825000|0.478441|0.460662|1.027570|0.946518|0.008547|0.558920|0.388076|0.101432|0.460662|1.170823|1.002525|0.000000|93.000000|0.559603|0.439076|33.000000|0.335080|0.833333|-0.268669|12.000000
GE_TROUGHOFF|2014-05-01|0.438611|0.674573|0.809246|0.650205|1.674321|6.846554|6.000000|0.660596|0.845351|1.038647|1.498268|0.819546|0.499635|0.464083|1.108141|0.980996|0.000000|0.520309|0.439008|0.174957|0.464083|1.098145|0.954484|0.000000|87.000000|0.548861|0.464993|27.000000|0.375047|0.818182|-0.303353|11.000000
GE_TROUGHOFF|2014-11-01|0.457112|0.752876|0.840204|0.607155|1.665224|7.798571|6.000000|0.645066|0.745529|1.040695|1.491692|0.760000|0.536467|0.444619|1.231513|1.102758|0.000000|0.565537|0.494191|0.130435|0.460265|1.236331|1.068150|0.000000|81.000000|0.600084|0.545861|21.000000|0.375124|0.818182|-0.471962|11.000000
GE_TROUGHOFF|2015-05-01|0.509686|0.586311|1.022699|0.869310|1.617833|7.477157|6.000000|0.644970|0.749400|0.888650|1.474883|0.726971|0.659009|0.438554|1.528899|1.325100|0.000000|0.677971|0.603779|0.269193|0.443748|1.527829|1.269641|0.000000|75.000000|0.703136|0.632927|15.000000|0.511994|0.800000|-0.238690|10.000000
GE_TROUGHOFF|2015-11-01|0.506752|0.520428|1.009963|0.973722|1.669039|6.491858|5.000000|0.642413|0.735936|0.832235|1.496049|0.756839|0.566503|0.463868|1.220998|1.103221|0.000000|0.583432|0.526473|0.398557|0.463868|1.196034|1.088614|0.000000|69.000000|0.603604|0.603219|9.000000|0.344467|0.800000|-0.238284|10.000000
GE_TROUGHOFF|2016-05-01|0.576656|0.520114|1.155565|1.108711|1.674048|6.497498|6.000000|0.637377|0.732085|0.820233|1.485384|0.723794|0.591266|0.461478|1.280999|1.128762|0.000000|0.598304|0.544133|0.410778|0.461478|1.241656|1.115144|0.000000|63.000000|0.589044|0.587005|3.000000|0.374118|0.888889|-0.174430|9.000000
C088|2009-11-01|0.314762|0.720325|0.595714|0.436972|1.626403|4.505772|6.000000|0.684779|1.049297|1.248358|1.484480|0.823281|0.341319|0.437424|0.822947|0.659268|0.066667|0.366432|0.232166|-0.050491|0.482042|0.773961|0.682273|0.035461|141.000000|0.513910|0.358749|81.000000|0.265264|0.812500|-0.336691|16.000000
C088|2010-05-01|0.377592|0.678738|0.709564|0.556315|1.666130|4.392384|6.000000|0.703458|0.987916|1.248995|1.510311|0.836745|0.405319|0.441741|0.929417|0.847595|0.062893|0.471370|0.281825|-0.033028|0.508436|0.978538|0.927768|0.014815|135.000000|0.461946|0.453573|75.000000|0.372673|0.800000|-0.276125|15.000000
C088|2010-11-01|0.299529|0.708221|0.569342|0.422932|1.614949|5.750002|6.000000|0.714520|0.937708|1.148456|1.475981|0.875197|0.340757|0.460671|0.754163|0.672519|0.091503|0.366085|0.208384|-0.067844|0.460671|0.796831|0.687630|0.077519|129.000000|0.543229|0.319313|69.000000|0.086120|0.666667|-0.305538|15.000000
C088|2011-05-01|0.308715|0.710349|0.587375|0.434597|1.595422|5.246908|7.000000|0.711718|0.943802|1.156448|1.477537|0.835235|0.344762|0.446357|0.779720|0.677536|0.054422|0.389227|0.232883|-0.047031|0.465007|0.837033|0.711770|0.024390|123.000000|0.512991|0.322945|63.000000|0.237611|0.714286|-0.270100|14.000000
C088|2011-11-01|0.328036|0.743970|0.622642|0.440926|1.646875|5.238412|7.000000|0.667877|0.989266|1.273647|1.409878|0.796791|0.377637|0.461687|0.904679|0.743345|0.042553|0.404042|0.236807|0.016426|0.461687|0.880376|0.729211|0.000000|117.000000|0.545440|0.326460|57.000000|0.380899|0.857143|-0.361166|14.000000
C088|2012-05-01|0.401849|0.672158|0.763179|0.597850|1.678759|5.219620|7.000000|0.643596|0.867597|1.019002|1.445885|0.702244|0.486644|0.439462|1.068264|0.925707|0.014815|0.513454|0.413147|0.126836|0.498704|1.104134|0.994619|0.000000|111.000000|0.632006|0.468529|51.000000|0.357415|0.769231|-0.212235|13.000000
C088|2012-11-01|0.455112|0.657890|0.854717|0.691775|1.701697|4.506110|7.000000|0.648516|0.856916|1.005839|1.496295|0.715307|0.505614|0.442975|1.108697|0.983395|0.015504|0.531846|0.455146|0.280354|0.514349|1.154106|1.032112|0.000000|105.000000|0.637858|0.493285|45.000000|0.286814|0.769231|-0.193459|13.000000
C088|2013-05-01|0.453427|0.629964|0.876802|0.719767|1.684041|5.386170|7.000000|0.634063|0.748752|0.956431|1.407947|0.684974|0.499932|0.448048|1.096934|0.942442|0.008130|0.509909|0.457158|0.277669|0.460097|1.095659|0.962626|0.000000|99.000000|0.634447|0.480839|39.000000|0.370337|0.750000|-0.179205|12.000000
C088|2013-11-01|0.481177|0.630175|0.902536|0.763560|1.698549|5.277883|8.000000|0.652237|0.745913|0.845169|1.500458|0.836859|0.551205|0.440999|1.317387|1.089677|0.000000|0.619679|0.500857|0.187685|0.440999|1.324871|1.191008|0.000000|93.000000|0.630851|0.537010|33.000000|0.364524|0.833333|-0.161081|12.000000
C088|2014-05-01|0.429251|0.746959|0.798123|0.574665|1.689995|6.210838|7.000000|0.659155|1.073007|1.294942|1.413906|0.813542|0.466829|0.433652|1.029776|0.945874|0.027027|0.507826|0.408773|0.096058|0.475376|1.120801|0.972876|0.000000|87.000000|0.555614|0.405442|27.000000|0.367843|0.818182|-0.406515|11.000000
C088|2014-11-01|0.410446|0.807161|0.775888|0.508506|1.660034|5.349768|8.000000|0.638330|0.738172|1.072457|1.404781|0.751304|0.461027|0.407278|1.134665|0.932249|0.028571|0.456961|0.402248|0.100553|0.419465|1.120951|0.925078|0.000000|81.000000|0.557112|0.449337|21.000000|0.355032|0.818182|-0.488534|11.000000
C088|2015-05-01|0.449909|0.622420|0.930811|0.722838|1.613023|5.556824|8.000000|0.631713|0.702647|0.859834|1.422380|0.728833|0.579796|0.441344|1.279109|1.150709|0.000000|0.588583|0.511616|0.245339|0.441344|1.289088|1.130762|0.000000|75.000000|0.628923|0.529609|15.000000|0.377059|0.800000|-0.172102|10.000000
C088|2015-11-01|0.520001|0.491482|1.075035|1.058025|1.668048|5.626708|8.000000|0.638905|0.722331|0.869133|1.466603|0.764438|0.601599|0.444170|1.370552|1.161426|0.000000|0.599450|0.527405|0.415336|0.444170|1.315872|1.146163|0.000000|69.000000|0.628497|0.629910|9.000000|0.376195|0.800000|-0.169736|10.000000
C088|2016-05-01|0.604971|0.496189|1.254587|1.219235|1.678758|5.108874|7.000000|0.651267|0.753615|0.847834|1.438823|0.803906|0.587675|0.465040|1.206511|0.996270|0.000000|0.548962|0.497564|0.400446|0.496189|1.134599|1.051814|0.000000|63.000000|0.599383|0.603105|3.000000|0.555738|0.777778|-0.164069|9.000000
G110U|2009-11-01|0.348151|0.671990|0.691559|0.518090|1.576427|7.792512|5.000000|0.664883|0.961968|1.232523|1.474807|0.862000|0.371299|0.449875|0.857270|0.777044|0.048485|0.388992|0.236509|-0.021677|0.449875|0.833392|0.754654|0.021277|141.000000|0.515016|0.375256|81.000000|0.283552|0.812500|-0.281254|16.000000
G110U|2010-05-01|0.350895|0.692759|0.676651|0.506517|1.610391|9.820510|5.000000|0.671865|1.018502|1.231904|1.501464|0.869498|0.366604|0.449893|0.866461|0.734968|0.050314|0.394995|0.271815|-0.022529|0.449893|0.860615|0.699269|0.022222|135.000000|0.492069|0.363037|75.000000|0.292549|0.733333|-0.291058|15.000000
G110U|2010-11-01|0.316499|0.676301|0.623791|0.467986|1.578077|9.972059|5.000000|0.670473|0.897378|1.042779|1.467314|0.870477|0.382284|0.449899|0.872895|0.781448|0.071895|0.429817|0.281402|-0.032275|0.449899|0.955364|0.790308|0.054264|129.000000|0.518685|0.379441|69.000000|0.346959|0.800000|-0.305538|15.000000
G110U|2011-05-01|0.348321|0.676111|0.689664|0.515182|1.563658|9.099526|5.000000|0.662870|0.906783|1.042371|1.474103|0.856387|0.390219|0.437952|0.903381|0.793464|0.020408|0.445426|0.295453|-0.007712|0.449871|0.990119|0.829717|0.016260|123.000000|0.513682|0.385172|63.000000|0.355390|0.785714|-0.224316|14.000000
G110U|2011-11-01|0.400763|0.708166|0.785381|0.565917|1.609903|8.725564|5.000000|0.669387|0.916660|1.148345|1.492131|0.855615|0.421547|0.452617|0.980270|0.850715|0.007092|0.482157|0.348521|0.089502|0.452617|1.065263|0.894701|0.000000|117.000000|0.622399|0.410741|57.000000|0.329529|0.714286|-0.175463|14.000000
G110U|2012-05-01|0.376350|0.675226|0.730827|0.557369|1.627560|9.923480|5.000000|0.657648|0.880582|1.039785|1.475021|0.856444|0.415995|0.449882|0.983219|0.839501|0.014815|0.466967|0.332891|0.105847|0.449882|1.038997|0.871427|0.000000|111.000000|0.568888|0.400127|51.000000|0.362083|0.769231|-0.229155|13.000000
G110U|2012-11-01|0.430967|0.675388|0.836793|0.638102|1.647834|9.951343|5.000000|0.653714|0.854010|1.040578|1.480586|0.855569|0.434567|0.449878|1.055578|0.876773|0.015504|0.474700|0.358382|0.169220|0.449878|1.062062|0.903962|0.000000|105.000000|0.584991|0.411136|45.000000|0.362456|0.769231|-0.226519|13.000000
G110U|2013-05-01|0.409240|0.674594|0.797223|0.606647|1.639610|8.210125|6.000000|0.646485|0.848549|1.038167|1.461954|0.845727|0.435378|0.437973|1.053731|0.877278|0.016260|0.472751|0.359948|0.168273|0.449875|1.053065|0.895867|0.000000|99.000000|0.583170|0.406107|39.000000|0.416226|0.833333|-0.235186|12.000000
G110U|2013-11-01|0.430290|0.671587|0.831568|0.640706|1.642576|9.728913|6.000000|0.653123|0.848395|1.031469|1.462010|0.832051|0.468613|0.423233|1.075369|0.913134|0.000000|0.476500|0.388343|0.151112|0.448590|1.069215|0.913483|0.000000|93.000000|0.580867|0.425030|33.000000|0.397299|0.833333|-0.279366|12.000000
G110U|2014-05-01|0.512782|0.704102|0.991212|0.728278|1.648517|8.314085|5.000000|0.651433|0.900275|1.130781|1.479600|0.839560|0.510788|0.449685|1.166291|0.970795|0.000000|0.510397|0.450620|0.184253|0.453312|1.131738|0.986500|0.000000|87.000000|0.616495|0.469598|27.000000|0.362511|0.727273|-0.178935|11.000000
G110U|2014-11-01|0.428816|0.760862|0.801730|0.563593|1.640550|8.352360|6.000000|0.642704|0.732611|0.978540|1.466904|0.806609|0.446132|0.439240|0.961634|0.811958|0.000000|0.431645|0.373882|0.182207|0.475976|0.912648|0.804914|0.000000|81.000000|0.567291|0.459022|21.000000|0.372001|0.636364|-0.437316|11.000000
G110U|2015-05-01|0.482598|0.601742|1.000879|0.802002|1.568852|8.993385|6.000000|0.637564|0.719671|0.885058|1.445867|0.818724|0.528556|0.452286|1.180338|1.026651|0.000000|0.519472|0.438768|0.294706|0.457432|1.135626|0.997207|0.000000|75.000000|0.657772|0.532870|15.000000|0.412043|0.800000|-0.178733|10.000000
G110U|2015-11-01|0.527176|0.457411|1.106132|1.152523|1.622342|7.901235|6.000000|0.639780|0.725539|0.929156|1.463972|0.825228|0.505277|0.449004|1.128435|0.974951|0.000000|0.507494|0.425007|0.341273|0.457411|1.109493|0.980037|0.000000|69.000000|0.629779|0.636003|9.000000|0.401914|0.800000|-0.187950|10.000000
G110U|2016-05-01|0.607005|0.443154|1.272059|1.369738|1.641244|9.384186|6.000000|0.637331|0.716819|0.933515|1.425614|0.763651|0.548094|0.422391|1.278881|1.030625|0.000000|0.536207|0.470297|0.378986|0.443154|1.209979|1.017378|0.000000|63.000000|0.601763|0.600562|3.000000|0.492229|0.888889|-0.104991|9.000000
TRO_C088|2009-11-01|0.362074|0.650225|0.689458|0.556844|1.620861|5.518640|6.000000|0.658841|1.016670|1.232071|1.483300|0.798213|0.395894|0.437194|0.942611|0.814345|0.036364|0.447773|0.266331|0.000865|0.471474|0.919751|0.862713|0.000000|141.000000|0.473180|0.436317|81.000000|0.303322|0.812500|-0.276083|16.000000
TRO_C088|2010-05-01|0.410498|0.650358|0.765821|0.631187|1.652719|5.666231|6.000000|0.679758|1.020838|1.240129|1.518821|0.813715|0.428808|0.441190|0.996182|0.883400|0.037736|0.517380|0.320397|0.003152|0.494401|1.061885|0.965411|0.000000|135.000000|0.480885|0.482921|75.000000|0.425077|0.800000|-0.275895|15.000000
TRO_C088|2010-11-01|0.374764|0.649975|0.719063|0.576582|1.650871|5.547635|6.000000|0.677634|0.953641|1.128414|1.490600|0.841394|0.416690|0.433818|0.973447|0.846561|0.039216|0.483152|0.332851|-0.010571|0.470572|1.059973|0.908738|0.023256|129.000000|0.482860|0.434465|69.000000|0.374633|0.800000|-0.231515|15.000000
TRO_C088|2011-05-01|0.317589|0.685476|0.598961|0.463312|1.600291|5.754132|6.000000|0.682714|0.901109|1.101009|1.474380|0.836627|0.355671|0.466502|0.774543|0.731661|0.027211|0.432406|0.234999|-0.020658|0.474453|0.916234|0.767602|0.016260|123.000000|0.449717|0.360905|63.000000|0.288529|0.714286|-0.234292|14.000000
TRO_C088|2011-11-01|0.363341|0.688017|0.691092|0.528098|1.644517|4.700348|7.000000|0.684330|0.905106|1.106873|1.437682|0.839854|0.371735|0.474590|0.799401|0.781856|0.014184|0.459879|0.258876|0.056591|0.474590|0.969002|0.836531|0.000000|117.000000|0.567421|0.362533|57.000000|0.246538|0.714286|-0.234646|14.000000
TRO_C088|2012-05-01|0.430024|0.646004|0.824326|0.665668|1.657440|4.514129|7.000000|0.649852|0.791690|0.944005|1.468988|0.781520|0.472854|0.433309|1.067112|0.914859|0.000000|0.515463|0.436562|0.210992|0.494386|1.120622|0.967575|0.000000|111.000000|0.618407|0.479088|51.000000|0.418691|0.846154|-0.089778|13.000000
TRO_C088|2012-11-01|0.492435|0.642505|0.927600|0.766430|1.703996|5.442315|7.000000|0.662830|0.798633|0.933329|1.507645|0.766230|0.521919|0.444014|1.120570|0.997299|0.000000|0.576665|0.482563|0.273040|0.503823|1.240616|1.087668|0.000000|105.000000|0.670101|0.531790|45.000000|0.351108|0.846154|-0.244531|13.000000
TRO_C088|2013-05-01|0.458573|0.590009|0.877405|0.777230|1.679639|5.923668|8.000000|0.648959|0.741687|0.835154|1.427633|0.758716|0.498987|0.460685|1.010193|0.923178|0.000000|0.503916|0.453044|0.234976|0.489888|1.006546|0.930881|0.000000|99.000000|0.597047|0.479201|39.000000|0.382463|0.833333|-0.121565|12.000000
TRO_C088|2013-11-01|0.467546|0.607587|0.871632|0.769512|1.686279|5.059135|7.000000|0.653239|0.742763|0.846398|1.422407|0.782692|0.486112|0.453893|1.138683|0.929180|0.000000|0.519848|0.428307|0.190482|0.465155|1.117580|0.976317|0.000000|93.000000|0.620887|0.462557|33.000000|0.331214|0.750000|-0.178749|12.000000
TRO_C088|2014-05-01|0.504014|0.679706|0.962804|0.741518|1.664454|5.463481|7.000000|0.652749|0.824261|1.031803|1.439283|0.785857|0.526554|0.441251|1.303455|1.070586|0.000000|0.564363|0.490614|0.213016|0.441251|1.269972|1.106612|0.000000|87.000000|0.619403|0.506739|27.000000|0.433597|0.818182|-0.288678|11.000000
TRO_C088|2014-11-01|0.455646|0.788357|0.821680|0.577969|1.675365|5.471652|7.000000|0.650812|0.742969|1.082697|1.477672|0.765217|0.570639|0.512957|1.212767|1.139118|0.000000|0.599209|0.526053|0.089402|0.528751|1.145132|1.108778|0.000000|81.000000|0.620071|0.539921|21.000000|0.336451|0.818182|-0.519310|11.000000
TRO_C088|2015-05-01|0.509651|0.606742|1.027239|0.839981|1.632628|4.440064|7.000000|0.639607|0.748905|0.843606|1.442369|0.758659|0.605375|0.453070|1.325771|1.164016|0.000000|0.609026|0.538967|0.259834|0.508203|1.244601|1.165390|0.000000|75.000000|0.698048|0.602198|15.000000|0.515618|0.700000|-0.166629|10.000000
TRO_C088|2015-11-01|0.607627|0.508328|1.227462|1.195345|1.682361|5.168937|8.000000|0.641735|0.753132|0.850249|1.450660|0.773556|0.635864|0.456757|1.352040|1.157591|0.000000|0.632213|0.557712|0.451410|0.508328|1.300631|1.180883|0.000000|69.000000|0.710066|0.690804|9.000000|0.498685|0.700000|-0.166929|10.000000
TRO_C088|2016-05-01|0.587497|0.537063|1.160654|1.093907|1.693640|5.274337|7.000000|0.658080|0.750125|0.825216|1.498707|0.850139|0.585394|0.512064|1.158583|1.072046|0.000000|0.583319|0.516602|0.402394|0.512064|1.086128|1.064940|0.000000|63.000000|0.581157|0.586484|3.000000|0.454601|0.777778|-0.134223|9.000000
TRO_G110U|2009-11-01|0.377296|0.667587|0.743952|0.565164|1.584528|8.361786|5.000000|0.684767|0.937582|1.125234|1.499155|0.883346|0.403049|0.503897|0.760222|0.794744|0.036364|0.461603|0.283953|0.001257|0.577629|0.757017|0.857009|0.000000|141.000000|0.553768|0.432158|81.000000|0.259457|0.812500|-0.225150|16.000000
TRO_G110U|2010-05-01|0.360009|0.707508|0.678085|0.508842|1.629763|7.890816|5.000000|0.683933|0.997208|1.144635|1.512147|0.898414|0.385624|0.457673|0.868203|0.742766|0.050314|0.393886|0.251466|-0.033792|0.463060|0.850614|0.741214|0.037037|135.000000|0.578682|0.361453|75.000000|0.345087|0.800000|-0.301893|15.000000
TRO_G110U|2010-11-01|0.355030|0.709767|0.662779|0.500207|1.658467|7.627023|5.000000|0.693565|0.989759|1.152115|1.520435|0.898076|0.391058|0.457666|0.868434|0.767733|0.045752|0.408933|0.260979|-0.038701|0.463591|0.893520|0.759881|0.046512|129.000000|0.577970|0.363912|69.000000|0.376910|0.800000|-0.300214|15.000000
TRO_G110U|2011-05-01|0.386877|0.670561|0.742282|0.576945|1.586556|7.987219|5.000000|0.661485|0.889266|1.047603|1.508185|0.812970|0.429104|0.450003|0.976381|0.874647|0.027211|0.543408|0.274070|-0.017606|0.455436|1.194537|0.971530|0.016260|123.000000|0.650482|0.422913|63.000000|0.346026|0.857143|-0.248263|14.000000
TRO_G110U|2011-11-01|0.459799|0.652095|0.888643|0.705111|1.621192|8.987554|5.000000|0.676806|0.854978|0.977360|1.505501|0.870250|0.498423|0.509221|0.995895|1.006639|0.007092|0.565102|0.427054|0.121940|0.581616|0.974520|1.035890|0.000000|117.000000|0.711175|0.498351|57.000000|0.313565|0.857143|-0.159928|14.000000
TRO_G110U|2012-05-01|0.422074|0.666179|0.799077|0.633575|1.651608|8.291731|5.000000|0.654595|0.851748|1.015259|1.503751|0.815774|0.473217|0.454739|1.112539|0.987027|0.014815|0.558362|0.323692|0.133372|0.454739|1.227872|1.001734|0.000000|111.000000|0.643341|0.442461|51.000000|0.365717|0.769231|-0.235922|13.000000
TRO_G110U|2012-11-01|0.456174|0.650377|0.860761|0.701400|1.678397|8.410363|5.000000|0.661590|0.778766|0.989178|1.497455|0.864800|0.455339|0.500758|0.903898|0.838133|0.000000|0.477933|0.416925|0.234549|0.500758|0.930660|0.868975|0.000000|105.000000|0.613137|0.438512|45.000000|0.378416|0.846154|-0.135585|13.000000
TRO_G110U|2013-05-01|0.480613|0.684205|0.899439|0.702440|1.686442|8.419910|5.000000|0.665460|0.869778|1.059609|1.501627|0.863622|0.537957|0.500280|1.152629|1.039430|0.016260|0.571380|0.418047|0.176547|0.524584|1.106876|1.063967|0.000000|99.000000|0.702825|0.478471|39.000000|0.383893|0.833333|-0.269688|12.000000
TRO_G110U|2013-11-01|0.426927|0.698816|0.803136|0.610929|1.666012|8.607120|5.000000|0.662199|0.928596|1.111896|1.500733|0.873718|0.489860|0.456805|1.097496|0.994496|0.017094|0.536762|0.386048|0.084528|0.460382|1.175034|1.017139|0.000000|93.000000|0.617734|0.418610|33.000000|0.334753|0.750000|-0.319221|12.000000
TRO_G110U|2014-05-01|0.496832|0.738518|0.930169|0.672742|1.663205|9.082599|5.000000|0.668357|1.052966|1.274275|1.516577|0.843562|0.541818|0.443162|1.222619|1.064184|0.000000|0.553893|0.451633|0.105911|0.524969|1.055098|1.003498|0.000000|87.000000|0.657952|0.454091|27.000000|0.372463|0.727273|-0.371457|11.000000
TRO_G110U|2014-11-01|0.502474|0.735800|0.946314|0.682895|1.665086|8.758377|6.000000|0.634013|0.709305|0.987651|1.487229|0.757217|0.572024|0.442920|1.280129|1.151777|0.000000|0.589587|0.509617|0.123251|0.529862|1.120602|1.119907|0.000000|81.000000|0.648080|0.579197|21.000000|0.364199|0.818182|-0.430027|11.000000
TRO_G110U|2015-05-01|0.500565|0.586311|1.012072|0.853754|1.606733|8.778267|5.000000|0.654606|0.759566|1.000601|1.479338|0.847089|0.606997|0.439773|1.268619|1.222161|0.000000|0.624959|0.529763|0.184548|0.581323|1.115508|1.172520|0.000000|75.000000|0.682116|0.589949|15.000000|0.495760|0.800000|-0.229524|10.000000
TRO_G110U|2015-11-01|0.580545|0.581348|1.176677|0.998619|1.657322|8.778333|5.000000|0.656471|0.761170|1.001420|1.488844|0.839286|0.617828|0.443079|1.318577|1.229817|0.000000|0.647096|0.547923|0.461361|0.581348|1.136645|1.218943|0.000000|69.000000|0.682075|0.685587|9.000000|0.501567|0.800000|-0.230162|10.000000
TRO_G110U|2016-05-01|0.646717|0.528482|1.319355|1.223726|1.670416|8.157698|6.000000|0.630012|0.729092|0.885305|1.487858|0.739737|0.603080|0.438715|1.358443|1.157032|0.000000|0.619554|0.534074|0.449862|0.528482|1.210607|1.148517|0.000000|63.000000|0.652339|0.652207|3.000000|0.593798|0.888889|-0.150490|9.000000
C088_G110U|2009-11-01|0.354587|0.693277|0.712894|0.511465|1.611278|6.630013|7.000000|0.658223|1.017151|1.249886|1.412925|0.772897|0.419077|0.429471|0.923943|0.834204|0.054545|0.433192|0.300450|-0.026182|0.436927|0.843533|0.819338|0.021277|141.000000|0.579838|0.405745|81.000000|0.382599|0.812500|-0.276124|16.000000
C088_G110U|2010-05-01|0.370098|0.693262|0.755304|0.533850|1.645095|5.794040|6.000000|0.677902|1.024544|1.250395|1.448033|0.755885|0.393592|0.384305|0.990457|0.777830|0.062893|0.410667|0.313929|-0.032110|0.388329|0.924233|0.794991|0.022222|135.000000|0.539111|0.386916|75.000000|0.372673|0.733333|-0.276125|15.000000
C088_G110U|2010-11-01|0.277419|0.760128|0.535696|0.364963|1.620899|5.773295|6.000000|0.673187|1.047077|1.354607|1.456744|0.767436|0.326380|0.432533|0.769209|0.627864|0.104575|0.322631|0.196528|-0.071532|0.477757|0.678433|0.591481|0.077519|129.000000|0.356522|0.283275|69.000000|0.207587|0.733333|-0.341492|15.000000
C088_G110U|2011-05-01|0.308055|0.719803|0.589870|0.427972|1.599245|5.610313|6.000000|0.666448|0.961782|1.195097|1.404544|0.755358|0.360487|0.440436|0.832131|0.736063|0.040816|0.393066|0.241750|-0.036795|0.500446|0.836611|0.719139|0.024390|123.000000|0.452688|0.340061|63.000000|0.343481|0.857143|-0.315508|14.000000
C088_G110U|2011-11-01|0.319679|0.757768|0.621780|0.421869|1.646938|5.692690|6.000000|0.658351|1.065452|1.339821|1.445427|0.753166|0.341127|0.433329|0.883452|0.717535|0.049645|0.354220|0.238100|0.030305|0.473423|0.783707|0.702211|0.000000|117.000000|0.520025|0.306439|57.000000|0.329365|0.785714|-0.335487|14.000000
C088_G110U|2012-05-01|0.347527|0.731806|0.674634|0.474890|1.669633|5.853607|6.000000|0.638283|1.005228|1.243211|1.438941|0.758343|0.391023|0.403720|0.989095|0.865503|0.044444|0.420798|0.268798|0.080198|0.462700|0.941913|0.837015|0.000000|111.000000|0.550334|0.351794|51.000000|0.464938|0.769231|-0.271688|13.000000
C088_G110U|2012-11-01|0.459045|0.704554|0.876279|0.651540|1.686216|5.913375|7.000000|0.653553|0.895183|1.107788|1.425441|0.761167|0.508068|0.467752|1.042015|0.939416|0.015504|0.489467|0.441618|0.237858|0.467752|1.021483|0.917875|0.000000|105.000000|0.635936|0.471589|45.000000|0.432598|0.769231|-0.196184|13.000000
C088_G110U|2013-05-01|0.400107|0.673529|0.781684|0.594046|1.664480|5.195967|6.000000|0.622615|0.839193|1.025605|1.372103|0.607220|0.473124|0.456656|1.034371|0.970490|0.016260|0.525178|0.365763|0.157267|0.486819|1.102926|1.000975|0.000000|99.000000|0.568074|0.437302|39.000000|0.384890|0.750000|-0.186275|12.000000
C088_G110U|2013-11-01|0.477363|0.625575|0.924808|0.763079|1.676348|5.665364|7.000000|0.636158|0.753877|0.916431|1.440293|0.683013|0.505523|0.451535|1.092815|1.013389|0.000000|0.555066|0.441936|0.184058|0.551742|1.016614|1.014803|0.000000|93.000000|0.640760|0.487054|33.000000|0.297996|0.833333|-0.145014|12.000000
C088_G110U|2014-05-01|0.459557|0.751421|0.876046|0.611584|1.672295|7.209562|7.000000|0.652148|1.089227|1.347727|1.449772|0.803869|0.512857|0.442051|1.157180|1.005041|0.027027|0.545467|0.449086|0.096627|0.458320|1.190144|1.027906|0.000000|87.000000|0.598234|0.437294|27.000000|0.457321|0.727273|-0.351287|11.000000
C088_G110U|2014-11-01|0.428358|0.789165|0.818888|0.542799|1.654586|5.710622|7.000000|0.620920|0.753020|0.993848|1.379181|0.634087|0.544054|0.450149|1.225203|1.109622|0.038095|0.575477|0.496470|0.058818|0.477924|1.205375|1.090265|0.000000|81.000000|0.575274|0.457235|21.000000|0.390766|0.727273|-0.417800|11.000000
C088_G110U|2015-05-01|0.497398|0.622420|1.037896|0.799136|1.598648|5.945666|7.000000|0.633078|0.749379|0.998756|1.447664|0.716151|0.603919|0.444553|1.305291|1.200117|0.000000|0.640235|0.571307|0.161971|0.572051|1.128791|1.220402|0.000000|75.000000|0.685592|0.569316|15.000000|0.539870|0.800000|-0.150229|10.000000
C088_G110U|2015-11-01|0.578969|0.574262|1.208160|1.008197|1.650295|6.028705|7.000000|0.643418|0.748892|0.952644|1.460553|0.803191|0.626607|0.441521|1.320749|1.215796|0.000000|0.642278|0.570445|0.451459|0.574262|1.139922|1.212418|0.000000|69.000000|0.691658|0.691450|9.000000|0.633429|0.800000|-0.151744|10.000000
C088_G110U|2016-05-01|0.691727|0.545012|1.450944|1.269194|1.672753|6.033456|7.000000|0.624416|0.740613|0.938691|1.437854|0.712635|0.633184|0.450912|1.350010|1.219162|0.000000|0.651315|0.585693|0.473122|0.545012|1.211531|1.216917|0.000000|63.000000|0.684907|0.691665|3.000000|0.737630|0.888889|-0.147624|9.000000
TRO_C088_G110U|2009-11-01|0.386734|0.664168|0.743204|0.582283|1.620724|4.953494|5.000000|0.684383|0.963571|1.155748|1.506638|0.866220|0.445506|0.544332|0.841652|0.867812|0.042424|0.469951|0.325442|0.002345|0.582157|0.786218|0.842815|0.000000|141.000000|0.625797|0.446447|81.000000|0.304862|0.812500|-0.276083|16.000000
TRO_C088_G110U|2010-05-01|0.415704|0.643886|0.804309|0.645617|1.643488|5.195042|6.000000|0.685741|0.950996|1.155712|1.510757|0.860031|0.459780|0.544248|0.870191|0.897807|0.044025|0.480930|0.371524|0.010047|0.581843|0.824813|0.863479|0.000000|135.000000|0.656210|0.450950|75.000000|0.373910|0.800000|-0.275895|15.000000
TRO_C088_G110U|2010-11-01|0.402527|0.666824|0.768858|0.603647|1.671454|5.319040|6.000000|0.672841|0.956330|1.125025|1.511522|0.852314|0.455768|0.472794|0.971854|0.881192|0.032680|0.474128|0.368857|-0.001571|0.472794|0.984719|0.880800|0.015504|129.000000|0.608326|0.447622|69.000000|0.374633|0.800000|-0.256586|15.000000
TRO_C088_G110U|2011-05-01|0.414241|0.651430|0.805277|0.635896|1.597757|4.880101|6.000000|0.669485|0.829653|0.975190|1.497372|0.809352|0.493534|0.444467|1.006433|0.938486|0.013605|0.526593|0.401537|0.005790|0.533469|0.987111|0.926401|0.000000|123.000000|0.667585|0.473137|63.000000|0.348380|0.857143|-0.231350|14.000000
TRO_C088_G110U|2011-11-01|0.454052|0.657566|0.869225|0.690504|1.645451|6.151590|6.000000|0.666460|0.832905|1.002330|1.508620|0.824374|0.514475|0.507181|1.040698|0.963177|0.000000|0.541666|0.438592|0.112133|0.534680|1.013066|0.954969|0.000000|117.000000|0.694091|0.495018|57.000000|0.332499|0.857143|-0.232363|14.000000
TRO_C088_G110U|2012-05-01|0.507172|0.643406|0.968922|0.788261|1.669241|5.407760|7.000000|0.663819|0.811150|0.947543|1.488176|0.815486|0.546684|0.541654|1.117518|1.044366|0.000000|0.585207|0.474969|0.218285|0.541654|1.080409|1.026512|0.000000|111.000000|0.736611|0.531564|51.000000|0.453006|0.846154|-0.227473|13.000000
TRO_C088_G110U|2012-11-01|0.542830|0.640849|1.037504|0.847049|1.695287|5.155329|6.000000|0.662303|0.795200|0.948562|1.476930|0.847230|0.544838|0.510327|1.185524|1.094773|0.000000|0.584900|0.462587|0.210244|0.510327|1.146127|1.077354|0.000000|105.000000|0.719511|0.523917|45.000000|0.453429|0.846154|-0.248127|13.000000
TRO_C088_G110U|2013-05-01|0.451871|0.652554|0.876096|0.692466|1.676329|4.224784|7.000000|0.643062|0.838781|0.997796|1.440317|0.794816|0.498593|0.518641|1.112266|1.039542|0.000000|0.570941|0.343920|0.121001|0.533235|1.074031|1.065934|0.000000|99.000000|0.622198|0.455667|39.000000|0.418424|0.750000|-0.220966|12.000000
TRO_C088_G110U|2013-11-01|0.405009|0.636230|0.765238|0.636577|1.677942|5.441314|6.000000|0.653536|0.758293|0.918455|1.452325|0.794231|0.427777|0.481129|0.943447|0.827221|0.000000|0.448692|0.388298|0.182788|0.481129|0.924682|0.821952|0.000000|93.000000|0.546582|0.405411|33.000000|0.326444|0.833333|-0.217031|12.000000
TRO_C088_G110U|2014-05-01|0.467852|0.718625|0.878825|0.651038|1.669008|4.653844|7.000000|0.667978|1.018575|1.199749|1.474899|0.840894|0.476107|0.444348|1.063228|0.945004|0.000000|0.501018|0.411257|0.107274|0.521583|0.960839|0.929782|0.000000|87.000000|0.596577|0.435537|27.000000|0.374852|0.818182|-0.334235|11.000000
TRO_C088_G110U|2014-11-01|0.546400|0.767526|1.026677|0.711899|1.662427|4.955342|7.000000|0.626871|0.738527|1.005233|1.454200|0.692174|0.634178|0.441530|1.342912|1.189128|0.000000|0.632723|0.533540|0.119881|0.546261|1.163991|1.182909|0.000000|81.000000|0.715682|0.606530|21.000000|0.453069|0.818182|-0.473864|11.000000
TRO_C088_G110U|2015-05-01|0.495833|0.606742|1.004817|0.817205|1.618123|5.006047|7.000000|0.636660|0.747719|0.948672|1.471063|0.773397|0.604773|0.443960|1.269640|1.195380|0.000000|0.616697|0.505628|0.149414|0.552533|1.129063|1.167336|0.000000|75.000000|0.671194|0.583061|15.000000|0.605730|0.800000|-0.218559|10.000000
TRO_C088_G110U|2015-11-01|0.559939|0.552597|1.141369|1.013288|1.665751|5.174347|7.000000|0.644166|0.757976|0.949383|1.474695|0.814590|0.597784|0.444000|1.210939|1.103732|0.000000|0.600611|0.513577|0.418303|0.552597|1.118293|1.135059|0.000000|69.000000|0.648464|0.635665|9.000000|0.513007|0.800000|-0.218852|10.000000
TRO_C088_G110U|2016-05-01|0.690669|0.581209|1.414322|1.188332|1.669878|5.609539|7.000000|0.631157|0.782978|1.029746|1.488074|0.790753|0.629113|0.441701|1.271812|1.213573|0.000000|0.655266|0.572211|0.456585|0.581209|1.163614|1.221822|0.000000|63.000000|0.677532|0.683389|3.000000|0.781943|0.888889|-0.215656|9.000000
#EX5|2011-11-01|688516,000933,002466,002128,601328
EX5:BASE|2009-11-01|0.321072|0.656458|0.653834|0.489096|1.617577|4.325980|5.000000|0.667974|0.997194|1.261646|1.514163|0.772152|0.416128|0.395751|1.105107|0.872378|0.054545|0.410197|0.256734|-0.018201|0.395751|0.992140|0.811598|0.007092|141.000000|0.527031|0.392637|81.000000|0.308637|0.812500|-0.257830|16.000000
EX5:BASE|2010-05-01|0.351584|0.656081|0.710104|0.535885|1.649108|4.835214|5.000000|0.671979|1.001355|1.261133|1.525086|0.798362|0.418539|0.395144|1.115729|0.879309|0.050314|0.424165|0.324088|-0.018425|0.395144|1.042455|0.818743|0.007407|135.000000|0.517002|0.395974|75.000000|0.369791|0.800000|-0.257813|15.000000
EX5:BASE|2010-11-01|0.269716|0.714246|0.536424|0.377624|1.616238|4.422365|5.000000|0.670303|0.929540|1.168484|1.499375|0.794442|0.400432|0.429267|1.095173|0.882293|0.091503|0.416986|0.207453|-0.072947|0.429267|0.987409|0.881981|0.077519|129.000000|0.488947|0.343127|69.000000|0.232540|0.733333|-0.305538|15.000000
EX5:BASE|2011-05-01|0.293387|0.717922|0.603895|0.408661|1.577432|4.362413|5.000000|0.672250|0.924987|1.182449|1.490790|0.734205|0.413474|0.416270|1.089897|0.890258|0.040816|0.427227|0.238991|-0.045358|0.416270|1.035255|0.902967|0.024390|123.000000|0.495478|0.352900|63.000000|0.321887|0.785714|-0.256868|14.000000
EX5:BASE|2011-11-01|0.323051|0.703151|0.663505|0.459433|1.623867|4.344182|5.000000|0.667134|0.905378|1.109636|1.491008|0.730650|0.416858|0.398909|1.130680|0.875713|0.028369|0.432344|0.283527|0.054063|0.404061|1.080633|0.897779|0.000000|117.000000|0.516057|0.358399|57.000000|0.310305|0.785714|-0.238120|14.000000
EX5:BASE|2012-05-01|0.326690|0.675679|0.676568|0.483499|1.643384|4.647016|5.000000|0.651766|0.863616|1.028515|1.493214|0.705984|0.414059|0.395729|1.151611|0.896131|0.014815|0.426539|0.349511|0.131196|0.395729|1.077856|0.893985|0.000000|111.000000|0.494557|0.392106|51.000000|0.372685|0.692308|-0.194662|13.000000
EX5:BASE|2012-11-01|0.382371|0.673882|0.792751|0.567416|1.665732|4.372656|5.000000|0.664489|0.839463|1.019393|1.488217|0.706968|0.437058|0.396236|1.195974|0.938338|0.015504|0.449752|0.363401|0.195873|0.396236|1.138290|0.940901|0.000000|105.000000|0.518098|0.422918|45.000000|0.375582|0.692308|-0.199956|13.000000
EX5:BASE|2013-05-01|0.420641|0.600321|0.880249|0.700693|1.676962|4.260513|6.000000|0.638422|0.750205|0.890158|1.465777|0.645480|0.488354|0.392831|1.304762|1.028997|0.000000|0.485036|0.429688|0.287253|0.395168|1.190445|0.999478|0.000000|99.000000|0.555342|0.481164|39.000000|0.389380|0.916667|-0.184301|12.000000
EX5:BASE|2013-11-01|0.395822|0.658588|0.802555|0.601017|1.676627|4.656328|6.000000|0.644232|0.766680|0.985863|1.478256|0.734936|0.471753|0.394471|1.254407|1.001413|0.000000|0.458852|0.414849|0.187021|0.395713|1.148691|0.995181|0.000000|93.000000|0.524269|0.446964|33.000000|0.350768|0.833333|-0.198487|12.000000
EX5:BASE|2014-05-01|0.402328|0.701392|0.799227|0.573614|1.697570|5.801589|6.000000|0.626536|0.895234|1.106832|1.445904|0.671114|0.452086|0.402451|1.158928|0.951940|0.000000|0.449714|0.384801|0.191969|0.420491|1.103707|0.964342|0.000000|87.000000|0.488018|0.415333|27.000000|0.303940|0.818182|-0.293554|11.000000
EX5:BASE|2014-11-01|0.336343|0.844334|0.654784|0.398354|1.660910|4.313166|6.000000|0.613374|0.719284|1.157541|1.404093|0.579130|0.489964|0.402857|1.295426|1.026570|0.066667|0.483481|0.427138|0.027767|0.402857|1.192346|1.041771|0.000000|81.000000|0.516497|0.400294|21.000000|0.443398|0.727273|-0.566649|11.000000
EX5:BASE|2015-05-01|0.450435|0.601742|1.035558|0.748552|1.598518|4.983932|6.000000|0.632741|0.714830|0.893867|1.472860|0.678851|0.555142|0.361734|1.662062|1.284875|0.000000|0.546074|0.493276|0.342100|0.395941|1.377214|1.211407|0.000000|75.000000|0.624932|0.537724|15.000000|0.440210|0.800000|-0.178733|10.000000
EX5:BASE|2015-11-01|0.533552|0.452804|1.219232|1.178328|1.652081|5.677176|6.000000|0.641529|0.715310|0.889850|1.467363|0.760638|0.599485|0.361866|1.662027|1.284149|0.000000|0.553727|0.518586|0.446879|0.392759|1.454782|1.262862|0.000000|69.000000|0.642419|0.641291|9.000000|0.459484|0.800000|-0.187950|10.000000
EX5:BASE|2016-05-01|0.511212|0.406718|1.173496|1.256921|1.675888|4.090069|6.000000|0.620651|0.725639|0.829350|1.449290|0.597848|0.486975|0.398641|1.331561|1.022198|0.000000|0.473742|0.427873|0.337884|0.398641|1.173507|1.016471|0.000000|63.000000|0.510721|0.510312|3.000000|0.522197|0.888889|-0.170792|9.000000
EX5:GE_TROUGHOFF|2009-11-01|0.341150|0.663156|0.686683|0.514434|1.613766|4.814341|5.000000|0.667259|1.023949|1.238874|1.517691|0.745594|0.438431|0.363811|1.352949|1.025500|0.054545|0.457501|0.270013|-0.014757|0.364402|1.216774|0.998184|0.021277|141.000000|0.490850|0.434850|81.000000|0.387667|0.812500|-0.255793|16.000000
EX5:GE_TROUGHOFF|2010-05-01|0.357419|0.665223|0.713471|0.537293|1.645661|4.900680|5.000000|0.670359|1.027301|1.238055|1.525567|0.741044|0.449885|0.364176|1.360868|1.050906|0.050314|0.465476|0.300679|-0.016089|0.364176|1.300779|1.027695|0.022222|135.000000|0.487847|0.438496|75.000000|0.400882|0.800000|-0.255641|15.000000
EX5:GE_TROUGHOFF|2010-11-01|0.309240|0.692346|0.613049|0.446655|1.672066|3.580634|5.000000|0.682706|1.000077|1.134719|1.556417|0.796932|0.409743|0.395203|1.047592|0.882954|0.052288|0.419977|0.243758|-0.038951|0.467639|0.960901|0.872346|0.046512|129.000000|0.503662|0.359977|69.000000|0.363288|0.733333|-0.251273|15.000000
EX5:GE_TROUGHOFF|2011-05-01|0.299763|0.694948|0.613793|0.431346|1.592727|3.906443|6.000000|0.662207|0.896284|1.129710|1.520482|0.755636|0.418631|0.434512|1.054194|0.907762|0.034014|0.427750|0.241517|-0.025494|0.469595|1.037186|0.907897|0.016260|123.000000|0.502040|0.362978|63.000000|0.380044|0.714286|-0.254040|14.000000
EX5:GE_TROUGHOFF|2011-11-01|0.359767|0.667253|0.757101|0.539177|1.608065|4.734614|5.000000|0.667274|0.865793|1.006090|1.507087|0.735435|0.435977|0.398152|1.329054|1.024585|0.014184|0.461782|0.342737|0.095235|0.398152|1.154313|0.980223|0.000000|117.000000|0.548431|0.426626|57.000000|0.338666|0.785714|-0.208482|14.000000
EX5:GE_TROUGHOFF|2012-05-01|0.360312|0.651139|0.737558|0.553357|1.662296|4.231415|6.000000|0.649966|0.816557|0.966071|1.500933|0.720207|0.432231|0.397490|1.107816|0.965418|0.000000|0.449233|0.348712|0.173072|0.455676|1.061388|0.941640|0.000000|111.000000|0.505085|0.404534|51.000000|0.437220|0.846154|-0.238707|13.000000
EX5:GE_TROUGHOFF|2012-11-01|0.380044|0.647570|0.784473|0.586878|1.681459|4.427263|6.000000|0.653977|0.806510|0.965216|1.510248|0.752829|0.435893|0.387015|1.164366|0.961744|0.000000|0.444013|0.357601|0.203804|0.455608|1.053223|0.938620|0.000000|105.000000|0.487904|0.412022|45.000000|0.361745|0.846154|-0.238514|13.000000
EX5:GE_TROUGHOFF|2013-05-01|0.415883|0.586382|0.871911|0.709235|1.679567|4.423134|6.000000|0.632305|0.738522|0.888546|1.464499|0.659056|0.462791|0.372865|1.171348|0.971564|0.000000|0.468447|0.408812|0.253450|0.454782|1.119561|0.972262|0.000000|99.000000|0.523671|0.456663|39.000000|0.360101|0.916667|-0.220648|12.000000
EX5:GE_TROUGHOFF|2013-11-01|0.397158|0.646240|0.795795|0.614567|1.687445|3.881799|6.000000|0.645088|0.768642|0.967907|1.470604|0.704487|0.480739|0.384691|1.290165|1.038055|0.000000|0.470701|0.421050|0.160992|0.465550|1.150206|1.052242|0.000000|93.000000|0.525958|0.462409|33.000000|0.363903|0.833333|-0.233340|12.000000
EX5:GE_TROUGHOFF|2014-05-01|0.436920|0.669507|0.887852|0.652600|1.696966|4.398915|6.000000|0.639770|0.781098|1.044888|1.491229|0.676117|0.494137|0.384064|1.340750|1.055390|0.000000|0.494873|0.436362|0.244434|0.432224|1.222530|1.080487|0.000000|87.000000|0.520165|0.460256|27.000000|0.437069|0.818182|-0.253661|11.000000
EX5:GE_TROUGHOFF|2014-11-01|0.405069|0.754194|0.820812|0.537089|1.670903|4.655909|6.000000|0.635957|0.740980|1.033958|1.478787|0.653913|0.499811|0.356554|1.477508|1.134565|0.000000|0.521315|0.449146|0.174269|0.359928|1.363699|1.103550|0.000000|81.000000|0.532982|0.497081|21.000000|0.358843|0.818182|-0.500183|11.000000
EX5:GE_TROUGHOFF|2015-05-01|0.433490|0.586311|0.995248|0.739351|1.622745|3.755864|6.000000|0.621636|0.709166|0.825116|1.452762|0.611643|0.553792|0.386871|1.550300|1.187830|0.000000|0.546995|0.486525|0.335488|0.386871|1.394501|1.177918|0.000000|75.000000|0.591370|0.521228|15.000000|0.419271|0.800000|-0.213040|10.000000
EX5:GE_TROUGHOFF|2015-11-01|0.504311|0.398757|1.164136|1.264708|1.673174|3.439185|5.500000|0.625144|0.710374|0.826431|1.461653|0.641337|0.561560|0.392004|1.587515|1.197706|0.000000|0.554914|0.485974|0.407904|0.392004|1.415582|1.187566|0.000000|69.000000|0.591116|0.580508|9.000000|0.402213|0.800000|-0.211967|10.000000
EX5:GE_TROUGHOFF|2016-05-01|0.539904|0.410964|1.272222|1.313752|1.684517|4.237506|6.000000|0.590946|0.666804|0.825791|1.425336|0.449183|0.511685|0.379297|1.456928|1.095409|0.000000|0.500167|0.458358|0.387634|0.379297|1.300558|1.099553|0.000000|63.000000|0.537873|0.537510|3.000000|0.512268|0.888889|-0.173149|9.000000
EX5:C088|2009-11-01|0.329007|0.662286|0.674504|0.496774|1.616907|3.754339|6.000000|0.654178|1.010324|1.266918|1.481771|0.706379|0.411342|0.409144|1.193890|0.955087|0.048485|0.447582|0.240350|-0.016491|0.409144|1.093948|0.902791|0.021277|141.000000|0.549852|0.394668|81.000000|0.385079|0.750000|-0.258269|16.000000
EX5:C088|2010-05-01|0.351433|0.665490|0.711659|0.528082|1.650105|3.972735|6.000000|0.668816|1.014505|1.267286|1.493750|0.751279|0.451031|0.400544|1.224007|0.975654|0.044025|0.469705|0.245417|-0.019549|0.410516|1.144184|0.961009|0.022222|135.000000|0.565598|0.396242|75.000000|0.400204|0.733333|-0.258425|15.000000
EX5:C088|2010-11-01|0.279289|0.717216|0.553205|0.389407|1.621130|5.127971|6.000000|0.664282|0.929778|1.178879|1.469031|0.756424|0.411802|0.432024|1.041368|0.872342|0.091503|0.426678|0.196248|-0.074173|0.432024|0.992014|0.832826|0.077519|129.000000|0.460068|0.339314|69.000000|0.230592|0.733333|-0.305538|15.000000
EX5:C088|2011-05-01|0.294453|0.713589|0.590186|0.412637|1.599488|3.902032|6.000000|0.656702|0.924892|1.163953|1.470363|0.733092|0.414904|0.433970|1.072001|0.890919|0.047619|0.425831|0.216236|-0.045258|0.433970|1.031289|0.856822|0.024390|123.000000|0.458968|0.345491|63.000000|0.309868|0.785714|-0.282092|14.000000
EX5:C088|2011-11-01|0.324357|0.726492|0.654018|0.446471|1.635732|4.909953|6.000000|0.663470|0.951309|1.218796|1.466149|0.767520|0.410170|0.415657|1.035250|0.868523|0.042553|0.433109|0.226959|0.023152|0.437081|1.005228|0.872791|0.000000|117.000000|0.528625|0.333375|57.000000|0.295782|0.785714|-0.262074|14.000000
EX5:C088|2012-05-01|0.358400|0.685217|0.717277|0.523045|1.665531|5.395310|6.000000|0.646608|0.878032|1.066744|1.482336|0.742232|0.449061|0.404797|1.148862|0.930662|0.014815|0.464853|0.312850|0.094466|0.418668|1.116486|0.932974|0.000000|111.000000|0.551352|0.390101|51.000000|0.384652|0.692308|-0.198512|13.000000
EX5:C088|2012-11-01|0.392201|0.686532|0.780600|0.571278|1.690742|4.916240|6.000000|0.648852|0.881423|1.071188|1.493054|0.749553|0.464539|0.404830|1.205306|0.942720|0.015504|0.468164|0.324398|0.167753|0.419196|1.143419|0.966647|0.000000|105.000000|0.546288|0.409626|45.000000|0.384630|0.692308|-0.206929|13.000000
EX5:C088|2013-05-01|0.421329|0.598341|0.881351|0.704162|1.685899|3.814968|8.000000|0.615845|0.714491|0.860583|1.382701|0.584696|0.503942|0.381992|1.348590|1.063040|0.000000|0.513281|0.450085|0.290553|0.404271|1.209074|1.066216|0.000000|99.000000|0.560545|0.503457|39.000000|0.374092|0.916667|-0.187205|12.000000
EX5:C088|2013-11-01|0.423659|0.630510|0.866761|0.671931|1.680006|3.763629|6.000000|0.628029|0.779104|0.889589|1.459395|0.657372|0.527697|0.393567|1.498666|1.227214|0.000000|0.555554|0.467269|0.137239|0.401758|1.459237|1.220485|0.000000|93.000000|0.569942|0.478547|33.000000|0.397336|0.750000|-0.175272|12.000000
EX5:C088|2014-05-01|0.414908|0.725457|0.813552|0.571927|1.700946|4.275472|6.000000|0.634783|0.976114|1.201953|1.429359|0.662442|0.481212|0.405164|1.277278|1.031822|0.000000|0.491074|0.431046|0.151528|0.425971|1.177997|1.012597|0.000000|87.000000|0.520340|0.432015|27.000000|0.384700|0.818182|-0.368124|11.000000
EX5:C088|2014-11-01|0.371803|0.824070|0.722398|0.451179|1.675196|5.488557|7.000000|0.623535|0.736763|1.144791|1.412021|0.638957|0.500626|0.397584|1.320647|1.040933|0.047619|0.487414|0.435023|0.070956|0.397584|1.218076|1.047991|0.000000|81.000000|0.532744|0.435858|21.000000|0.348842|0.727273|-0.556036|11.000000
EX5:C088|2015-05-01|0.448545|0.617785|1.018721|0.726054|1.611603|4.268376|8.000000|0.622561|0.674199|0.830836|1.404301|0.646401|0.566219|0.364309|1.564690|1.193979|0.000000|0.557085|0.514458|0.317942|0.395223|1.409056|1.204875|0.000000|75.000000|0.622189|0.542900|15.000000|0.550153|0.800000|-0.156550|10.000000
EX5:C088|2015-11-01|0.546320|0.441971|1.257166|1.236100|1.667725|4.327902|7.000000|0.620646|0.682395|0.830686|1.388444|0.633739|0.611017|0.360991|1.740000|1.321400|0.000000|0.598784|0.556465|0.468318|0.373554|1.592725|1.314555|0.000000|69.000000|0.654149|0.656929|9.000000|0.584071|0.800000|-0.150526|10.000000
EX5:C088|2016-05-01|0.576103|0.398299|1.337338|1.446407|1.672710|4.402852|6.000000|0.623421|0.720740|0.892370|1.432040|0.646871|0.557505|0.398101|1.544407|1.212519|0.000000|0.555359|0.506565|0.413470|0.398299|1.394327|1.210504|0.000000|63.000000|0.568985|0.571303|3.000000|0.432412|0.888889|-0.164276|9.000000
EX5:G110U|2009-11-01|0.353931|0.652369|0.750050|0.542531|1.601136|5.248125|5.000000|0.663865|0.959989|1.188106|1.474316|0.775379|0.448036|0.362564|1.249226|0.968550|0.054545|0.460340|0.328617|-0.016484|0.362564|1.103447|0.949074|0.014184|141.000000|0.465800|0.448644|81.000000|0.364913|0.812500|-0.257830|16.000000
EX5:G110U|2010-05-01|0.387336|0.646838|0.827277|0.598815|1.624619|5.234121|5.000000|0.665751|0.934181|1.188444|1.487721|0.798874|0.476370|0.397040|1.222667|1.046342|0.056604|0.486549|0.392063|-0.015783|0.397040|1.086499|1.004384|0.014815|135.000000|0.489599|0.473887|75.000000|0.388332|0.800000|-0.257813|15.000000
EX5:G110U|2010-11-01|0.348466|0.629788|0.729404|0.553307|1.605864|5.056641|5.000000|0.665043|0.793919|0.967347|1.469872|0.799423|0.482113|0.399021|1.276335|1.019675|0.065359|0.483851|0.338048|-0.028583|0.399021|1.202327|1.024431|0.031008|129.000000|0.563012|0.448129|69.000000|0.384689|0.800000|-0.305538|15.000000
EX5:G110U|2011-05-01|0.366064|0.646080|0.767140|0.566592|1.588190|5.902306|6.000000|0.659050|0.808380|0.969198|1.483384|0.799610|0.478368|0.399709|1.276393|1.029184|0.027211|0.482705|0.343185|0.013238|0.399709|1.207641|1.025834|0.000000|123.000000|0.575791|0.434407|63.000000|0.369958|0.857143|-0.138960|14.000000
EX5:G110U|2011-11-01|0.386688|0.635336|0.809763|0.608635|1.627236|5.602977|5.000000|0.666276|0.808481|0.968459|1.487420|0.755699|0.484032|0.376106|1.359189|1.070201|0.000000|0.479575|0.394715|0.116158|0.376522|1.291105|1.069096|0.000000|117.000000|0.566778|0.446384|57.000000|0.408880|0.857143|-0.141394|14.000000
EX5:G110U|2012-05-01|0.392430|0.671708|0.826836|0.584227|1.639690|6.394750|5.000000|0.669395|0.827436|0.999016|1.497385|0.790276|0.439201|0.344449|1.345528|1.047867|0.014815|0.487175|0.389116|0.132095|0.368140|1.401238|1.079437|0.000000|111.000000|0.580414|0.435426|51.000000|0.490574|0.769231|-0.220310|13.000000
EX5:G110U|2012-11-01|0.409169|0.704174|0.854266|0.581062|1.664569|4.480950|5.000000|0.657153|0.877530|1.093746|1.484354|0.733175|0.474211|0.401640|1.312963|1.033334|0.023256|0.458580|0.406331|0.280386|0.401640|1.118993|0.974189|0.000000|105.000000|0.573830|0.464781|45.000000|0.386193|0.769231|-0.229283|13.000000
EX5:G110U|2013-05-01|0.362988|0.730950|0.736058|0.496597|1.668602|4.824752|5.000000|0.656388|1.003806|1.256976|1.475335|0.748534|0.473389|0.402082|1.253840|1.053617|0.024390|0.476196|0.343306|0.127548|0.421742|1.164321|1.045945|0.000000|99.000000|0.526552|0.415174|39.000000|0.410424|0.750000|-0.248756|12.000000
EX5:G110U|2013-11-01|0.438754|0.656095|0.914945|0.668735|1.666454|5.862242|6.000000|0.655349|0.784385|0.953704|1.469974|0.755128|0.499445|0.342645|1.462256|1.136269|0.000000|0.493650|0.436375|0.204471|0.373101|1.425899|1.174141|0.000000|93.000000|0.593099|0.475276|33.000000|0.394901|0.833333|-0.234113|12.000000
EX5:G110U|2014-05-01|0.443773|0.712552|0.926744|0.622794|1.660482|5.460955|6.000000|0.658180|0.916088|1.152490|1.461191|0.767512|0.481661|0.384036|1.351936|1.084012|0.000000|0.485488|0.417043|0.217599|0.392905|1.264175|1.081620|0.000000|87.000000|0.540460|0.458027|27.000000|0.386383|0.818182|-0.277141|11.000000
EX5:G110U|2014-11-01|0.366645|0.822807|0.743783|0.445603|1.638404|4.627055|6.000000|0.625163|0.723006|1.047041|1.367615|0.624696|0.525211|0.363451|1.447428|1.095812|0.047619|0.503380|0.446125|0.079094|0.398884|1.261971|1.110752|0.000000|81.000000|0.535582|0.417793|21.000000|0.427866|0.727273|-0.507940|11.000000
EX5:G110U|2015-05-01|0.456344|0.601742|1.059890|0.758371|1.572621|5.210780|6.000000|0.644258|0.703172|0.748301|1.467512|0.792615|0.554546|0.372260|1.493562|1.183899|0.000000|0.543139|0.471671|0.349543|0.394616|1.331955|1.206870|0.000000|75.000000|0.630092|0.542639|15.000000|0.450985|0.800000|-0.178733|10.000000
EX5:G110U|2015-11-01|0.497176|0.474630|1.155463|1.047503|1.617909|7.059554|6.000000|0.653022|0.734488|0.798824|1.455841|0.805091|0.516308|0.361610|1.222988|1.094116|0.000000|0.504377|0.432174|0.359080|0.474630|1.159206|1.119817|0.000000|69.000000|0.601543|0.604741|9.000000|0.399045|0.800000|-0.187950|10.000000
EX5:G110U|2016-05-01|0.548966|0.363151|1.310826|1.511675|1.641755|5.420569|6.000000|0.641595|0.733345|0.841052|1.423247|0.712236|0.529570|0.361767|1.576413|1.127272|0.000000|0.485606|0.447413|0.366491|0.363151|1.337200|1.124222|0.000000|63.000000|0.549842|0.548510|3.000000|0.439174|0.888889|-0.104151|9.000000
EX5:TRO_C088|2009-11-01|0.334937|0.646678|0.676718|0.517936|1.626055|3.792938|7.000000|0.665774|1.024068|1.234416|1.463138|0.728717|0.438465|0.462175|1.182622|0.982485|0.042424|0.437342|0.260524|-0.011713|0.466032|1.074547|0.898538|0.007092|141.000000|0.496495|0.420935|81.000000|0.367604|0.812500|-0.255793|16.000000
EX5:TRO_C088|2010-05-01|0.348320|0.647843|0.695303|0.537662|1.659761|4.107591|7.000000|0.666577|1.026913|1.234415|1.466350|0.711361|0.436720|0.422150|1.173207|0.980363|0.037736|0.448630|0.305693|-0.012393|0.465350|1.086007|0.951328|0.007407|135.000000|0.497080|0.418522|75.000000|0.407647|0.800000|-0.255641|15.000000
EX5:TRO_C088|2010-11-01|0.367682|0.642760|0.761998|0.572035|1.661941|4.192969|7.000000|0.655822|0.953497|1.124277|1.463693|0.724909|0.468281|0.417795|1.237013|1.100806|0.026144|0.511793|0.317097|-0.008642|0.465644|1.196806|1.100838|0.015504|129.000000|0.534428|0.443395|69.000000|0.381459|0.800000|-0.231515|15.000000
EX5:TRO_C088|2011-05-01|0.331696|0.678725|0.690744|0.488705|1.586163|4.310775|7.000000|0.654681|0.877996|1.074687|1.441187|0.743668|0.466203|0.410719|1.134996|1.017302|0.027211|0.494200|0.242826|-0.006215|0.464259|1.173923|1.028880|0.016260|123.000000|0.529750|0.395387|63.000000|0.372587|0.785714|-0.231536|14.000000
EX5:TRO_C088|2011-11-01|0.389917|0.639096|0.832075|0.610107|1.629367|3.739938|7.000000|0.647145|0.826591|0.932552|1.439501|0.695750|0.486659|0.410435|1.351340|1.163045|0.000000|0.523748|0.346111|0.116011|0.463812|1.308344|1.122642|0.000000|117.000000|0.580907|0.459938|57.000000|0.394905|0.857143|-0.214954|14.000000
EX5:TRO_C088|2012-05-01|0.397634|0.632530|0.830038|0.628640|1.660712|4.186388|8.000000|0.653519|0.803923|0.904326|1.467309|0.684801|0.464872|0.424884|1.216693|1.043663|0.000000|0.482753|0.410675|0.209195|0.466928|1.166599|1.057675|0.000000|111.000000|0.562938|0.457107|51.000000|0.426308|0.846154|-0.224012|13.000000
EX5:TRO_C088|2012-11-01|0.442384|0.625511|0.927050|0.707236|1.673200|3.935274|7.000000|0.651100|0.784298|0.884106|1.453957|0.688207|0.489984|0.377495|1.472680|1.111326|0.000000|0.502040|0.434496|0.281785|0.377495|1.329923|1.098207|0.000000|105.000000|0.575509|0.479870|45.000000|0.423223|0.846154|-0.104535|13.000000
EX5:TRO_C088|2013-05-01|0.455555|0.584074|0.963258|0.779962|1.669646|4.180211|8.000000|0.625284|0.722493|0.823027|1.417623|0.625424|0.539393|0.354489|1.629089|1.177069|0.000000|0.551038|0.470411|0.316361|0.355032|1.537519|1.145854|0.000000|99.000000|0.584547|0.536340|39.000000|0.368739|0.916667|-0.113152|12.000000
EX5:TRO_C088|2013-11-01|0.413880|0.604778|0.832615|0.684350|1.694648|3.906842|8.000000|0.637647|0.729577|0.869918|1.389914|0.668269|0.502771|0.385332|1.316225|1.113360|0.000000|0.514229|0.445991|0.153274|0.451195|1.265715|1.106996|0.000000|93.000000|0.548113|0.478540|33.000000|0.395609|0.833333|-0.206762|12.000000
EX5:TRO_C088|2014-05-01|0.450219|0.671637|0.923987|0.670331|1.690744|3.858416|8.000000|0.636047|0.836396|1.032349|1.439060|0.720147|0.516048|0.401463|1.390854|1.167308|0.000000|0.532683|0.474796|0.213907|0.445368|1.302925|1.135599|0.000000|87.000000|0.552171|0.480108|27.000000|0.434172|0.818182|-0.314111|11.000000
EX5:TRO_C088|2014-11-01|0.443479|0.775319|0.904131|0.571996|1.665563|4.102658|7.000000|0.614612|0.699462|1.045265|1.386429|0.568000|0.552098|0.353902|1.656670|1.242562|0.000000|0.574475|0.485870|0.201512|0.393300|1.561114|1.231952|0.000000|81.000000|0.589740|0.548360|21.000000|0.359307|0.818182|-0.535602|11.000000
EX5:TRO_C088|2015-05-01|0.479065|0.606742|1.092192|0.789570|1.619451|4.467538|8.000000|0.623748|0.695946|0.825294|1.443625|0.641120|0.609651|0.354175|1.901588|1.344621|0.000000|0.609560|0.544371|0.358504|0.354604|1.708308|1.315291|0.000000|75.000000|0.655634|0.582213|15.000000|0.436728|0.800000|-0.153913|10.000000
EX5:TRO_C088|2015-11-01|0.598218|0.383628|1.389252|1.559369|1.674225|3.773359|7.000000|0.622263|0.685675|0.825181|1.451080|0.622720|0.654845|0.353449|2.040502|1.467993|0.000000|0.646350|0.607998|0.510203|0.353449|1.829558|1.448917|0.000000|69.000000|0.696391|0.693279|9.000000|0.610540|0.800000|-0.153837|10.000000
EX5:TRO_C088|2016-05-01|0.568429|0.404807|1.323035|1.404198|1.684947|3.673732|9.000000|0.620974|0.708663|0.801380|1.424298|0.610203|0.540075|0.373678|1.520721|1.172697|0.000000|0.527649|0.482691|0.421697|0.404807|1.320464|1.170668|0.000000|63.000000|0.556279|0.559355|3.000000|0.430816|0.888889|-0.128407|9.000000
EX5:TRO_G110U|2009-11-01|0.342444|0.674882|0.700043|0.507413|1.627279|4.383866|5.000000|0.665616|0.957058|1.163286|1.500050|0.835691|0.442495|0.463343|1.057430|0.903426|0.042424|0.437012|0.283394|-0.005677|0.465502|0.904019|0.816147|0.014184|141.000000|0.568483|0.408997|81.000000|0.320279|0.812500|-0.261629|16.000000
EX5:TRO_G110U|2010-05-01|0.357151|0.678437|0.717551|0.526431|1.665945|3.953799|5.000000|0.668992|0.982706|1.163132|1.519138|0.824463|0.452158|0.429529|1.127481|0.978110|0.044025|0.455973|0.355952|-0.008057|0.467462|1.020537|0.875406|0.022222|135.000000|0.532183|0.431303|75.000000|0.360514|0.800000|-0.263781|15.000000
EX5:TRO_G110U|2010-11-01|0.342114|0.678366|0.690398|0.504320|1.673121|4.428166|5.000000|0.676423|0.952581|1.138018|1.546830|0.823453|0.422729|0.419302|1.067069|0.890016|0.039216|0.426713|0.360654|-0.010936|0.465811|0.988375|0.849659|0.023256|129.000000|0.501197|0.409470|69.000000|0.358640|0.800000|-0.261668|15.000000
EX5:TRO_G110U|2011-05-01|0.345741|0.664934|0.742461|0.519963|1.580243|4.359853|5.000000|0.662676|0.849165|0.978845|1.499912|0.780128|0.453726|0.436683|1.189282|0.994812|0.027211|0.451613|0.368067|-0.002545|0.447143|1.074454|0.954047|0.016260|123.000000|0.534056|0.426438|63.000000|0.290933|0.857143|-0.251866|14.000000
EX5:TRO_G110U|2011-11-01|0.347426|0.672666|0.725906|0.516491|1.623135|4.267757|5.000000|0.666695|0.872000|1.030197|1.514226|0.801295|0.449744|0.424302|1.178744|1.022729|0.014184|0.474149|0.305555|0.069542|0.452452|1.132067|1.003878|0.000000|117.000000|0.530722|0.393590|57.000000|0.348340|0.857143|-0.278236|14.000000
EX5:TRO_G110U|2012-05-01|0.370319|0.645727|0.778154|0.573491|1.655614|4.285358|5.000000|0.642106|0.809590|0.965133|1.488450|0.695164|0.441789|0.415245|1.136812|0.974578|0.007407|0.433057|0.379438|0.191080|0.445704|1.052068|0.955465|0.000000|111.000000|0.527557|0.421994|51.000000|0.243944|0.846154|-0.236190|13.000000
EX5:TRO_G110U|2012-11-01|0.433236|0.652600|0.901396|0.663860|1.677055|4.499490|5.000000|0.653290|0.777251|0.983874|1.506166|0.821322|0.491351|0.383970|1.433796|1.105708|0.000000|0.499653|0.445321|0.319069|0.383970|1.254121|1.087780|0.000000|105.000000|0.564299|0.497848|45.000000|0.334908|0.846154|-0.120816|13.000000
EX5:TRO_G110U|2013-05-01|0.449024|0.666062|0.934324|0.674147|1.678930|4.024408|5.000000|0.658080|0.838187|1.006829|1.494908|0.751928|0.522431|0.378879|1.451757|1.189517|0.000000|0.526832|0.476733|0.266776|0.447631|1.321217|1.190057|0.000000|99.000000|0.611877|0.526564|39.000000|0.391509|0.833333|-0.232604|12.000000
EX5:TRO_G110U|2013-11-01|0.439613|0.648848|0.914621|0.677528|1.668656|4.332004|5.000000|0.647926|0.769269|0.927901|1.480326|0.769551|0.517136|0.354149|1.476762|1.137888|0.000000|0.510068|0.465911|0.231104|0.394460|1.292974|1.139897|0.000000|93.000000|0.590215|0.491100|33.000000|0.347776|0.833333|-0.203773|12.000000
EX5:TRO_G110U|2014-05-01|0.456805|0.682635|0.956804|0.669180|1.666342|4.492014|5.000000|0.648764|0.881856|1.062029|1.492921|0.751835|0.525202|0.363281|1.486526|1.129527|0.000000|0.512882|0.446970|0.261389|0.387652|1.323050|1.135655|0.000000|87.000000|0.565432|0.487304|27.000000|0.421951|0.818182|-0.254572|11.000000
EX5:TRO_G110U|2014-11-01|0.446611|0.736846|0.927801|0.606111|1.669127|5.041930|6.000000|0.625579|0.710700|0.982420|1.467397|0.664000|0.497435|0.447470|1.364469|1.161560|0.000000|0.524026|0.458397|0.151826|0.465397|1.207518|1.160650|0.000000|81.000000|0.573492|0.504944|21.000000|0.458560|0.818182|-0.466167|11.000000
EX5:TRO_G110U|2015-05-01|0.407786|0.586311|0.946248|0.695512|1.611683|4.235377|5.000000|0.637770|0.715002|0.920125|1.470448|0.735077|0.502448|0.385588|1.429968|1.156273|0.000000|0.511388|0.459634|0.284279|0.416915|1.257526|1.151420|0.000000|75.000000|0.555528|0.487109|15.000000|0.371187|0.800000|-0.229321|10.000000
EX5:TRO_G110U|2015-11-01|0.475860|0.439680|1.126874|1.082286|1.661660|4.355920|5.000000|0.640930|0.717725|0.920781|1.467262|0.756459|0.500291|0.391166|1.365768|1.142627|0.000000|0.508286|0.454187|0.387953|0.391166|1.231391|1.144436|0.000000|69.000000|0.552171|0.544084|9.000000|0.371096|0.800000|-0.229886|10.000000
EX5:TRO_G110U|2016-05-01|0.565253|0.414652|1.323673|1.363197|1.678779|4.253787|6.000000|0.623757|0.719873|0.884670|1.492553|0.623356|0.562963|0.392082|1.527300|1.193174|0.000000|0.552121|0.501551|0.407599|0.392082|1.374628|1.179784|0.000000|63.000000|0.562219|0.561979|3.000000|0.415007|0.888889|-0.149894|9.000000
EX5:C088_G110U|2009-11-01|0.330548|0.696831|0.703567|0.474359|1.612399|4.381326|6.000000|0.656618|0.995201|1.193046|1.452354|0.752792|0.416998|0.414406|1.260330|1.022253|0.066667|0.441362|0.227055|-0.032594|0.414406|1.094847|0.904310|0.021277|141.000000|0.551526|0.394253|81.000000|0.400772|0.750000|-0.258269|16.000000
EX5:C088_G110U|2010-05-01|0.381990|0.672886|0.823886|0.567690|1.638497|4.508506|6.000000|0.660425|0.958246|1.193115|1.427018|0.738741|0.479686|0.363925|1.392559|1.073541|0.062893|0.490667|0.333345|-0.034503|0.363925|1.378978|1.032133|0.022222|135.000000|0.587323|0.447180|75.000000|0.401187|0.800000|-0.258425|15.000000
EX5:C088_G110U|2010-11-01|0.340493|0.646539|0.726930|0.526640|1.606905|5.083371|7.000000|0.657545|0.816067|0.957693|1.433327|0.732040|0.471043|0.379629|1.366768|1.067414|0.071895|0.500188|0.312263|-0.037558|0.379629|1.362498|1.108451|0.031008|129.000000|0.575757|0.428109|69.000000|0.407021|0.800000|-0.305538|15.000000
EX5:C088_G110U|2011-05-01|0.369913|0.619310|0.796179|0.597298|1.585134|4.768001|7.000000|0.650045|0.795347|0.939360|1.428254|0.706652|0.480940|0.371878|1.454240|1.113398|0.013605|0.504814|0.361859|0.032547|0.371878|1.407850|1.144917|0.000000|123.000000|0.533384|0.459811|63.000000|0.412308|0.857143|-0.144591|14.000000
EX5:C088_G110U|2011-11-01|0.419161|0.643372|0.896705|0.651507|1.628867|5.255424|6.000000|0.647868|0.813877|0.949464|1.441517|0.699690|0.514502|0.359861|1.486263|1.157714|0.014184|0.535690|0.398875|0.119184|0.374294|1.501574|1.168622|0.000000|117.000000|0.613733|0.465912|57.000000|0.426604|0.857143|-0.125758|14.000000
EX5:C088_G110U|2012-05-01|0.360925|0.718387|0.749824|0.502410|1.659122|4.207678|6.000000|0.653602|0.938797|1.177640|1.470360|0.745109|0.491323|0.388543|1.399201|1.156852|0.029630|0.520039|0.293944|0.076337|0.419617|1.375866|1.169410|0.000000|111.000000|0.572368|0.415773|51.000000|0.469191|0.692308|-0.271097|13.000000
EX5:C088_G110U|2012-11-01|0.461088|0.689769|0.957811|0.668467|1.682165|5.479170|7.000000|0.654979|0.870825|1.047446|1.439727|0.720071|0.493525|0.391952|1.356561|1.052777|0.015504|0.490147|0.437134|0.280659|0.391952|1.180372|1.039680|0.000000|105.000000|0.637000|0.472146|45.000000|0.383193|0.769231|-0.212216|13.000000
EX5:C088_G110U|2013-05-01|0.380116|0.727342|0.768161|0.522609|1.682009|4.714641|6.000000|0.638785|0.994626|1.235791|1.412893|0.642086|0.491938|0.404208|1.309674|1.037322|0.024390|0.493860|0.339957|0.124169|0.425485|1.187494|1.047708|0.000000|99.000000|0.555876|0.412299|39.000000|0.393728|0.750000|-0.249974|12.000000
EX5:C088_G110U|2013-11-01|0.489799|0.616396|1.032523|0.794616|1.677688|4.758394|7.000000|0.621431|0.749755|0.893817|1.414940|0.644872|0.591893|0.365898|1.667096|1.391732|0.000000|0.623138|0.517467|0.176612|0.386999|1.724860|1.378128|0.000000|93.000000|0.641647|0.534024|33.000000|0.482425|0.750000|-0.149707|12.000000
EX5:C088_G110U|2014-05-01|0.424977|0.754408|0.843248|0.563325|1.697161|4.492822|6.000000|0.647606|1.096890|1.345455|1.411184|0.740827|0.501675|0.404329|1.338747|1.094794|0.027027|0.514711|0.441376|0.142706|0.435381|1.211599|1.043120|0.000000|87.000000|0.544173|0.434398|27.000000|0.388744|0.727273|-0.376024|11.000000
EX5:C088_G110U|2014-11-01|0.416210|0.809854|0.860311|0.513932|1.648812|4.391410|7.000000|0.613936|0.709595|1.038940|1.367042|0.589217|0.554376|0.373098|1.572047|1.235154|0.047619|0.560478|0.504809|0.085937|0.373098|1.491003|1.253062|0.000000|81.000000|0.587698|0.462766|21.000000|0.388127|0.727273|-0.498723|11.000000
EX5:C088_G110U|2015-05-01|0.404307|0.617785|0.933166|0.654446|1.592650|5.068803|7.000000|0.631830|0.722754|0.819343|1.399914|0.671391|0.509553|0.372743|1.285801|1.081833|0.000000|0.513032|0.456775|0.221715|0.476346|1.168505|1.135452|0.000000|75.000000|0.567570|0.473102|15.000000|0.416531|0.800000|-0.143969|10.000000
EX5:C088_G110U|2015-11-01|0.546646|0.442127|1.293409|1.236402|1.649985|4.860202|7.000000|0.634517|0.717235|0.811400|1.399163|0.700228|0.612598|0.366276|1.660867|1.405418|0.000000|0.619843|0.570338|0.480873|0.442127|1.487321|1.390068|0.000000|69.000000|0.655421|0.653156|9.000000|0.589983|0.800000|-0.150526|10.000000
EX5:C088_G110U|2016-05-01|0.562045|0.404606|1.326288|1.389115|1.681810|4.234415|7.000000|0.622728|0.724496|0.861402|1.374756|0.641690|0.535370|0.385773|1.446038|1.137473|0.000000|0.521688|0.488476|0.408801|0.404606|1.289373|1.154291|0.000000|63.000000|0.553820|0.556013|3.000000|0.498277|0.888889|-0.145353|9.000000
EX5:TRO_C088_G110U|2009-11-01|0.329783|0.636648|0.693779|0.517999|1.620937|3.976619|6.000000|0.657975|0.896631|1.158849|1.447235|0.778853|0.438178|0.448498|1.070371|0.919989|0.054545|0.438009|0.307407|0.007771|0.449723|0.906158|0.874245|0.000000|141.000000|0.506577|0.418669|81.000000|0.307646|0.812500|-0.255793|16.000000
EX5:TRO_C088_G110U|2010-05-01|0.349610|0.642562|0.723338|0.544088|1.658701|4.159902|6.000000|0.666906|0.909623|1.159114|1.454317|0.783265|0.440018|0.421652|1.065019|0.913504|0.050314|0.439408|0.368060|0.007031|0.449948|0.967214|0.875318|0.000000|135.000000|0.521828|0.418676|75.000000|0.371478|0.800000|-0.255641|15.000000
EX5:TRO_C088_G110U|2010-11-01|0.352239|0.691490|0.726609|0.509391|1.658204|3.985057|6.000000|0.663240|0.963277|1.120800|1.501860|0.784711|0.445514|0.466699|1.265974|1.042423|0.039216|0.489876|0.300769|-0.021205|0.466699|1.090913|1.045155|0.023256|129.000000|0.516470|0.427065|69.000000|0.381459|0.800000|-0.268049|15.000000
EX5:TRO_C088_G110U|2011-05-01|0.378053|0.646639|0.798836|0.584644|1.594581|4.033398|6.000000|0.649501|0.807777|0.962764|1.493542|0.717228|0.491823|0.444083|1.226405|1.051381|0.013605|0.518680|0.409050|0.022860|0.467297|1.117468|1.051781|0.000000|123.000000|0.557664|0.473704|63.000000|0.402953|0.857143|-0.227146|14.000000
EX5:TRO_C088_G110U|2011-11-01|0.406863|0.651376|0.847354|0.624620|1.643336|3.822652|6.000000|0.646647|0.811145|0.977133|1.472130|0.696876|0.498324|0.457629|1.408489|1.200058|0.000000|0.532437|0.417347|0.122576|0.457629|1.206465|1.126013|0.000000|117.000000|0.609057|0.481072|57.000000|0.401398|0.857143|-0.225950|14.000000
EX5:TRO_C088_G110U|2012-05-01|0.418980|0.647344|0.869680|0.647229|1.666440|4.077295|6.000000|0.641424|0.798538|0.963322|1.475464|0.687968|0.505442|0.457634|1.445615|1.225892|0.000000|0.544177|0.443804|0.202714|0.457634|1.252999|1.153474|0.000000|111.000000|0.602390|0.503320|51.000000|0.415715|0.846154|-0.229452|13.000000
EX5:TRO_C088_G110U|2012-11-01|0.449396|0.665163|0.937934|0.675618|1.680188|4.379023|7.000000|0.650833|0.811610|1.015366|1.472697|0.744789|0.501173|0.375701|1.470886|1.144928|0.000000|0.504919|0.459895|0.306222|0.375701|1.331338|1.116715|0.000000|105.000000|0.594647|0.494526|45.000000|0.366355|0.846154|-0.100576|13.000000
EX5:TRO_C088_G110U|2013-05-01|0.421357|0.617586|0.900480|0.682264|1.674937|4.014157|7.000000|0.638097|0.778177|0.930395|1.456471|0.666461|0.492977|0.448817|1.309710|1.170494|0.000000|0.519060|0.457512|0.225020|0.466663|1.186747|1.117684|0.000000|99.000000|0.553816|0.488081|39.000000|0.387908|0.916667|-0.226806|12.000000
EX5:TRO_C088_G110U|2013-11-01|0.422629|0.598004|0.875068|0.706733|1.687256|4.211760|7.000000|0.634472|0.745833|0.932063|1.470242|0.683654|0.492967|0.448962|1.356921|1.161091|0.000000|0.510020|0.464375|0.184144|0.464559|1.188111|1.140696|0.000000|93.000000|0.556491|0.484091|33.000000|0.415434|0.833333|-0.230758|12.000000
EX5:TRO_C088_G110U|2014-05-01|0.482462|0.698306|1.003455|0.690903|1.677253|4.464900|6.000000|0.636574|0.918962|1.113818|1.489485|0.715811|0.535803|0.363198|1.580423|1.237293|0.000000|0.554033|0.489136|0.240822|0.369037|1.525372|1.218044|0.000000|87.000000|0.606249|0.491424|27.000000|0.407141|0.818182|-0.306626|11.000000
EX5:TRO_C088_G110U|2014-11-01|0.477082|0.757298|0.992730|0.629979|1.661807|4.152345|7.000000|0.609129|0.698605|0.992582|1.351550|0.546435|0.581749|0.435353|1.592643|1.311088|0.000000|0.588739|0.521592|0.203472|0.454777|1.435990|1.322904|0.000000|81.000000|0.627501|0.566012|21.000000|0.446816|0.818182|-0.498063|11.000000
EX5:TRO_C088_G110U|2015-05-01|0.447325|0.606742|1.027555|0.737258|1.613844|4.385018|7.000000|0.636191|0.718162|0.884177|1.450641|0.724761|0.553490|0.435061|1.444790|1.265635|0.000000|0.558332|0.499816|0.230069|0.471677|1.308524|1.255174|0.000000|75.000000|0.610960|0.537242|15.000000|0.571456|0.800000|-0.218428|10.000000
EX5:TRO_C088_G110U|2015-11-01|0.521589|0.469945|1.221995|1.109892|1.662614|4.411142|7.000000|0.633088|0.717854|0.883749|1.454592|0.700988|0.551321|0.434706|1.460301|1.271727|0.000000|0.560472|0.505291|0.431735|0.469945|1.324757|1.267936|0.000000|69.000000|0.605872|0.602415|9.000000|0.566580|0.800000|-0.218240|10.000000
EX5:TRO_C088_G110U|2016-05-01|0.553250|0.441474|1.336841|1.253188|1.665021|4.362798|7.000000|0.619381|0.692896|0.916449|1.362586|0.657234|0.515609|0.370571|1.416330|1.200332|0.000000|0.512484|0.464984|0.399627|0.370571|1.303271|1.170945|0.000000|63.000000|0.538634|0.543445|3.000000|0.504577|0.888889|-0.215333|9.000000
