BASE|2009-11-01|0.371189|0.630794|0.703049|0.588447|0.952190|4.016032|0.444545|0.483248|0.974281|0.859770|0.090909|0.494269|0.297412|-0.049574|0.483248|1.016830|0.958317|0.014184|141.000000|0.520662|81.000000|0.398653|0.812500|-0.287465|16.000000
BASE|2010-05-01|0.394882|0.639928|0.738981|0.617072|0.963650|4.127361|0.458103|0.483245|1.008592|0.897951|0.081761|0.555326|0.375226|-0.045584|0.483245|1.164753|1.013637|0.014815|135.000000|0.531506|75.000000|0.406121|0.800000|-0.287412|15.000000
BASE|2010-11-01|0.373708|0.639325|0.700419|0.584535|0.969663|5.099919|0.488740|0.472679|0.993796|0.959745|0.091503|0.596057|0.373432|-0.080201|0.472679|1.293787|1.100758|0.046512|129.000000|0.533118|69.000000|0.400156|0.800000|-0.250477|15.000000
BASE|2011-05-01|0.401251|0.639798|0.767025|0.627153|0.934913|5.010148|0.503091|0.466382|1.037232|0.993981|0.040816|0.631314|0.400956|0.028039|0.474951|1.333751|1.113570|0.000000|123.000000|0.542058|63.000000|0.408494|0.785714|-0.250982|14.000000
BASE|2011-11-01|0.382348|0.640554|0.720379|0.596902|0.969041|4.067359|0.466314|0.451993|0.988618|0.956138|0.007092|0.543611|0.412711|0.134443|0.480866|1.134052|1.009696|0.000000|117.000000|0.503038|57.000000|0.371424|0.785714|-0.251126|14.000000
BASE|2012-05-01|0.395191|0.658515|0.722568|0.600125|0.974845|4.385420|0.485516|0.477087|1.063984|0.967150|0.007407|0.555792|0.423090|0.228143|0.477087|1.167105|1.017807|0.000000|111.000000|0.526676|51.000000|0.461484|0.846154|-0.327969|13.000000
BASE|2012-11-01|0.468493|0.656373|0.854829|0.713760|0.995527|4.393521|0.519012|0.477583|1.126667|1.036552|0.000000|0.594723|0.469263|0.243808|0.477583|1.249699|1.072781|0.000000|105.000000|0.552569|45.000000|0.480442|0.923077|-0.339678|13.000000
BASE|2013-05-01|0.495715|0.657014|0.895367|0.754498|0.994299|5.088457|0.545926|0.473562|1.080009|1.085067|0.000000|0.639572|0.494490|0.254932|0.496844|1.333322|1.132700|0.000000|99.000000|0.586321|39.000000|0.440759|0.916667|-0.377815|12.000000
BASE|2013-11-01|0.526874|0.667816|0.938810|0.788951|0.994146|4.974588|0.573571|0.467341|1.184957|1.114444|0.000000|0.668673|0.540593|0.251235|0.473141|1.413266|1.214560|0.000000|93.000000|0.602935|33.000000|0.482950|0.833333|-0.240137|12.000000
BASE|2014-05-01|0.537878|0.678159|0.960216|0.793145|0.994999|4.088881|0.568526|0.455762|1.214232|1.135446|0.000000|0.653762|0.554303|0.258364|0.471899|1.392715|1.172755|0.000000|87.000000|0.588401|27.000000|0.464459|0.818182|-0.238153|11.000000
BASE|2014-11-01|0.499218|0.681277|0.922029|0.732769|0.981842|5.099474|0.508860|0.470087|1.084278|1.084310|0.000000|0.672531|0.602902|0.161283|0.475803|1.422734|1.268018|0.000000|81.000000|0.543873|21.000000|0.424446|0.818182|-0.289555|11.000000
BASE|2015-05-01|0.415104|0.592145|0.820981|0.701018|0.933089|3.981365|0.513790|0.436044|1.302252|1.116559|0.000000|0.651787|0.585865|0.154705|0.481216|1.378122|1.193567|0.000000|75.000000|0.527409|15.000000|0.521487|0.800000|-0.314105|10.000000
BASE|2015-11-01|0.481170|0.485500|0.957796|0.991082|0.981766|4.061644|0.551313|0.428921|1.334804|1.170537|0.000000|0.671081|0.602730|0.364413|0.485500|1.388917|1.214408|0.000000|69.000000|0.597681|9.000000|0.529624|0.800000|-0.301421|10.000000
BASE|2016-05-01|0.568510|0.477614|1.134605|1.190312|0.996384|4.384872|0.596167|0.425047|1.431422|1.203711|0.000000|0.682280|0.594907|0.373125|0.477614|1.428518|1.209196|0.000000|63.000000|0.557029|3.000000|0.563024|0.888889|-0.176868|9.000000
BASE|2016-11-01|0.555509|0.479351|1.097634|1.158878|0.995251|4.471787|0.614477|0.434234|1.415326|1.243539|0.000000|0.686620|0.603002|0.371469|0.479351|1.432395|1.220372|0.000000|57.000000|nan|0.000000|0.537092|0.888889|-0.223855|9.000000
BASE|2017-05-01|0.561060|0.476571|1.099226|1.177284|0.997261|3.817093|0.655233|0.460038|1.459279|1.221697|0.000000|0.670841|0.605330|0.378758|0.476571|1.407641|1.206816|0.000000|51.000000|nan|0.000000|0.521550|0.875000|-0.303376|8.000000
BASE|2017-11-01|0.530291|0.472217|1.001965|1.122981|0.990492|5.205437|0.667325|0.467430|1.477366|1.337535|0.000000|0.663203|0.638154|0.427463|0.472217|1.404446|1.243140|0.000000|45.000000|nan|0.000000|0.454888|0.875000|-0.230598|8.000000
BASE|2018-05-01|0.483295|0.476619|0.917905|1.014007|0.923634|5.260682|0.713135|0.476619|1.496239|1.411282|0.000000|0.687543|0.616591|0.433187|0.476619|1.442544|1.306566|0.000000|39.000000|nan|0.000000|0.480428|1.000000|0.369486|7.000000
BASE|2018-11-01|0.568416|0.485630|1.080954|1.170470|0.977831|4.134128|0.698068|0.485630|1.440459|1.287924|0.000000|0.651415|0.588058|0.364856|0.485630|1.341381|1.230444|0.000000|33.000000|nan|0.000000|0.526107|1.000000|0.221184|7.000000
BASE|2019-05-01|0.280800|0.476055|0.525086|0.589849|0.951016|5.688943|0.312006|0.476055|0.692763|0.592766|0.000000|0.324199|0.258509|0.175789|0.476055|0.681012|0.608492|0.000000|27.000000|nan|0.000000|0.326213|0.833333|-0.202453|6.000000
BASE|2019-11-01|0.399076|0.481268|0.747646|0.829217|0.987109|4.351822|0.450119|0.390280|1.000144|0.867339|0.000000|0.451368|0.396253|0.355377|0.481268|0.937873|0.851140|0.000000|21.000000|nan|0.000000|0.448177|1.000000|0.047153|6.000000
BASE|2020-05-01|0.633009|0.493712|1.175982|1.282141|0.992891|5.253588|0.550429|0.474246|1.160641|1.158001|0.000000|0.644222|0.580139|0.440832|0.493712|1.304853|1.180583|0.000000|15.000000|nan|0.000000|0.458564|1.000000|0.373299|5.000000
BASE|2020-11-01|0.418165|0.440409|0.866479|0.949492|0.992528|5.302822|0.444314|0.403382|1.043544|1.076925|0.000000|0.504300|0.455818|0.339748|0.440409|1.145071|1.067829|0.000000|9.000000|nan|0.000000|0.502249|1.000000|0.369220|5.000000
C060|2009-11-01|0.347456|0.635412|0.652194|0.546821|0.948931|4.579893|0.405717|0.474064|0.826453|0.765858|0.072727|0.440379|0.252516|-0.050558|0.490976|0.877716|0.806270|0.014184|141.000000|0.477041|81.000000|0.336807|0.812500|-0.294720|16.000000
C060|2010-05-01|0.370143|0.621446|0.694859|0.595615|0.959118|4.415724|0.409700|0.474272|0.872684|0.800910|0.069182|0.511360|0.303108|-0.048776|0.497166|1.028548|0.977268|0.014815|135.000000|0.487708|75.000000|0.375481|0.800000|-0.303848|15.000000
C060|2010-11-01|0.365579|0.655662|0.672714|0.557572|0.958053|4.366667|0.485001|0.474068|1.058165|0.930668|0.078431|0.569658|0.414473|-0.046929|0.474068|1.201637|1.000941|0.023256|129.000000|0.535651|69.000000|0.423602|0.800000|-0.348372|15.000000
C060|2011-05-01|0.361351|0.643540|0.675634|0.561505|0.925570|4.650361|0.444835|0.467958|0.933736|0.905407|0.040816|0.539785|0.395658|0.055641|0.473446|1.140121|0.990209|0.000000|123.000000|0.507008|63.000000|0.404073|0.857143|-0.350440|14.000000
C060|2011-11-01|0.398681|0.643548|0.741086|0.619505|0.959996|4.635803|0.463287|0.447470|0.972678|0.944445|0.000000|0.560681|0.420053|0.184329|0.472667|1.199950|1.038850|0.000000|117.000000|0.529862|57.000000|0.402263|0.857143|-0.319044|14.000000
C060|2012-05-01|0.417550|0.672675|0.755667|0.620731|0.972165|4.169323|0.501776|0.472585|0.994431|0.950097|0.007407|0.561659|0.453790|0.240633|0.494740|1.157163|1.028986|0.000000|111.000000|0.526249|51.000000|0.409020|0.923077|-0.382647|13.000000
C060|2012-11-01|0.473974|0.656940|0.855723|0.721488|0.993964|4.388798|0.534145|0.474057|1.121760|1.028751|0.015504|0.595061|0.489489|0.272143|0.474057|1.256802|1.108705|0.000000|105.000000|0.561336|45.000000|0.419935|0.923077|-0.347530|13.000000
C060|2013-05-01|0.468295|0.629922|0.863934|0.743417|0.993271|4.584136|0.501849|0.474085|1.065804|1.016173|0.000000|0.577813|0.467726|0.209579|0.499963|1.192240|1.054878|0.000000|99.000000|0.540395|39.000000|0.445992|0.916667|-0.376598|12.000000
C060|2013-11-01|0.512536|0.671844|0.913091|0.762880|0.993430|4.456740|0.582085|0.420563|1.339592|1.116870|0.000000|0.645515|0.537865|0.294448|0.474080|1.372839|1.142927|0.000000|93.000000|0.598782|33.000000|0.451943|0.833333|-0.160757|12.000000
C060|2014-05-01|0.547465|0.671891|0.972518|0.814812|0.994448|4.392557|0.600111|0.466256|1.235289|1.132351|0.000000|0.636158|0.551419|0.283356|0.472595|1.353486|1.165838|0.000000|87.000000|0.597581|27.000000|0.430269|0.818182|-0.246193|11.000000
C060|2014-11-01|0.500537|0.700661|0.879698|0.714379|0.996326|4.557076|0.511170|0.474238|1.101855|1.069900|0.000000|0.621119|0.556852|0.194266|0.502954|1.272935|1.116301|0.000000|81.000000|0.535909|21.000000|0.430240|0.818182|-0.376653|11.000000
C060|2015-05-01|0.432409|0.537728|0.844306|0.804141|0.929860|3.944028|0.530441|0.472600|1.170644|1.103346|0.000000|0.634495|0.585633|0.188159|0.492724|1.281083|1.171077|0.000000|75.000000|0.532895|15.000000|0.514174|0.800000|-0.380071|10.000000
C060|2015-11-01|0.474770|0.505515|0.927521|0.939181|0.979764|4.626182|0.545486|0.474160|1.118987|1.101271|0.000000|0.647668|0.583822|0.352942|0.474160|1.320265|1.154265|0.000000|69.000000|0.582405|9.000000|0.462263|0.800000|-0.359026|10.000000
C060|2016-05-01|0.534352|0.473415|1.061610|1.128717|0.989917|4.579593|0.565300|0.443597|1.284678|1.125852|0.000000|0.671106|0.583848|0.357433|0.473415|1.437956|1.197753|0.000000|63.000000|0.529604|3.000000|0.507589|0.888889|-0.241449|9.000000
C060|2016-11-01|0.513552|0.473382|1.007926|1.084858|0.995216|4.139015|0.570422|0.473268|1.366645|1.135824|0.000000|0.644255|0.576769|0.334622|0.473382|1.360963|1.161057|0.000000|57.000000|nan|0.000000|0.506833|0.888889|-0.297979|9.000000
C060|2017-05-01|0.549947|0.473379|1.088915|1.161749|0.993653|4.337822|0.630127|0.448811|1.419525|1.214269|0.000000|0.656063|0.598863|0.387365|0.473379|1.385915|1.165882|0.000000|51.000000|nan|0.000000|0.515678|0.875000|-0.280837|8.000000
C060|2017-11-01|0.499218|0.473394|0.953355|1.054551|0.989422|4.387444|0.661192|0.423685|1.487672|1.250831|0.000000|0.635372|0.592023|0.389943|0.473394|1.342162|1.177198|0.000000|45.000000|nan|0.000000|0.461455|0.875000|-0.224936|8.000000
C060|2018-05-01|0.419240|0.473579|0.792589|0.885259|0.923871|4.333714|0.697401|0.473579|1.482376|1.197579|0.000000|0.609596|0.542917|0.359043|0.473579|1.287209|1.155550|0.000000|39.000000|nan|0.000000|0.500446|1.000000|0.290771|7.000000
C060|2018-11-01|0.536309|0.479961|1.019506|1.117399|0.977101|4.271022|0.676640|0.472488|1.458385|1.166622|0.000000|0.613006|0.552188|0.358826|0.472488|1.297401|1.180356|0.000000|33.000000|nan|0.000000|0.473811|1.000000|0.289478|7.000000
C060|2019-05-01|0.387869|0.471343|0.730113|0.822901|0.949534|4.684388|0.489720|0.471343|1.066630|0.945560|0.000000|0.488546|0.439432|0.334534|0.471343|1.036499|0.967924|0.000000|27.000000|nan|0.000000|0.369129|1.000000|0.176967|6.000000
C060|2019-11-01|0.466312|0.472292|0.863444|0.987339|0.976242|4.368013|0.483116|0.440987|1.100498|1.030159|0.000000|0.506443|0.467838|0.338806|0.472292|1.072309|0.950404|0.000000|21.000000|nan|0.000000|0.362342|1.000000|0.282894|6.000000
C060|2020-05-01|0.521710|0.464688|1.001946|1.122709|0.992117|4.317492|0.466705|0.406750|1.092356|0.950737|0.000000|0.488841|0.432984|0.362635|0.464688|1.051977|0.963357|0.000000|15.000000|nan|0.000000|0.475685|1.000000|0.239305|5.000000
C060|2020-11-01|0.415486|0.426918|0.844886|0.973220|0.978231|5.786803|0.396447|0.406187|0.976019|0.940360|0.000000|0.443971|0.418798|0.288768|0.426918|1.039944|0.933363|0.000000|9.000000|nan|0.000000|0.452468|1.000000|0.251145|5.000000
C085|2009-11-01|0.378132|0.647883|0.700568|0.583643|0.959949|4.885106|0.446554|0.492638|0.953349|0.900134|0.121212|0.534487|0.326039|-0.035188|0.492638|0.971731|0.960220|0.007092|141.000000|0.528027|81.000000|0.398803|0.875000|-0.348851|16.000000
C085|2010-05-01|0.377943|0.633628|0.691161|0.596474|0.972612|4.923270|0.440646|0.499783|0.966301|0.887149|0.100629|0.520754|0.401927|-0.035241|0.499783|1.073353|0.923484|0.007407|135.000000|0.514473|75.000000|0.378894|0.866667|-0.348185|15.000000
C085|2010-11-01|0.326968|0.651084|0.617964|0.502191|0.970167|4.727212|0.411311|0.497705|0.870486|0.848890|0.078431|0.501802|0.336099|-0.065136|0.497705|1.008231|0.879904|0.038760|129.000000|0.456535|69.000000|0.392655|0.866667|-0.326008|15.000000
C085|2011-05-01|0.346642|0.645431|0.667846|0.537071|0.936283|4.057625|0.435716|0.459175|0.948088|0.879519|0.040816|0.488252|0.365929|0.038859|0.489761|0.996920|0.915730|0.000000|123.000000|0.464757|63.000000|0.358494|0.857143|-0.295261|14.000000
C085|2011-11-01|0.386270|0.646100|0.733078|0.597849|0.970767|4.443756|0.469528|0.473068|0.928759|0.945389|0.000000|0.539178|0.393161|0.130820|0.493370|1.092847|0.989344|0.000000|117.000000|0.491513|57.000000|0.451792|0.857143|-0.329816|14.000000
C085|2012-05-01|0.339756|0.630437|0.627617|0.538921|0.977771|4.254867|0.437666|0.484841|0.851012|0.792984|0.000000|0.433064|0.364943|0.240758|0.513952|0.789729|0.778446|0.000000|111.000000|0.424548|51.000000|0.427557|0.846154|-0.369628|13.000000
C085|2012-11-01|0.384342|0.630370|0.709025|0.609710|0.997338|4.090020|0.440438|0.480222|0.871861|0.803531|0.000000|0.428795|0.364109|0.249112|0.508883|0.814209|0.791463|0.000000|105.000000|0.428788|45.000000|0.438413|0.846154|-0.367506|13.000000
C085|2013-05-01|0.500558|0.614269|0.914685|0.814884|0.995598|4.764116|0.550049|0.488551|1.129314|1.103618|0.000000|0.647519|0.495293|0.251217|0.505878|1.285715|1.136520|0.000000|99.000000|0.598515|39.000000|0.459239|0.916667|-0.377833|12.000000
C085|2013-11-01|0.525080|0.586448|0.975340|0.895356|0.996469|4.543805|0.553191|0.472010|1.183557|1.135450|0.000000|0.671737|0.495537|0.200204|0.496863|1.367501|1.212188|0.000000|93.000000|0.598388|33.000000|0.469341|0.916667|-0.262925|12.000000
C085|2014-05-01|0.526217|0.643013|0.975875|0.818362|0.996043|5.126326|0.551641|0.470093|1.141109|1.082452|0.000000|0.628671|0.512642|0.188091|0.494903|1.288501|1.180145|0.000000|87.000000|0.552433|27.000000|0.401680|0.818182|-0.259968|11.000000
C085|2014-11-01|0.496021|0.673639|0.899488|0.736330|0.988633|5.258091|0.540249|0.497166|1.207728|1.073082|0.000000|0.589569|0.516126|0.215118|0.498332|1.185859|1.087069|0.000000|81.000000|0.529057|21.000000|0.332885|0.818182|-0.223367|11.000000
C085|2015-05-01|0.392712|0.650248|0.760791|0.603942|0.938424|4.025635|0.507085|0.482408|1.128888|1.070159|0.000000|0.611681|0.536170|0.093855|0.482408|1.238669|1.117924|0.000000|75.000000|0.507682|15.000000|0.532882|0.800000|-0.398599|10.000000
C085|2015-11-01|0.472990|0.513307|0.946313|0.921457|0.982002|4.676303|0.518919|0.494049|1.071697|1.146676|0.000000|0.625427|0.548879|0.360570|0.494049|1.243661|1.178041|0.000000|69.000000|0.575197|9.000000|0.480625|0.800000|-0.402988|10.000000
C085|2016-05-01|0.550122|0.497874|1.115963|1.104943|0.998224|4.256145|0.561375|0.438216|1.281048|1.192242|0.000000|0.666324|0.613323|0.440277|0.497874|1.347093|1.254183|0.000000|63.000000|0.532014|3.000000|0.554990|0.888889|-0.219475|9.000000
C085|2016-11-01|0.517653|0.502558|1.028576|1.030035|0.994367|4.826026|0.564624|0.491675|1.303026|1.177104|0.000000|0.623714|0.585531|0.403520|0.502558|1.263387|1.167997|0.000000|57.000000|nan|0.000000|0.413167|0.888889|-0.276956|9.000000
C085|2017-05-01|0.533297|0.489779|1.050421|1.088853|0.995900|4.841108|0.580664|0.460038|1.405532|1.233628|0.000000|0.626006|0.566402|0.427554|0.489779|1.278140|1.166632|0.000000|51.000000|nan|0.000000|0.425038|0.875000|-0.303376|8.000000
C085|2017-11-01|0.491739|0.483901|0.931270|1.016199|0.992084|4.002860|0.671048|0.428099|1.458791|1.245577|0.000000|0.620199|0.577403|0.448442|0.483901|1.281665|1.154535|0.000000|45.000000|nan|0.000000|0.520847|0.875000|-0.230598|8.000000
C085|2018-05-01|0.457087|0.497454|0.874597|0.918852|0.925898|4.390550|0.766519|0.497454|1.582918|1.351999|0.000000|0.675311|0.599507|0.450110|0.497454|1.357535|1.288670|0.000000|39.000000|nan|0.000000|0.525983|1.000000|0.229906|7.000000
C085|2018-11-01|0.575678|0.487212|1.114995|1.181577|0.977253|4.756885|0.723560|0.487212|1.523036|1.305723|0.000000|0.656691|0.621570|0.429824|0.487212|1.347856|1.259876|0.000000|33.000000|nan|0.000000|0.458604|1.000000|0.246385|7.000000
C085|2019-05-01|0.273413|0.476067|0.526587|0.574315|0.951448|5.771941|0.304495|0.476067|0.659305|0.589621|0.000000|0.302576|0.264748|0.177306|0.476067|0.635575|0.572808|0.000000|27.000000|nan|0.000000|0.339023|0.833333|-0.201921|6.000000
C085|2019-11-01|0.345937|0.474816|0.661034|0.728571|0.989769|5.236212|0.380941|0.403481|0.828735|0.730269|0.000000|0.349033|0.306232|0.235083|0.474816|0.735091|0.693310|0.000000|21.000000|nan|0.000000|0.349465|0.833333|-0.061247|6.000000
C085|2020-05-01|0.618746|0.489185|1.184026|1.264850|0.993449|4.737940|0.522717|0.376170|1.320832|1.134398|0.000000|0.600146|0.548079|0.439800|0.489185|1.226829|1.138595|0.000000|15.000000|nan|0.000000|0.449317|1.000000|0.403263|5.000000
C085|2020-11-01|0.470646|0.437641|0.920019|1.075415|0.994842|4.498251|0.513484|0.410605|1.258251|1.107960|0.000000|0.561150|0.494453|0.448212|0.437641|1.282215|1.110653|0.000000|9.000000|nan|0.000000|0.600248|1.000000|0.372355|5.000000
C100|2009-11-01|0.370061|0.613069|0.689519|0.603620|0.964915|4.509208|0.453191|0.492350|0.959832|0.889321|0.127273|0.534244|0.324198|-0.032970|0.492350|0.946257|0.967800|0.007092|141.000000|0.529430|81.000000|0.399500|0.875000|-0.327027|16.000000
C100|2010-05-01|0.388074|0.639933|0.714873|0.606430|0.971708|4.775405|0.443296|0.495104|0.940427|0.899262|0.094340|0.534495|0.394516|-0.050406|0.495104|1.113240|0.993379|0.022222|135.000000|0.520037|75.000000|0.426470|0.866667|-0.349992|15.000000
C100|2010-11-01|0.337037|0.651084|0.636107|0.517655|0.971024|4.836343|0.417565|0.488755|0.868545|0.867880|0.078431|0.518167|0.337679|-0.065136|0.488755|1.061955|0.919040|0.038760|129.000000|0.468242|69.000000|0.321186|0.866667|-0.326079|15.000000
C100|2011-05-01|0.361540|0.646703|0.694678|0.559051|0.935851|4.726600|0.442573|0.450308|0.934093|0.925405|0.040816|0.541694|0.357351|0.036404|0.494686|1.100954|0.955975|0.000000|123.000000|0.489605|63.000000|0.396829|0.857143|-0.300734|14.000000
C100|2011-11-01|0.383256|0.650026|0.727879|0.589601|0.970037|4.881248|0.437916|0.478833|0.933551|0.927899|0.000000|0.539972|0.399337|0.138218|0.490132|1.102612|0.979925|0.000000|117.000000|0.486441|57.000000|0.397998|0.857143|-0.336291|14.000000
C100|2012-05-01|0.434787|0.641661|0.807479|0.677596|0.978503|4.769772|0.512988|0.489295|1.082324|1.028705|0.000000|0.621016|0.451020|0.221286|0.489295|1.282385|1.132428|0.000000|111.000000|0.575809|51.000000|0.503625|0.846154|-0.351165|13.000000
C100|2012-11-01|0.477901|0.630370|0.886934|0.758129|0.996890|4.846350|0.529042|0.485282|1.128086|1.031893|0.000000|0.591214|0.488828|0.251323|0.512755|1.199438|1.067711|0.000000|105.000000|0.563363|45.000000|0.419760|0.846154|-0.368293|13.000000
C100|2013-05-01|0.499741|0.614269|0.914390|0.813553|0.995967|4.889622|0.546976|0.490418|1.126432|1.103938|0.000000|0.650536|0.491302|0.247234|0.503274|1.294236|1.135408|0.000000|99.000000|0.595447|39.000000|0.458410|0.916667|-0.379835|12.000000
C100|2013-11-01|0.524372|0.583292|0.978834|0.898988|0.995584|4.889363|0.560597|0.471645|1.227509|1.137996|0.000000|0.664913|0.511971|0.215368|0.491336|1.358556|1.187860|0.000000|93.000000|0.592369|33.000000|0.448258|0.916667|-0.235023|12.000000
C100|2014-05-01|0.500052|0.643013|0.940882|0.777671|0.996043|4.642942|0.534686|0.473321|1.133534|1.052001|0.000000|0.586517|0.476890|0.189116|0.485975|1.206886|1.122549|0.000000|87.000000|0.527035|27.000000|0.390445|0.818182|-0.262397|11.000000
C100|2014-11-01|0.534228|0.675487|0.970595|0.790878|0.991394|4.864446|0.564070|0.491834|1.345678|1.198966|0.000000|0.658111|0.572643|0.211824|0.497736|1.322210|1.247865|0.000000|81.000000|0.573489|21.000000|0.403553|0.818182|-0.223178|11.000000
C100|2015-05-01|0.273111|0.645997|0.520521|0.422774|0.938224|3.790027|0.377256|0.458937|0.818522|0.718701|0.000000|0.361220|0.318907|0.115643|0.480860|0.757246|0.702418|0.000000|75.000000|0.365940|15.000000|0.401732|0.800000|-0.379837|10.000000
C100|2015-11-01|0.494967|0.514871|0.979374|0.961343|0.981304|4.689059|0.529225|0.500684|1.205303|1.119686|0.000000|0.663746|0.596815|0.391334|0.500684|1.308633|1.233666|0.000000|69.000000|0.600364|9.000000|0.440762|0.800000|-0.409477|10.000000
C100|2016-05-01|0.536581|0.496329|1.084565|1.081099|0.998535|3.852470|0.540915|0.448256|1.236053|1.185613|0.000000|0.650110|0.596386|0.412909|0.496329|1.325344|1.234357|0.000000|63.000000|0.518286|3.000000|0.535134|0.888889|-0.227907|9.000000
C100|2016-11-01|0.535051|0.502558|1.066348|1.064655|0.996185|4.073011|0.601945|0.487863|1.400719|1.242697|0.000000|0.653076|0.599136|0.436649|0.502558|1.317767|1.225950|0.000000|57.000000|nan|0.000000|0.536813|0.888889|-0.276956|9.000000
C100|2017-05-01|0.533845|0.486616|1.054892|1.097055|0.995966|4.846377|0.588694|0.460038|1.408280|1.225107|0.000000|0.622033|0.563598|0.432718|0.486616|1.278283|1.175114|0.000000|51.000000|nan|0.000000|0.429795|0.875000|-0.303376|8.000000
C100|2017-11-01|0.490724|0.481745|0.942058|1.018638|0.990430|4.619595|0.608238|0.428099|1.400726|1.215626|0.000000|0.601049|0.559569|0.447406|0.481745|1.247649|1.127083|0.000000|45.000000|nan|0.000000|0.424966|0.875000|-0.230598|8.000000
C100|2018-05-01|0.443734|0.491824|0.853836|0.902221|0.924348|4.912351|0.715469|0.491824|1.481317|1.282184|0.000000|0.646042|0.560276|0.436297|0.491824|1.313563|1.232580|0.000000|39.000000|nan|0.000000|0.472796|1.000000|0.237023|7.000000
C100|2018-11-01|0.572723|0.500673|1.103194|1.143906|0.976405|4.981781|0.739904|0.500673|1.499503|1.309990|0.000000|0.664129|0.628523|0.419990|0.500673|1.326472|1.266957|0.000000|33.000000|nan|0.000000|0.460484|1.000000|0.237615|7.000000
C100|2019-05-01|0.265460|0.476067|0.511208|0.557611|0.951406|5.418993|0.296739|0.476067|0.659305|0.589621|0.000000|0.301991|0.260542|0.171231|0.476067|0.634345|0.570590|0.000000|27.000000|nan|0.000000|0.321631|0.833333|-0.201921|6.000000
C100|2019-11-01|0.341367|0.474801|0.652127|0.718968|0.989812|5.254094|0.377762|0.407137|0.828656|0.730160|0.000000|0.347107|0.302360|0.232312|0.474801|0.731057|0.682858|0.000000|21.000000|nan|0.000000|0.345348|0.833333|-0.061256|6.000000
C100|2020-05-01|0.613206|0.485697|1.175830|1.262528|0.994564|4.828648|0.522426|0.396829|1.296030|1.214251|0.000000|0.608085|0.554518|0.440585|0.485697|1.251984|1.157689|0.000000|15.000000|nan|0.000000|0.510213|1.000000|0.337446|5.000000
C100|2020-11-01|0.504240|0.438363|0.987772|1.150280|0.995455|4.151293|0.525815|0.395809|1.323274|1.138335|0.000000|0.582685|0.515170|0.473519|0.438363|1.329230|1.155780|0.000000|9.000000|nan|0.000000|0.597832|1.000000|0.410565|5.000000
#EX5|2011-11-01|002128,000933,002466,601328,000338
EX5:BASE|2009-11-01|0.328796|0.637965|0.647614|0.515383|0.954106|5.809232|0.415267|0.442173|0.956162|0.817920|0.078788|0.445067|0.340339|-0.009485|0.465909|0.845976|0.849164|0.007092|141.000000|0.432949|81.000000|0.321272|0.875000|-0.287380|16.000000
EX5:BASE|2010-05-01|0.341770|0.637014|0.680547|0.536518|0.971196|6.562147|0.393791|0.422493|0.979232|0.806522|0.069182|0.420129|0.336801|-0.045666|0.422493|0.819281|0.827914|0.007407|135.000000|0.412754|75.000000|0.364338|0.800000|-0.270222|15.000000
EX5:BASE|2010-11-01|0.332892|0.629870|0.660166|0.528508|0.960563|5.300057|0.430582|0.407000|0.977779|0.846820|0.065359|0.456645|0.360965|-0.006681|0.466438|0.859696|0.843994|0.007752|129.000000|0.433315|69.000000|0.354026|0.866667|-0.302683|15.000000
EX5:BASE|2011-05-01|0.323547|0.651972|0.651923|0.496259|0.915781|6.553832|0.388121|0.415913|0.839080|0.810434|0.013605|0.411809|0.325214|0.094364|0.578437|0.719033|0.808421|0.000000|123.000000|0.394200|63.000000|0.373831|0.857143|-0.442093|14.000000
EX5:BASE|2011-11-01|0.381076|0.660406|0.757111|0.577033|0.955066|5.642830|0.455153|0.420412|1.018604|0.914512|0.000000|0.465286|0.403065|0.229249|0.477948|0.946668|0.859275|0.000000|117.000000|0.455881|57.000000|0.354638|0.857143|-0.293634|14.000000
EX5:BASE|2012-05-01|0.372033|0.643076|0.736456|0.578522|0.973065|4.124418|0.446606|0.448343|0.965012|0.899947|0.000000|0.468989|0.381460|0.273727|0.473397|0.866171|0.857532|0.000000|111.000000|0.456923|51.000000|0.282379|0.923077|-0.355378|13.000000
EX5:BASE|2012-11-01|0.427166|0.644378|0.839911|0.662911|0.991125|5.095960|0.438824|0.515120|0.903620|0.883002|0.000000|0.450388|0.365890|0.260940|0.549734|0.817610|0.853236|0.000000|105.000000|0.439548|45.000000|0.373065|0.923077|-0.429099|13.000000
EX5:BASE|2013-05-01|0.413006|0.652942|0.796566|0.632532|0.990020|5.553090|0.456576|0.481761|0.969802|0.934134|0.000000|0.437115|0.387034|0.236386|0.557515|0.811531|0.833346|0.000000|99.000000|0.458033|39.000000|0.366765|0.916667|-0.451521|12.000000
EX5:BASE|2013-11-01|0.399549|0.630871|0.794590|0.633328|0.976210|6.332132|0.416628|0.391722|0.948563|0.903083|0.000000|0.403763|0.341971|0.173472|0.593056|0.770006|0.836911|0.000000|93.000000|0.416376|33.000000|0.383938|0.916667|-0.430662|12.000000
EX5:BASE|2014-05-01|0.442732|0.670350|0.841231|0.660448|0.984630|5.277277|0.471594|0.409633|0.993964|0.920653|0.000000|0.443485|0.369424|0.249662|0.483580|0.937888|0.829820|0.000000|87.000000|0.448510|27.000000|0.367543|0.909091|-0.268320|11.000000
EX5:BASE|2014-11-01|0.478774|0.685845|0.941829|0.698079|0.996515|3.970285|0.487305|0.384417|1.297091|1.006056|0.000000|0.478124|0.418022|0.305824|0.397511|1.153995|0.988879|0.000000|81.000000|0.489103|21.000000|0.350382|0.818182|-0.182827|11.000000
EX5:BASE|2015-05-01|0.327290|0.600699|0.704275|0.544849|0.927306|6.648425|0.421995|0.419519|1.005903|0.910684|0.000000|0.430099|0.374080|0.136148|0.419519|0.978725|0.905052|0.000000|75.000000|0.381888|15.000000|0.394259|0.800000|-0.350626|10.000000
EX5:BASE|2015-11-01|0.368719|0.483906|0.817829|0.761964|0.977989|5.806380|0.419901|0.420182|0.997282|0.921710|0.000000|0.424206|0.377115|0.284819|0.420182|0.938538|0.875976|0.000000|69.000000|0.452488|9.000000|0.352576|0.800000|-0.351724|10.000000
EX5:BASE|2016-05-01|0.492081|0.433710|1.098113|1.134585|0.987045|6.962375|0.453775|0.401465|1.161571|0.933787|0.000000|0.445521|0.408294|0.314455|0.433710|1.075620|0.940953|0.000000|63.000000|0.467124|3.000000|0.453359|0.888889|-0.128849|9.000000
EX5:BASE|2016-11-01|0.448964|0.493767|0.978930|0.909264|0.993739|5.289025|0.436114|0.408538|1.122881|0.936480|0.000000|0.432769|0.387784|0.290605|0.408538|0.985604|0.888711|0.000000|57.000000|nan|0.000000|0.418998|0.888889|-0.337421|9.000000
EX5:BASE|2017-05-01|0.449685|0.485379|0.966147|0.926462|0.994307|5.726256|0.469883|0.421259|1.195616|0.990079|0.000000|0.460298|0.402030|0.337003|0.421259|1.002929|0.911147|0.000000|51.000000|nan|0.000000|0.362991|0.875000|-0.346999|8.000000
EX5:BASE|2017-11-01|0.388387|0.507015|0.828195|0.766026|0.963864|4.711427|0.488554|0.420638|1.276786|1.034461|0.000000|0.447347|0.384243|0.307105|0.420638|1.063496|0.947351|0.000000|45.000000|nan|0.000000|0.407393|0.875000|-0.372470|8.000000
EX5:BASE|2018-05-01|0.368982|0.428480|0.780206|0.861142|0.914537|6.269607|0.526957|0.419212|1.293939|1.070475|0.000000|0.492449|0.433721|0.321328|0.428480|1.174701|1.030456|0.000000|39.000000|nan|0.000000|0.495377|1.000000|0.340946|7.000000
EX5:BASE|2018-11-01|0.491051|0.427839|1.072522|1.147746|0.973107|4.299779|0.541240|0.419267|1.388258|1.120741|0.000000|0.521195|0.475225|0.417033|0.419267|1.232621|1.085345|0.000000|33.000000|nan|0.000000|0.484100|1.000000|0.347731|7.000000
EX5:BASE|2019-05-01|0.385343|0.400146|0.862786|0.963005|0.935186|7.307596|0.432459|0.400146|1.153447|0.932465|0.000000|0.420173|0.383410|0.356489|0.400146|1.050050|0.901168|0.000000|27.000000|nan|0.000000|0.420204|1.000000|0.047329|6.000000
EX5:BASE|2019-11-01|0.407532|0.400400|0.898586|1.017813|0.959187|6.531982|0.414535|0.331888|1.150908|0.900544|0.000000|0.401697|0.368090|0.344950|0.400400|1.003239|0.873143|0.000000|21.000000|nan|0.000000|0.365806|1.000000|0.093523|6.000000
EX5:BASE|2020-05-01|0.523357|0.401338|1.168298|1.304030|0.972199|7.602478|0.461063|0.327293|1.240942|1.067112|0.000000|0.467347|0.416214|0.378452|0.401338|1.164473|1.020418|0.000000|15.000000|nan|0.000000|0.425602|1.000000|0.304838|5.000000
EX5:BASE|2020-11-01|0.422560|0.401403|0.917713|1.052706|0.980872|6.538043|0.453310|0.293367|1.336942|1.092711|0.000000|0.512242|0.439208|0.367466|0.401403|1.276128|1.129646|0.000000|9.000000|nan|0.000000|0.490194|1.000000|0.215507|5.000000
EX5:C060|2009-11-01|0.292990|0.639642|0.596017|0.458053|0.931676|5.494795|0.367625|0.414272|0.865177|0.766223|0.048485|0.369417|0.288584|0.016797|0.440002|0.757666|0.744383|0.000000|141.000000|0.386030|81.000000|0.268055|0.875000|-0.221774|16.000000
EX5:C060|2010-05-01|0.319757|0.645766|0.654654|0.495160|0.938160|6.616647|0.365840|0.487130|0.855285|0.789042|0.037736|0.376697|0.291918|0.010368|0.542649|0.750572|0.784919|0.000000|135.000000|0.383054|75.000000|0.377995|0.866667|-0.361488|15.000000
EX5:C060|2010-11-01|0.275893|0.629685|0.553757|0.438144|0.940721|5.604474|0.364828|0.499293|0.804488|0.736174|0.078431|0.369297|0.280297|-0.022482|0.524562|0.741092|0.771915|0.007752|129.000000|0.373867|69.000000|0.351134|0.800000|-0.417715|15.000000
EX5:C060|2011-05-01|0.293160|0.630134|0.599131|0.465234|0.909442|5.615884|0.365608|0.419728|0.824780|0.749020|0.040816|0.392707|0.296037|0.068762|0.524615|0.745214|0.783740|0.000000|123.000000|0.379808|63.000000|0.350344|0.857143|-0.417836|14.000000
EX5:C060|2011-11-01|0.331548|0.641538|0.674468|0.516801|0.943493|5.388024|0.385111|0.463643|0.851498|0.766399|0.000000|0.398923|0.314642|0.231367|0.526024|0.768410|0.816390|0.000000|117.000000|0.399167|57.000000|0.387573|0.857143|-0.420058|14.000000
EX5:C060|2012-05-01|0.359724|0.646592|0.728317|0.556338|0.952825|5.568732|0.390971|0.502024|0.865781|0.790815|0.000000|0.414871|0.320541|0.232512|0.528759|0.789537|0.825401|0.000000|111.000000|0.404420|51.000000|0.386068|0.923077|-0.425815|13.000000
EX5:C060|2012-11-01|0.380371|0.636170|0.766637|0.597908|0.972603|5.581020|0.380687|0.502014|0.865348|0.796299|0.000000|0.407124|0.315325|0.229714|0.529046|0.788303|0.798500|0.000000|105.000000|0.398262|45.000000|0.363201|0.923077|-0.426398|13.000000
EX5:C060|2013-05-01|0.364600|0.635289|0.728774|0.573913|0.972935|5.650498|0.380162|0.465175|0.883546|0.839079|0.000000|0.393862|0.295327|0.230524|0.527384|0.772092|0.798307|0.000000|99.000000|0.391841|39.000000|0.364807|0.916667|-0.424794|12.000000
EX5:C060|2013-11-01|0.400117|0.637244|0.808594|0.627886|0.973293|5.338745|0.417035|0.381447|0.994194|0.865687|0.000000|0.395854|0.307619|0.240068|0.441293|0.851556|0.846809|0.000000|93.000000|0.439020|33.000000|0.394939|0.916667|-0.222559|12.000000
EX5:C060|2014-05-01|0.391610|0.669389|0.764936|0.585027|0.973111|5.536673|0.403782|0.402679|0.944046|0.849352|0.000000|0.382609|0.298515|0.227731|0.438157|0.817173|0.762493|0.000000|87.000000|0.422504|27.000000|0.393813|0.909091|-0.218909|11.000000
EX5:C060|2014-11-01|0.394945|0.676672|0.764060|0.583657|0.985807|5.637834|0.381635|0.381448|0.867591|0.804028|0.000000|0.358715|0.291205|0.224049|0.504650|0.825399|0.777664|0.000000|81.000000|0.387627|21.000000|0.362855|0.909091|-0.378800|11.000000
EX5:C060|2015-05-01|0.297159|0.541606|0.646383|0.548663|0.919760|5.710737|0.373526|0.382474|0.859227|0.779511|0.000000|0.358241|0.294829|0.204901|0.519127|0.810420|0.801603|0.000000|75.000000|0.353916|15.000000|0.335503|0.800000|-0.382204|10.000000
EX5:C060|2015-11-01|0.337228|0.520233|0.743883|0.648225|0.969848|5.708923|0.375270|0.382476|0.900668|0.813905|0.000000|0.357261|0.303136|0.259577|0.429149|0.828643|0.819983|0.000000|69.000000|0.418755|9.000000|0.344392|0.800000|-0.382591|10.000000
EX5:C060|2016-05-01|0.376942|0.464308|0.866992|0.811837|0.976879|5.560409|0.378811|0.380534|0.948616|0.832376|0.000000|0.342296|0.297638|0.224392|0.380534|0.881824|0.804193|0.000000|63.000000|0.370554|3.000000|0.376325|0.888889|-0.278224|9.000000
EX5:C060|2016-11-01|0.383225|0.491913|0.875059|0.779049|0.982482|5.487994|0.375805|0.380365|0.947676|0.839646|0.000000|0.352683|0.304561|0.223145|0.380365|0.882293|0.790835|0.000000|57.000000|nan|0.000000|0.442923|0.888889|-0.314735|9.000000
EX5:C060|2017-05-01|0.374642|0.451709|0.861216|0.829388|0.980986|5.525009|0.370951|0.381512|0.924013|0.818640|0.000000|0.335933|0.296984|0.260206|0.381512|0.847437|0.758457|0.000000|51.000000|nan|0.000000|0.364045|0.875000|-0.288106|8.000000
EX5:C060|2017-11-01|0.313468|0.496388|0.730538|0.631498|0.949594|6.609139|0.360656|0.313428|1.149918|0.886644|0.000000|0.359739|0.296285|0.200087|0.331429|1.140856|0.900261|0.000000|45.000000|nan|0.000000|0.432102|0.875000|-0.359402|8.000000
EX5:C060|2018-05-01|0.278235|0.423874|0.657166|0.656409|0.904167|7.037097|0.353147|0.313676|0.982284|0.844296|0.000000|0.370084|0.313200|0.186648|0.423874|0.950910|0.890594|0.000000|39.000000|nan|0.000000|0.474855|1.000000|0.068312|7.000000
EX5:C060|2018-11-01|0.378908|0.423349|0.918452|0.895025|0.960613|6.995752|0.365684|0.313619|1.068677|0.887718|0.000000|0.373727|0.341157|0.294595|0.359758|0.977822|0.903528|0.000000|33.000000|nan|0.000000|0.461294|1.000000|0.068413|7.000000
EX5:C060|2019-05-01|0.277494|0.353224|0.692296|0.785603|0.910105|8.386347|0.245639|0.302699|0.820620|0.670751|0.000000|0.274851|0.248532|0.218233|0.325817|0.815963|0.688492|0.000000|27.000000|nan|0.000000|0.312593|0.833333|-0.081531|6.000000
EX5:C060|2019-11-01|0.304175|0.379431|0.752948|0.801661|0.930551|8.300679|0.272908|0.302726|0.904877|0.703267|0.000000|0.277324|0.259511|0.234453|0.325965|0.844112|0.730892|0.000000|21.000000|nan|0.000000|0.348184|0.833333|-0.081622|6.000000
EX5:C060|2020-05-01|0.379770|0.379013|1.001862|1.001998|0.921398|8.610308|0.295155|0.274631|1.038397|0.813331|0.000000|0.309998|0.285747|0.261029|0.288120|1.073392|0.856492|0.000000|15.000000|nan|0.000000|0.406312|1.000000|0.036440|5.000000
EX5:C060|2020-11-01|0.279358|0.376520|0.660201|0.741948|0.926123|6.516385|0.375870|0.347740|1.043905|0.933972|0.000000|0.342283|0.309475|0.265855|0.361993|0.935334|0.838465|0.000000|9.000000|nan|0.000000|0.417084|0.800000|-0.071388|5.000000
EX5:C085|2009-11-01|0.339492|0.618322|0.674021|0.549053|0.956197|5.819781|0.417600|0.466645|0.966001|0.846398|0.084848|0.441253|0.340103|-0.005582|0.489246|0.834618|0.839396|0.007092|141.000000|0.422905|81.000000|0.333642|0.875000|-0.272418|16.000000
EX5:C085|2010-05-01|0.376708|0.622478|0.745908|0.605175|0.968152|5.499297|0.443706|0.409991|1.009135|0.926163|0.069182|0.463953|0.374328|-0.011479|0.489760|0.885377|0.874591|0.007407|135.000000|0.447354|75.000000|0.369922|0.866667|-0.272326|15.000000
EX5:C085|2010-11-01|0.347224|0.636521|0.676506|0.545502|0.968811|5.296400|0.434016|0.484971|0.906660|0.866012|0.065359|0.454682|0.383022|-0.011122|0.531872|0.800133|0.837224|0.007752|129.000000|0.443415|69.000000|0.361234|0.866667|-0.400843|15.000000
EX5:C085|2011-05-01|0.346203|0.652271|0.689544|0.530766|0.931979|4.513671|0.413923|0.415292|0.900069|0.871737|0.013605|0.430507|0.356865|0.093537|0.567842|0.735143|0.801200|0.000000|123.000000|0.424472|63.000000|0.314690|0.857143|-0.450908|14.000000
EX5:C085|2011-11-01|0.388672|0.653653|0.767812|0.594616|0.966170|4.573104|0.435845|0.482708|0.942581|0.880787|0.000000|0.439361|0.391129|0.211893|0.574581|0.740243|0.838965|0.000000|117.000000|0.433647|57.000000|0.408265|0.857143|-0.468332|14.000000
EX5:C085|2012-05-01|0.422300|0.636108|0.847505|0.663881|0.975914|5.440592|0.470907|0.411760|1.117855|0.977498|0.000000|0.477082|0.430070|0.227494|0.495926|0.974775|0.925970|0.000000|111.000000|0.465476|51.000000|0.407281|0.923077|-0.350845|13.000000
EX5:C085|2012-11-01|0.473800|0.638173|0.938954|0.742431|0.995988|5.523905|0.482078|0.412769|1.115511|0.995411|0.000000|0.480231|0.438190|0.228063|0.499486|1.024256|0.964467|0.000000|105.000000|0.475150|45.000000|0.407755|0.923077|-0.348499|13.000000
EX5:C085|2013-05-01|0.389963|0.644092|0.755671|0.605446|0.992209|4.358462|0.435064|0.482201|0.921885|0.889917|0.000000|0.424579|0.373118|0.229950|0.576760|0.814334|0.810972|0.000000|99.000000|0.435348|39.000000|0.340684|0.916667|-0.467338|12.000000
EX5:C085|2013-11-01|0.414727|0.592132|0.835807|0.700397|0.981545|4.703326|0.460014|0.417407|1.009036|0.993613|0.000000|0.430416|0.383346|0.181985|0.592132|0.813207|0.892445|0.000000|93.000000|0.440925|33.000000|0.410203|0.916667|-0.427162|12.000000
EX5:C085|2014-05-01|0.478919|0.662139|0.927658|0.723291|0.985768|4.701056|0.490966|0.409958|1.145068|0.994867|0.000000|0.468778|0.430369|0.240531|0.492519|1.074732|0.997644|0.000000|87.000000|0.479566|27.000000|0.373155|0.909091|-0.276973|11.000000
EX5:C085|2014-11-01|0.513621|0.664243|1.012873|0.773243|0.989703|4.841906|0.514349|0.406543|1.294938|1.132003|0.000000|0.522062|0.465437|0.263936|0.409949|1.243696|1.110841|0.000000|81.000000|0.507356|21.000000|0.432405|0.818182|-0.285689|11.000000
EX5:C085|2015-05-01|0.378009|0.648924|0.804139|0.582516|0.930853|6.347143|0.481710|0.400919|1.141977|1.032215|0.000000|0.508727|0.447548|0.146486|0.511571|1.126893|1.081321|0.000000|75.000000|0.443652|15.000000|0.432565|0.800000|-0.360360|10.000000
EX5:C085|2015-11-01|0.429233|0.511561|0.942074|0.839064|0.974293|5.276440|0.470431|0.401352|1.142247|1.022407|0.000000|0.492871|0.442758|0.340802|0.426080|1.097093|1.036677|0.000000|69.000000|0.515605|9.000000|0.384698|0.800000|-0.360835|10.000000
EX5:C085|2016-05-01|0.411238|0.472987|0.945262|0.869449|0.996734|4.519511|0.390933|0.408529|0.956929|0.839975|0.000000|0.387363|0.342875|0.256357|0.408529|0.882022|0.808944|0.000000|63.000000|0.389837|3.000000|0.303471|0.888889|-0.277120|9.000000
EX5:C085|2016-11-01|0.440594|0.525228|0.971578|0.838862|0.993469|4.322191|0.472514|0.418686|1.276082|1.011356|0.000000|0.478086|0.433766|0.349035|0.418686|1.078864|0.970793|0.000000|57.000000|nan|0.000000|0.458681|0.888889|-0.341592|9.000000
EX5:C085|2017-05-01|0.436984|0.485379|0.948691|0.900294|0.996459|4.263688|0.468215|0.419136|1.214147|0.979078|0.000000|0.457975|0.400568|0.340419|0.419136|1.017124|0.907455|0.000000|51.000000|nan|0.000000|0.354003|0.875000|-0.346999|8.000000
EX5:C085|2017-11-01|0.349845|0.507015|0.763541|0.690009|0.964844|4.800566|0.442106|0.416229|1.216473|0.989429|0.000000|0.412754|0.353394|0.273707|0.416229|0.991651|0.882057|0.000000|45.000000|nan|0.000000|0.311063|0.875000|-0.372470|8.000000
EX5:C085|2018-05-01|0.404825|0.437470|0.867312|0.925379|0.920243|5.916834|0.549013|0.399623|1.410578|1.121648|0.000000|0.514372|0.460740|0.354690|0.437470|1.247654|1.099357|0.000000|39.000000|nan|0.000000|0.479408|1.000000|0.309540|7.000000
EX5:C085|2018-11-01|0.530730|0.437116|1.130054|1.214164|0.974432|5.769413|0.554601|0.418122|1.366338|1.132397|0.000000|0.540442|0.491767|0.428181|0.418122|1.239618|1.118869|0.000000|33.000000|nan|0.000000|0.495848|1.000000|0.330403|7.000000
EX5:C085|2019-05-01|0.416390|0.390253|0.930541|1.066975|0.944689|6.173913|0.465743|0.390253|1.299702|1.026163|0.000000|0.432277|0.391988|0.354043|0.390253|1.107685|0.949929|0.000000|27.000000|nan|0.000000|0.421005|1.000000|0.035289|6.000000
EX5:C085|2019-11-01|0.466754|0.390372|1.021375|1.195664|0.969428|5.816108|0.462029|0.355585|1.342421|1.066492|0.000000|0.444632|0.408912|0.365970|0.390372|1.138994|0.982656|0.000000|21.000000|nan|0.000000|0.419992|1.000000|0.083378|6.000000
EX5:C085|2020-05-01|0.542207|0.401337|1.213884|1.351003|0.978295|6.719469|0.475470|0.303216|1.289346|1.109105|0.000000|0.458350|0.440958|0.385009|0.401337|1.142058|1.014801|0.000000|15.000000|nan|0.000000|0.421983|1.000000|0.300767|5.000000
EX5:C085|2020-11-01|0.414169|0.401215|0.902353|1.032287|0.986308|4.761283|0.456291|0.302092|1.276708|1.067671|0.000000|0.470507|0.402925|0.348386|0.401215|1.172704|1.056341|0.000000|9.000000|nan|0.000000|0.329856|1.000000|0.298665|5.000000
EX5:C100|2009-11-01|0.319344|0.633999|0.627360|0.503698|0.952561|5.105646|0.398447|0.498917|0.809046|0.799288|0.096970|0.427814|0.302311|-0.021750|0.592457|0.721364|0.792508|0.007092|141.000000|0.396959|81.000000|0.376999|0.812500|-0.427635|16.000000
EX5:C100|2010-05-01|0.364461|0.621508|0.728535|0.586414|0.964655|4.639801|0.438196|0.410955|1.006874|0.923623|0.069182|0.458995|0.375078|-0.018763|0.489204|0.892961|0.880347|0.007407|135.000000|0.449732|75.000000|0.383228|0.866667|-0.274692|15.000000
EX5:C100|2010-11-01|0.305600|0.623101|0.603961|0.490451|0.954263|5.197216|0.385991|0.484971|0.799318|0.800680|0.065359|0.407062|0.311716|-0.004732|0.597795|0.694342|0.778304|0.007752|129.000000|0.397383|69.000000|0.411480|0.866667|-0.471121|15.000000
EX5:C100|2011-05-01|0.359044|0.645835|0.717369|0.555938|0.934431|5.421398|0.436807|0.412812|0.930989|0.859856|0.013605|0.433076|0.368096|0.093779|0.529203|0.793958|0.809564|0.000000|123.000000|0.427140|63.000000|0.338753|0.857143|-0.421579|14.000000
EX5:C100|2011-11-01|0.383880|0.646687|0.760382|0.593611|0.966696|4.577350|0.442437|0.484378|0.949131|0.880980|0.000000|0.448354|0.374906|0.222341|0.542764|0.781170|0.828400|0.000000|117.000000|0.437212|57.000000|0.361402|0.857143|-0.423499|14.000000
EX5:C100|2012-05-01|0.421675|0.638708|0.843935|0.660199|0.976279|5.472625|0.471387|0.411898|1.112818|0.978027|0.000000|0.477525|0.435552|0.226851|0.497275|0.975171|0.940885|0.000000|111.000000|0.465784|51.000000|0.421996|0.923077|-0.352673|13.000000
EX5:C100|2012-11-01|0.469444|0.637271|0.934256|0.736648|0.996350|4.827133|0.477252|0.413548|1.120377|1.002280|0.000000|0.476191|0.436482|0.229628|0.498274|1.017159|0.957721|0.000000|105.000000|0.473935|45.000000|0.399466|0.923077|-0.346889|13.000000
EX5:C100|2013-05-01|0.389436|0.644092|0.754283|0.604629|0.992513|4.280855|0.428077|0.482201|0.926510|0.890248|0.000000|0.424545|0.371160|0.229950|0.576760|0.801620|0.811686|0.000000|99.000000|0.434632|39.000000|0.323036|0.916667|-0.467338|12.000000
EX5:C100|2013-11-01|0.437453|0.592184|0.885558|0.738711|0.981818|4.742952|0.464390|0.417457|1.141651|1.010850|0.000000|0.442573|0.387025|0.181935|0.592184|0.807741|0.922133|0.000000|93.000000|0.456146|33.000000|0.425702|0.916667|-0.427212|12.000000
EX5:C100|2014-05-01|0.490475|0.662139|0.947967|0.740744|0.985528|5.548826|0.494276|0.410925|1.157653|1.007554|0.000000|0.475033|0.433583|0.240553|0.492520|1.099733|1.022053|0.000000|87.000000|0.482257|27.000000|0.422282|0.909091|-0.276897|11.000000
EX5:C100|2014-11-01|0.478492|0.664243|0.945172|0.720357|0.987667|4.585608|0.484665|0.410556|1.208432|1.071332|0.000000|0.504528|0.442704|0.216417|0.439853|1.120768|1.040060|0.000000|81.000000|0.478058|21.000000|0.400757|0.818182|-0.358619|11.000000
EX5:C100|2015-05-01|0.359309|0.646134|0.767011|0.556091|0.936881|5.732078|0.449412|0.415395|1.038480|0.990116|0.000000|0.452231|0.389436|0.145293|0.519288|0.993572|0.973313|0.000000|75.000000|0.419365|15.000000|0.433873|0.800000|-0.371121|10.000000
EX5:C100|2015-11-01|0.447834|0.510755|0.986252|0.876808|0.974331|5.085444|0.473412|0.401352|1.160839|1.038248|0.000000|0.503893|0.458275|0.384967|0.425576|1.137108|1.093616|0.000000|69.000000|0.539079|9.000000|0.442760|0.800000|-0.360811|10.000000
EX5:C100|2016-05-01|0.447923|0.472937|1.029025|0.947109|0.996766|4.550508|0.408265|0.407616|1.044579|0.877131|0.000000|0.404029|0.362187|0.259882|0.407616|0.944849|0.870536|0.000000|63.000000|0.427230|3.000000|0.433270|0.888889|-0.277051|9.000000
EX5:C100|2016-11-01|0.464425|0.525228|1.015173|0.884235|0.993443|4.811777|0.482446|0.418679|1.320202|1.065667|0.000000|0.495059|0.441385|0.349030|0.418679|1.121209|0.993540|0.000000|57.000000|nan|0.000000|0.458674|0.888889|-0.341592|9.000000
EX5:C100|2017-05-01|0.498383|0.485379|1.090900|1.026791|0.997435|4.895523|0.500878|0.410133|1.364827|1.076789|0.000000|0.485978|0.440671|0.351147|0.410133|1.179088|1.057873|0.000000|51.000000|nan|0.000000|0.442317|0.875000|-0.346999|8.000000
EX5:C100|2017-11-01|0.384830|0.507015|0.846810|0.759011|0.965198|4.768941|0.471406|0.417176|1.229839|1.021566|0.000000|0.438755|0.377598|0.277500|0.417176|1.051726|0.991848|0.000000|45.000000|nan|0.000000|0.405386|0.875000|-0.372470|8.000000
EX5:C100|2018-05-01|0.393942|0.437470|0.854148|0.900500|0.921565|5.041835|0.536664|0.402073|1.369573|1.104216|0.000000|0.510364|0.449279|0.347733|0.437470|1.228439|1.087384|0.000000|39.000000|nan|0.000000|0.483709|1.000000|0.279072|7.000000
EX5:C100|2018-11-01|0.517180|0.437116|1.118105|1.183165|0.977232|5.152389|0.527454|0.409522|1.369800|1.091174|0.000000|0.516112|0.462372|0.400186|0.409522|1.197239|1.082667|0.000000|33.000000|nan|0.000000|0.514580|1.000000|0.271206|7.000000
EX5:C100|2019-05-01|0.412790|0.389955|0.932673|1.058556|0.944916|5.220871|0.462728|0.389955|1.303690|1.037082|0.000000|0.438685|0.395803|0.361740|0.389955|1.124963|0.962972|0.000000|27.000000|nan|0.000000|0.432435|1.000000|0.044483|6.000000
EX5:C100|2019-11-01|0.457668|0.390202|1.001372|1.172901|0.969611|5.919100|0.461839|0.352824|1.348981|1.060387|0.000000|0.434968|0.397617|0.362502|0.390202|1.114725|0.958869|0.000000|21.000000|nan|0.000000|0.407792|1.000000|0.085544|6.000000
EX5:C100|2020-05-01|0.535407|0.401337|1.210640|1.334058|0.978550|6.830728|0.476524|0.307822|1.276329|1.103100|0.000000|0.468297|0.421689|0.390837|0.401337|1.166843|1.042686|0.000000|15.000000|nan|0.000000|0.418991|1.000000|0.356635|5.000000
EX5:C100|2020-11-01|0.412629|0.401215|0.899625|1.028449|0.986497|5.267950|0.452058|0.318208|1.273301|1.058554|0.000000|0.468423|0.401203|0.345445|0.401215|1.167511|1.052226|0.000000|9.000000|nan|0.000000|0.336515|1.000000|0.298624|5.000000
