#METRIC|m2|年化,最大回撤,Sharpe,Calmar,平均仓位,年均换手,持仓数中位,单票权重中位,单票权重P90,单票权重最大,前三权重中位,单票超60%天数占比,滚动3年年化中位,滚动3年回撤中位,滚动3年Calmar中位,滚动3年Sharpe中位,滚动3年为负的窗口占比,滚动5年年化中位,滚动5年年化P25,滚动5年年化最差,滚动5年回撤中位,滚动5年Calmar中位,滚动5年Sharpe中位,滚动5年为负的窗口占比,滚动5年窗口数,互不重叠5年块中位,滚动10年年化中位,滚动10年窗口数,逐年收益中位,逐年为正比例,逐年最差,完整自然年数,强平次数,最低担保比例,最低股票同跌缓冲,最低总资产冲击缓冲,rf覆盖率,年化_交易日口径,最低担保比例日,最低股票同跌缓冲日,滚动5年年化最差窗口末日,最大回撤起日,最大回撤止日,末次净值日
BASE|2009-11-01|0.262894|0.693960|0.664560|0.378832|1.612619|2.998208|6.000000|0.661280|1.011536|1.240627|1.429354|0.796526|0.319869|0.437173|0.786620|0.742302|0.082192|0.289815|0.154637|-0.043392|0.540602|0.430656|0.683923|0.049180|122.000000|0.287914|0.317700|62.000000|0.322734|0.733333|-0.277082|15.000000|0.000000|1.828535|0.289048|0.289048|0.982908|0.263900|20150824.000000|20150824.000000|20160229.000000|20150612.000000|20160616.000000|20241231.000000
BASE|2010-05-01|0.333908|0.663979|0.785357|0.502889|1.639216|3.315447|6.000000|0.665555|0.976683|1.241596|1.468617|0.756988|0.420372|0.431696|0.884757|0.908515|0.064286|0.435755|0.330163|-0.017465|0.626085|0.767102|0.925519|0.017241|116.000000|0.422215|0.407241|56.000000|0.322336|0.785714|-0.276843|14.000000|0.000000|1.742886|0.254111|0.254111|1.000000|0.335346|20150825.000000|20150825.000000|20160229.000000|20150609.000000|20160201.000000|20241231.000000
BASE|2010-11-01|0.251077|0.707306|0.646321|0.354977|1.604246|3.396274|6.000000|0.669487|0.934486|1.145085|1.410197|0.803634|0.347672|0.437072|0.836374|0.787519|0.097015|0.330989|0.195289|-0.061089|0.648128|0.467957|0.741367|0.081818|110.000000|0.335264|0.321695|50.000000|0.186085|0.785714|-0.316190|14.000000|0.000000|1.826051|0.288081|0.288081|1.000000|0.251925|20150825.000000|20150825.000000|20160630.000000|20150609.000000|20160616.000000|20241231.000000
BASE|2011-05-01|0.256872|0.702332|0.653271|0.365742|1.585818|3.362032|6.000000|0.665394|0.935562|1.126171|1.420072|0.792542|0.351711|0.441103|0.837784|0.807937|0.046875|0.339898|0.208378|-0.040188|0.452362|0.758630|0.773548|0.028846|104.000000|0.316241|0.326835|44.000000|0.314489|0.769231|-0.310331|13.000000|0.000000|1.712320|0.240796|0.240796|1.000000|0.257751|20150825.000000|20150825.000000|20160531.000000|20150609.000000|20160616.000000|20241231.000000
BASE|2011-11-01|0.286098|0.745172|0.699599|0.383936|1.636063|3.705352|6.000000|0.702383|1.025268|1.277698|1.444980|0.812123|0.374773|0.433137|0.904720|0.833956|0.049180|0.368512|0.230199|0.027506|0.433137|0.858596|0.821403|0.000000|98.000000|0.322844|0.325402|38.000000|0.336758|0.846154|-0.357911|13.000000|0.000000|1.859362|0.300836|0.300836|1.000000|0.287270|20150824.000000|20150824.000000|20161230.000000|20150609.000000|20160203.000000|20241231.000000
BASE|2012-05-01|0.303063|0.695070|0.727587|0.436019|1.651832|4.073457|6.000000|0.673513|0.905527|1.074116|1.485651|0.827261|0.405979|0.432282|0.862184|0.887170|0.034483|0.420555|0.349102|0.122458|0.432282|0.847145|0.880121|0.000000|92.000000|0.349696|0.373758|32.000000|0.248585|0.750000|-0.266259|12.000000|0.000000|1.710115|0.239817|0.239817|1.000000|0.303996|20150825.000000|20150825.000000|20170531.000000|20150609.000000|20160201.000000|20241231.000000
BASE|2012-11-01|0.410973|0.689124|0.874123|0.596370|1.697515|4.199327|6.000000|0.643306|0.887262|1.091374|1.495503|0.706698|0.519502|0.542830|1.070448|1.040668|0.018182|0.521084|0.387778|0.152549|0.542830|0.959939|1.038673|0.000000|86.000000|0.427699|0.470458|26.000000|0.325572|0.750000|-0.156592|12.000000|0.000000|1.729113|0.248170|0.248170|1.000000|0.412795|20150825.000000|20150825.000000|20200430.000000|20150609.000000|20160201.000000|20241231.000000
BASE|2013-05-01|0.390915|0.653723|0.850314|0.597983|1.684934|4.038232|7.000000|0.640548|0.810410|0.982195|1.453519|0.794646|0.494339|0.510068|1.092491|1.005938|0.019231|0.533451|0.418269|0.210076|0.510068|1.045841|1.025279|0.000000|80.000000|0.423156|0.453486|20.000000|0.421877|0.818182|-0.162553|11.000000|0.000000|1.707217|0.238527|0.238527|1.000000|0.391966|20150825.000000|20150825.000000|20200430.000000|20150612.000000|20160201.000000|20241231.000000
BASE|2013-11-01|0.368311|0.669472|0.823663|0.550151|1.668399|4.272110|6.000000|0.624515|0.863615|1.035315|1.438625|0.701251|0.484886|0.449613|1.113607|0.992217|0.010204|0.496930|0.343231|0.118071|0.449613|1.105240|0.999406|0.000000|74.000000|0.370182|0.410987|14.000000|0.337877|0.727273|-0.218313|11.000000|0.000000|1.896537|0.314540|0.314540|1.000000|0.369139|20200323.000000|20200323.000000|20181228.000000|20150612.000000|20160616.000000|20241231.000000
BASE|2014-05-01|0.378056|0.747492|0.838030|0.505765|1.668312|3.901450|6.000000|0.655099|1.090565|1.327542|1.496036|0.795840|0.469934|0.439601|1.073959|0.985112|0.032609|0.512705|0.385734|0.112204|0.439601|1.166297|1.016734|0.000000|68.000000|0.328453|0.383340|8.000000|0.335025|0.700000|-0.336172|10.000000|0.000000|1.879052|0.308162|0.308162|1.000000|0.378679|20200323.000000|20200323.000000|20200430.000000|20150609.000000|20160616.000000|20241231.000000
BASE|2014-11-01|0.407634|0.819996|0.873975|0.497117|1.619230|5.452692|6.000000|0.627777|0.749303|0.997798|1.460454|0.689796|0.596369|0.547311|1.258821|1.116215|0.034884|0.592122|0.497025|0.026504|0.559644|1.058032|1.106319|0.000000|62.000000|0.358197|0.373374|2.000000|0.387714|0.700000|-0.428941|10.000000|0.000000|1.795592|0.276005|0.276005|1.000000|0.408623|20200323.000000|20200323.000000|20200430.000000|20150609.000000|20160613.000000|20241231.000000
BASE|2015-05-01|0.428705|0.622013|0.940959|0.689222|1.577223|5.487819|6.000000|0.646827|0.748433|0.951859|1.476790|0.771830|0.632209|0.445446|1.290900|1.168653|0.000000|0.623223|0.547819|0.186105|0.577286|1.079576|1.134835|0.000000|56.000000|0.474578|nan|0.000000|0.470643|0.777778|-0.146421|9.000000|0.000000|2.000200|0.350065|0.350065|1.000000|0.429680|20200319.000000|20200319.000000|20200529.000000|20150609.000000|20160518.000000|20241231.000000
BASE|2015-11-01|0.523469|0.574713|1.074082|0.910836|1.642544|4.459568|6.000000|0.654983|0.757292|0.944390|1.486974|0.801794|0.641461|0.446743|1.290510|1.181312|0.000000|0.629977|0.562005|0.464053|0.574713|1.096158|1.151245|0.000000|50.000000|0.510749|nan|0.000000|0.467305|0.777778|-0.156067|9.000000|0.000000|2.052453|0.366612|0.366612|1.000000|0.524883|20200319.000000|20200319.000000|20201130.000000|20200114.000000|20200323.000000|20241231.000000
BASE|2016-05-01|0.609339|0.549885|1.201374|1.108120|1.667985|5.154309|6.000000|0.628295|0.752937|0.967177|1.490110|0.736592|0.640486|0.535632|1.334259|1.169961|0.000000|0.624019|0.583057|0.477797|0.549885|1.134817|1.150867|0.000000|44.000000|0.494135|nan|0.000000|0.482255|0.875000|-0.150877|8.000000|0.000000|1.974873|0.341730|0.341730|1.000000|0.611398|20200323.000000|20200323.000000|20230131.000000|20200114.000000|20200323.000000|20241231.000000
SLP5|2009-11-01|0.283730|0.717541|0.703113|0.395420|1.610761|3.306530|6.000000|0.661986|1.051935|1.248385|1.417114|0.707747|0.327295|0.462585|0.759319|0.766892|0.095890|0.285609|0.158126|-0.034168|0.540602|0.431826|0.694390|0.032787|122.000000|0.288101|0.326247|62.000000|0.376768|0.800000|-0.277082|15.000000|0.000000|1.880696|0.308767|0.308767|0.982908|0.284825|20150824.000000|20150824.000000|20160229.000000|20150609.000000|20160616.000000|20241231.000000
SLP5|2010-05-01|0.298067|0.714877|0.722324|0.416948|1.645984|3.374185|6.000000|0.676908|1.048769|1.247837|1.433043|0.717342|0.337518|0.454351|0.792278|0.781270|0.100000|0.301729|0.175569|-0.038954|0.661777|0.481051|0.714408|0.043103|116.000000|0.362911|0.332310|56.000000|0.408598|0.785714|-0.276843|14.000000|0.000000|1.854584|0.299034|0.299034|1.000000|0.299334|20150824.000000|20150824.000000|20160229.000000|20150609.000000|20160616.000000|20241231.000000
SLP5|2010-11-01|0.278909|0.736296|0.691226|0.378800|1.607972|3.498040|6.000000|0.676341|1.013865|1.270640|1.430304|0.735053|0.396208|0.434345|0.936688|0.855296|0.104478|0.339760|0.202923|-0.059834|0.680125|0.461445|0.752273|0.081818|110.000000|0.378483|0.357546|50.000000|0.281855|0.785714|-0.315410|14.000000|0.000000|1.844345|0.295143|0.295143|1.000000|0.279860|20150824.000000|20150824.000000|20160630.000000|20150609.000000|20160616.000000|20241231.000000
SLP5|2011-05-01|0.280946|0.740357|0.696450|0.379474|1.587148|3.639653|6.000000|0.656781|1.051129|1.290649|1.426629|0.699467|0.360786|0.422109|0.817048|0.843609|0.062500|0.329031|0.204381|-0.041267|0.472003|0.697094|0.775617|0.028846|104.000000|0.354711|0.348880|44.000000|0.437151|0.769231|-0.332333|13.000000|0.000000|1.881148|0.308932|0.308932|1.000000|0.281917|20150824.000000|20150824.000000|20160531.000000|20150609.000000|20160616.000000|20241231.000000
SLP5|2011-11-01|0.328963|0.740110|0.767693|0.444478|1.639411|3.478369|6.000000|0.666755|1.040535|1.289208|1.451154|0.711203|0.434966|0.436761|1.036276|0.932603|0.049180|0.435720|0.237464|0.036216|0.436761|0.997616|0.916987|0.000000|98.000000|0.383131|0.379827|38.000000|0.446067|0.769231|-0.331193|13.000000|0.000000|1.832732|0.290677|0.290677|1.000000|0.330331|20150824.000000|20150824.000000|20161230.000000|20150609.000000|20160616.000000|20241231.000000
SLP5|2012-05-01|0.334845|0.744001|0.772276|0.450060|1.664650|3.470788|7.000000|0.650435|1.060837|1.308495|1.450248|0.676318|0.456874|0.439299|1.055558|0.959165|0.060345|0.472617|0.270890|0.080061|0.439299|1.094686|0.950331|0.000000|92.000000|0.394043|0.391927|32.000000|0.499643|0.750000|-0.280166|12.000000|0.000000|1.837454|0.292499|0.292499|1.000000|0.335888|20150824.000000|20150824.000000|20170531.000000|20150609.000000|20160616.000000|20241231.000000
SLP5|2012-11-01|0.410339|0.708713|0.874170|0.578992|1.701899|3.708800|6.000000|0.632187|0.951476|1.079499|1.478141|0.714817|0.475707|0.573891|1.000481|0.972811|0.018182|0.502557|0.387916|0.135352|0.573891|0.875702|0.991697|0.000000|86.000000|0.425792|0.451572|26.000000|0.410603|0.750000|-0.149949|12.000000|0.000000|1.684677|0.228339|0.228339|1.000000|0.412158|20150929.000000|20150929.000000|20200430.000000|20150609.000000|20160201.000000|20241231.000000
SLP5|2013-05-01|0.375003|0.652742|0.865356|0.574504|1.659274|3.255634|7.000000|0.645754|0.804442|0.944984|1.415277|0.635083|0.422448|0.382513|1.026929|0.920458|0.009615|0.453646|0.379983|0.286418|0.382513|1.002270|0.965619|0.000000|80.000000|0.408956|0.426776|20.000000|0.413816|0.727273|-0.109336|11.000000|0.000000|2.094035|0.379189|0.379189|1.000000|0.376005|20200203.000000|20200203.000000|20230131.000000|20150609.000000|20160201.000000|20241231.000000
SLP5|2013-11-01|0.392540|0.663078|0.863581|0.591997|1.673957|3.809289|7.000000|0.618129|0.849299|1.015537|1.384991|0.586461|0.543931|0.438345|1.274300|1.096256|0.010204|0.579990|0.363780|0.112903|0.438345|1.323776|1.103213|0.000000|74.000000|0.399123|0.442651|14.000000|0.388027|0.727273|-0.181281|11.000000|0.000000|1.989659|0.346622|0.346622|1.000000|0.393431|20200323.000000|20200323.000000|20181228.000000|20150612.000000|20160616.000000|20241231.000000
SLP5|2014-05-01|0.383814|0.752646|0.848356|0.509952|1.669971|3.695894|7.000000|0.637818|1.117619|1.354741|1.387448|0.703005|0.475732|0.418542|1.159640|0.998928|0.032609|0.500506|0.381705|0.102577|0.446792|1.127801|1.006804|0.000000|68.000000|0.332389|0.381052|8.000000|0.380050|0.700000|-0.401924|10.000000|0.000000|1.891524|0.312723|0.312723|1.000000|0.384448|20200323.000000|20200323.000000|20200430.000000|20150609.000000|20160616.000000|20241231.000000
SLP5|2014-11-01|0.340197|0.802660|0.787436|0.423836|1.656727|4.205062|7.000000|0.597782|0.669693|0.950483|1.384250|0.489284|0.470350|0.440495|1.094973|1.004405|0.046512|0.492840|0.406571|0.057857|0.448645|1.100415|1.009005|0.000000|62.000000|0.284920|0.301716|2.000000|0.307403|0.700000|-0.449365|10.000000|0.000000|1.837264|0.292426|0.292426|1.000000|0.341003|20150825.000000|20150825.000000|20200630.000000|20150609.000000|20160509.000000|20241231.000000
SLP5|2015-05-01|0.340135|0.632796|0.818747|0.537511|1.578464|4.151227|8.000000|0.627905|0.731807|0.856106|1.396264|0.690603|0.501490|0.458305|1.099413|1.019463|0.000000|0.496546|0.456352|0.208733|0.466036|1.065467|1.009023|0.000000|56.000000|0.333454|nan|0.000000|0.356787|0.777778|-0.199632|9.000000|0.000000|1.914591|0.321004|0.321004|1.000000|0.340885|20200323.000000|20200323.000000|20200529.000000|20150609.000000|20160509.000000|20241231.000000
SLP5|2015-11-01|0.457048|0.578872|0.989266|0.789549|1.655129|3.209729|7.000000|0.627010|0.751484|0.961509|1.486289|0.636323|0.570601|0.440649|1.134622|1.086810|0.000000|0.543997|0.495285|0.406284|0.578872|0.939753|1.060726|0.000000|50.000000|0.409367|nan|0.000000|0.363832|0.777778|-0.149313|9.000000|0.000000|2.013329|0.354303|0.354303|1.000000|0.458257|20200319.000000|20200319.000000|20230131.000000|20200114.000000|20200323.000000|20241231.000000
SLP5|2016-05-01|0.548506|0.449719|1.137687|1.219663|1.668643|3.849945|7.000000|0.621414|0.737746|0.852161|1.371751|0.638823|0.552192|0.449719|1.264448|1.088238|0.000000|0.552278|0.525599|0.391372|0.449719|1.228050|1.075749|0.000000|44.000000|0.391372|nan|0.000000|0.411460|0.875000|-0.150987|8.000000|0.000000|2.040197|0.362807|0.362807|1.000000|0.550326|20211116.000000|20211116.000000|20241231.000000|20200217.000000|20200323.000000|20241231.000000
WK3|2009-11-01|0.253819|0.713290|0.656891|0.355843|1.611818|3.599651|6.000000|0.720690|1.053218|1.248429|1.463452|0.858009|0.299843|0.419802|0.724951|0.715822|0.075342|0.305628|0.173196|-0.047608|0.540602|0.443694|0.714343|0.057377|122.000000|0.308471|0.297915|62.000000|0.209157|0.666667|-0.277082|15.000000|0.000000|1.829622|0.289471|0.289471|0.982908|0.254787|20150824.000000|20150824.000000|20160229.000000|20150612.000000|20160201.000000|20241231.000000
WK3|2010-05-01|0.259441|0.734518|0.661449|0.353213|1.650643|3.713747|6.000000|0.691545|1.078060|1.247905|1.488521|0.768397|0.301661|0.474898|0.730320|0.723911|0.107143|0.278816|0.165814|-0.054657|0.671245|0.418417|0.671497|0.060345|116.000000|0.299940|0.289777|56.000000|0.320170|0.714286|-0.296557|14.000000|0.000000|1.888889|0.311765|0.311765|1.000000|0.260528|20150824.000000|20150824.000000|20160229.000000|20150609.000000|20160203.000000|20241231.000000
WK3|2010-11-01|0.259708|0.727924|0.659942|0.356779|1.604316|4.755096|6.000000|0.672556|0.983234|1.231104|1.438561|0.827667|0.384281|0.437135|0.899926|0.878027|0.104478|0.339466|0.198119|-0.064884|0.668073|0.466348|0.753782|0.090909|110.000000|0.348555|0.360296|50.000000|0.336402|0.714286|-0.321656|14.000000|0.000000|1.865141|0.303002|0.303002|1.000000|0.260588|20150824.000000|20150824.000000|20160630.000000|20150609.000000|20160616.000000|20241231.000000
WK3|2011-05-01|0.282979|0.728192|0.698327|0.388605|1.583473|4.092337|6.000000|0.661850|0.990985|1.232896|1.447658|0.736446|0.428285|0.440053|1.005936|0.931718|0.062500|0.387879|0.211667|-0.044899|0.450040|0.907934|0.879397|0.028846|104.000000|0.355130|0.375038|44.000000|0.338480|0.692308|-0.321794|13.000000|0.000000|1.865291|0.303058|0.303058|1.000000|0.283957|20150824.000000|20150824.000000|20160630.000000|20150609.000000|20160616.000000|20241231.000000
WK3|2011-11-01|0.304353|0.729248|0.731135|0.417352|1.633981|4.763577|7.000000|0.664682|1.001087|1.237540|1.447631|0.816249|0.435918|0.433850|1.025963|0.938619|0.040984|0.418949|0.244576|0.036392|0.433850|0.965654|0.901626|0.000000|98.000000|0.348603|0.371240|38.000000|0.328147|0.769231|-0.320566|13.000000|0.000000|1.864935|0.302925|0.302925|1.000000|0.305608|20150824.000000|20150824.000000|20161230.000000|20150609.000000|20160616.000000|20241231.000000
WK3|2012-05-01|0.288821|0.733767|0.699618|0.393614|1.662564|3.497063|6.000000|0.660794|1.023480|1.257954|1.452983|0.790176|0.400585|0.456436|0.901319|0.891317|0.060345|0.416833|0.245271|0.071188|0.456436|0.916585|0.881968|0.000000|92.000000|0.328871|0.360859|32.000000|0.382648|0.750000|-0.301821|12.000000|0.000000|1.870738|0.305087|0.305087|1.000000|0.289705|20150824.000000|20150824.000000|20170531.000000|20150609.000000|20160616.000000|20241231.000000
WK3|2012-11-01|0.435275|0.703674|0.912248|0.618574|1.692196|4.230984|6.000000|0.665136|0.920841|1.128468|1.539825|0.814614|0.515355|0.475899|1.182143|1.041480|0.018182|0.533986|0.445855|0.226351|0.475899|1.122058|1.033059|0.000000|86.000000|0.451713|0.487772|26.000000|0.323119|0.750000|-0.222975|12.000000|0.000000|1.722674|0.245359|0.245359|1.000000|0.437220|20150929.000000|20150929.000000|20200630.000000|20150609.000000|20160201.000000|20241231.000000
WK3|2013-05-01|0.336107|0.727848|0.774080|0.461782|1.675618|4.586992|6.000000|0.638948|1.002383|1.233627|1.409453|0.747446|0.474526|0.438558|1.118461|0.986824|0.048077|0.511456|0.310559|0.120565|0.438558|1.166223|1.012022|0.000000|80.000000|0.366976|0.391752|20.000000|0.347554|0.727273|-0.227675|11.000000|0.000000|1.734155|0.250355|0.250355|1.000000|0.336994|20150825.000000|20150825.000000|20181228.000000|20150609.000000|20160616.000000|20241231.000000
WK3|2013-11-01|0.405918|0.615506|0.879810|0.659486|1.678789|4.627701|7.000000|0.634531|0.767010|0.956054|1.491035|0.679544|0.515201|0.470886|1.167955|1.022102|0.000000|0.523798|0.422301|0.193100|0.470886|1.112368|1.015486|0.000000|74.000000|0.411244|0.461249|14.000000|0.391724|0.818182|-0.152210|11.000000|0.000000|1.815448|0.283923|0.283923|1.000000|0.406843|20200323.000000|20200323.000000|20181228.000000|20150612.000000|20160225.000000|20241231.000000
WK3|2014-05-01|0.397602|0.724762|0.866142|0.548597|1.670512|3.952041|7.000000|0.640847|1.014925|1.234890|1.418841|0.687211|0.539534|0.440407|1.266595|1.074027|0.010870|0.551438|0.394534|0.149378|0.440407|1.261101|1.090076|0.000000|68.000000|0.345061|0.408645|8.000000|0.374811|0.700000|-0.308218|10.000000|0.000000|1.879549|0.308345|0.308345|1.000000|0.398262|20150824.000000|20150824.000000|20200430.000000|20150609.000000|20160616.000000|20241231.000000
WK3|2014-11-01|0.358675|0.806891|0.808263|0.444515|1.654485|4.330586|7.000000|0.622998|0.786087|0.990600|1.425297|0.672463|0.488375|0.442666|1.112340|1.058531|0.046512|0.541867|0.433633|0.056204|0.446160|1.214513|1.060739|0.000000|62.000000|0.305279|0.320930|2.000000|0.357575|0.700000|-0.472453|10.000000|0.000000|1.779824|0.269591|0.269591|1.000000|0.359531|20150825.000000|20150825.000000|20200630.000000|20150609.000000|20160510.000000|20241231.000000
WK3|2015-05-01|0.381428|0.637119|0.877624|0.598676|1.571273|5.426459|7.000000|0.620076|0.726595|0.845409|1.446714|0.669326|0.588944|0.447523|1.329570|1.098323|0.000000|0.581019|0.527955|0.183842|0.447523|1.298300|1.091249|0.000000|56.000000|0.444586|nan|0.000000|0.320813|0.777778|-0.194355|9.000000|0.000000|2.019448|0.356260|0.356260|1.000000|0.382282|20200323.000000|20200323.000000|20200529.000000|20150609.000000|20160509.000000|20241231.000000
WK3|2015-11-01|0.485745|0.572726|1.019192|0.848128|1.647063|4.026107|6.000000|0.648796|0.766979|0.976258|1.494662|0.771749|0.661129|0.461179|1.344523|1.204140|0.000000|0.642026|0.587424|0.444491|0.572726|1.121000|1.163849|0.000000|50.000000|0.444491|nan|0.000000|0.348674|0.777778|-0.159606|9.000000|0.000000|2.031791|0.360170|0.360170|1.000000|0.487042|20211116.000000|20211116.000000|20241231.000000|20200114.000000|20200323.000000|20241231.000000
WK3|2016-05-01|0.645118|0.446428|1.255928|1.445065|1.668362|4.340229|7.000000|0.605665|0.729364|0.864148|1.383670|0.543901|0.665496|0.443562|1.577771|1.244008|0.000000|0.692289|0.654337|0.523943|0.446428|1.550727|1.223169|0.000000|44.000000|0.523943|nan|0.000000|0.473401|0.875000|-0.144769|8.000000|0.000000|1.869909|0.304779|0.304779|1.000000|0.647320|20200323.000000|20200323.000000|20241231.000000|20200114.000000|20200323.000000|20241231.000000
XC4|2009-11-01|0.257058|0.694504|0.660409|0.370132|1.613298|3.693683|6.000000|0.675770|1.008192|1.243300|1.466977|0.800110|0.306245|0.454990|0.708722|0.721962|0.082192|0.288357|0.158384|-0.034240|0.540602|0.442446|0.683065|0.040984|122.000000|0.286604|0.290240|62.000000|0.243088|0.733333|-0.277082|15.000000|0.000000|1.790251|0.273845|0.273845|0.982908|0.258040|20150824.000000|20150824.000000|20160229.000000|20150612.000000|20160616.000000|20241231.000000
XC4|2010-05-01|0.261197|0.698764|0.665896|0.373799|1.649348|3.297426|6.000000|0.689792|1.029697|1.244059|1.457378|0.792926|0.294122|0.457849|0.692092|0.712975|0.092857|0.288852|0.180878|-0.033553|0.644624|0.482148|0.699391|0.034483|116.000000|0.303460|0.285386|56.000000|0.299707|0.642857|-0.276843|14.000000|0.000000|1.857523|0.300143|0.300143|1.000000|0.262293|20150824.000000|20150824.000000|20160229.000000|20150612.000000|20160616.000000|20241231.000000
XC4|2010-11-01|0.270463|0.728236|0.676375|0.371395|1.605714|4.007765|6.000000|0.674211|0.989699|1.232759|1.441285|0.816237|0.410236|0.450031|0.948677|0.867847|0.097015|0.347744|0.205769|-0.059027|0.669980|0.477515|0.765587|0.081818|110.000000|0.364966|0.363556|50.000000|0.308994|0.785714|-0.313561|14.000000|0.000000|1.868628|0.304302|0.304302|1.000000|0.271383|20150824.000000|20150824.000000|20160630.000000|20150609.000000|20160616.000000|20241231.000000
XC4|2011-05-01|0.248712|0.724759|0.647482|0.343165|1.584916|3.245478|6.000000|0.689617|0.996947|1.218891|1.464956|0.736133|0.309674|0.424796|0.732303|0.763946|0.054688|0.309465|0.216188|-0.030410|0.463321|0.606775|0.730943|0.028846|104.000000|0.306952|0.290586|44.000000|0.226267|0.769231|-0.283496|13.000000|0.000000|1.882914|0.309581|0.309581|1.000000|0.249560|20150824.000000|20150824.000000|20160531.000000|20150609.000000|20160616.000000|20241231.000000
XC4|2011-11-01|0.269107|0.723458|0.680526|0.371973|1.637887|3.207591|6.000000|0.692611|0.989511|1.213153|1.463912|0.769597|0.329391|0.462936|0.792776|0.777851|0.049180|0.314848|0.236048|0.043845|0.462936|0.673015|0.738075|0.000000|98.000000|0.300272|0.297827|38.000000|0.227241|0.846154|-0.296155|13.000000|0.000000|1.860942|0.301429|0.301429|1.000000|0.270202|20150824.000000|20150824.000000|20161230.000000|20150609.000000|20160616.000000|20241231.000000
XC4|2012-05-01|0.271448|0.733318|0.680078|0.370164|1.664757|3.332369|6.000000|0.669129|1.026278|1.257380|1.463079|0.776513|0.338651|0.464637|0.804534|0.787848|0.060345|0.333819|0.237369|0.072140|0.464637|0.734243|0.778357|0.000000|92.000000|0.305410|0.307156|32.000000|0.349945|0.750000|-0.304794|12.000000|0.000000|1.871314|0.305301|0.305301|1.000000|0.272274|20150824.000000|20150824.000000|20170531.000000|20150609.000000|20160616.000000|20241231.000000
XC4|2012-11-01|0.422275|0.692142|0.894331|0.610098|1.685742|3.943469|6.000000|0.657810|0.883530|1.081655|1.442474|0.781123|0.500574|0.461926|1.112987|1.013477|0.018182|0.510628|0.431420|0.232023|0.461926|1.106702|1.000814|0.000000|86.000000|0.438707|0.471181|26.000000|0.361342|0.750000|-0.182997|12.000000|0.000000|1.713700|0.241408|0.241408|1.000000|0.424153|20150825.000000|20150825.000000|20200630.000000|20150609.000000|20160201.000000|20241231.000000
XC4|2013-05-01|0.417767|0.666333|0.890053|0.626964|1.682327|4.017413|7.000000|0.641135|0.827114|0.991063|1.462037|0.734061|0.522435|0.473658|1.179368|1.063783|0.009615|0.555818|0.424830|0.224630|0.473658|1.173460|1.062733|0.000000|80.000000|0.451334|0.467363|20.000000|0.365557|0.818182|-0.149436|11.000000|0.000000|1.709886|0.239715|0.239715|1.000000|0.418900|20150825.000000|20150825.000000|20200529.000000|20150609.000000|20160201.000000|20241231.000000
XC4|2013-11-01|0.425458|0.618246|0.901834|0.688170|1.675764|4.621501|6.000000|0.639842|0.782939|0.938729|1.497877|0.723326|0.517053|0.555731|1.110473|1.035154|0.000000|0.516229|0.404501|0.174648|0.555731|0.928919|1.020252|0.000000|74.000000|0.434584|0.467471|14.000000|0.244432|0.818182|-0.171520|11.000000|0.000000|1.937365|0.328985|0.328985|1.000000|0.426434|20200323.000000|20200323.000000|20200430.000000|20150612.000000|20160225.000000|20241231.000000
XC4|2014-05-01|0.392808|0.723905|0.855955|0.542624|1.664805|5.328053|6.000000|0.657729|1.015753|1.234156|1.490901|0.783898|0.521360|0.449194|1.189912|1.023194|0.010870|0.528702|0.360979|0.115778|0.449194|1.185989|1.042585|0.000000|68.000000|0.342050|0.400551|8.000000|0.355395|0.700000|-0.312068|10.000000|0.000000|1.879656|0.308384|0.308384|1.000000|0.393459|20150824.000000|20150824.000000|20200430.000000|20150609.000000|20160616.000000|20241231.000000
XC4|2014-11-01|0.386226|0.800137|0.844075|0.482700|1.648308|4.789092|7.000000|0.629165|0.728921|0.995166|1.462333|0.716134|0.500382|0.510480|1.074498|0.994402|0.000000|0.479372|0.410571|0.084575|0.517980|0.925465|0.962059|0.000000|62.000000|0.331386|0.350469|2.000000|0.318015|0.700000|-0.430988|10.000000|0.000000|1.841480|0.294046|0.294046|1.000000|0.387156|20150824.000000|20150824.000000|20200430.000000|20150609.000000|20160510.000000|20241231.000000
XC4|2015-05-01|0.424526|0.620441|0.932045|0.684233|1.583610|4.155884|7.000000|0.628798|0.722940|0.988022|1.463123|0.697674|0.586418|0.455365|1.193526|1.106211|0.000000|0.581534|0.501243|0.183493|0.560521|1.037488|1.079310|0.000000|56.000000|0.462902|nan|0.000000|0.461699|0.777778|-0.137780|9.000000|0.000000|1.877213|0.307484|0.307484|1.000000|0.425490|20200323.000000|20200323.000000|20200529.000000|20150609.000000|20160518.000000|20241231.000000
XC4|2015-11-01|0.514354|0.567055|1.061265|0.907062|1.642801|4.718865|7.000000|0.636528|0.727668|0.994279|1.449029|0.737668|0.636722|0.447420|1.297899|1.164189|0.000000|0.608504|0.539424|0.462059|0.567055|1.073094|1.119790|0.000000|50.000000|0.472267|nan|0.000000|0.377241|0.777778|-0.129226|9.000000|0.000000|1.862120|0.301871|0.301871|1.000000|0.515739|20200323.000000|20200323.000000|20230131.000000|20200114.000000|20200323.000000|20241231.000000
XC4|2016-05-01|0.568249|0.451350|1.158885|1.258997|1.670557|4.039916|6.000000|0.624905|0.728238|0.841115|1.451438|0.711438|0.550546|0.449864|1.238200|1.075663|0.000000|0.552643|0.504796|0.413534|0.451350|1.224420|1.081331|0.000000|44.000000|0.436274|nan|0.000000|0.488622|0.875000|-0.151879|8.000000|0.000000|1.862882|0.302157|0.302157|1.000000|0.570146|20200323.000000|20200323.000000|20230131.000000|20210922.000000|20211116.000000|20241231.000000
#EX5|2011-11-01|601088,002128,000651,000338,600585
EX5:BASE|2009-11-01|0.224900|0.727017|0.630497|0.309346|1.462314|5.223865|6.000000|0.613261|0.716389|0.897199|1.307385|0.599103|0.313613|0.523186|0.592462|0.775775|0.164384|0.330416|0.121657|-0.131734|0.663897|0.512823|0.790288|0.098361|122.000000|0.255995|0.310079|62.000000|0.220352|0.733333|-0.384801|15.000000|0.000000|1.712351|0.240810|0.240810|0.982908|0.225748|20200323.000000|20200323.000000|20160229.000000|20101025.000000|20121129.000000|20241231.000000
EX5:BASE|2010-05-01|0.227541|0.727089|0.633078|0.312948|1.467371|5.570079|6.000000|0.613087|0.718004|0.923742|1.343136|0.592861|0.321847|0.507138|0.532150|0.756462|0.128571|0.306719|0.155904|-0.134911|0.690340|0.459216|0.747167|0.112069|116.000000|0.343197|0.329026|56.000000|0.328072|0.714286|-0.384704|14.000000|0.000000|1.736175|0.251227|0.251227|1.000000|0.228483|20200323.000000|20200323.000000|20160229.000000|20101025.000000|20121129.000000|20241231.000000
EX5:BASE|2010-11-01|0.266614|0.687716|0.713097|0.387680|1.400571|5.391420|6.000000|0.611278|0.715446|1.046490|1.369952|0.577040|0.337908|0.506360|0.604769|0.810319|0.067164|0.336711|0.255401|-0.032612|0.646984|0.529056|0.790715|0.018182|110.000000|0.355243|0.334087|50.000000|0.270300|0.714286|-0.254263|14.000000|0.000000|1.737122|0.251636|0.251636|1.000000|0.267519|20200323.000000|20200323.000000|20160229.000000|20150612.000000|20160229.000000|20241231.000000
EX5:BASE|2011-05-01|0.269324|0.692815|0.714273|0.388739|1.427882|5.208369|7.000000|0.608649|0.712760|1.087426|1.344763|0.551536|0.348788|0.506552|0.629353|0.798173|0.023438|0.325362|0.260981|0.013574|0.506552|0.530787|0.777670|0.000000|104.000000|0.332561|0.324935|44.000000|0.374757|0.769231|-0.264502|13.000000|0.000000|1.736561|0.251394|0.251394|1.000000|0.270251|20150708.000000|20150708.000000|20160531.000000|20150612.000000|20160229.000000|20241231.000000
EX5:BASE|2011-11-01|0.282182|0.699392|0.736967|0.403467|1.494372|4.228346|6.000000|0.609311|0.711746|1.105192|1.397007|0.560256|0.368515|0.503741|0.696683|0.833093|0.000000|0.335040|0.274703|0.031909|0.503741|0.562237|0.800581|0.000000|98.000000|0.329778|0.332751|38.000000|0.194928|0.769231|-0.306591|13.000000|0.000000|1.718221|0.243404|0.243404|1.000000|0.283335|20150708.000000|20150708.000000|20161230.000000|20150612.000000|20160510.000000|20241231.000000
EX5:BASE|2012-05-01|0.317525|0.698141|0.792092|0.454816|1.522082|5.818505|6.000000|0.620109|0.715962|1.120937|1.385071|0.620261|0.384540|0.503844|0.758682|0.911114|0.000000|0.352074|0.299783|0.042662|0.503844|0.628106|0.845497|0.000000|92.000000|0.338262|0.356737|32.000000|0.440137|0.833333|-0.306711|12.000000|0.000000|1.717601|0.243130|0.243130|1.000000|0.318508|20150708.000000|20150708.000000|20200529.000000|20150612.000000|20160510.000000|20241231.000000
EX5:BASE|2012-11-01|0.425381|0.657113|0.971752|0.647349|1.573524|3.943665|7.000000|0.608460|0.711849|1.001135|1.406581|0.571380|0.460111|0.498015|0.923126|1.037537|0.000000|0.440468|0.378536|0.139824|0.498015|0.752669|0.969447|0.000000|86.000000|0.405694|0.424292|26.000000|0.409467|0.833333|-0.088126|12.000000|0.000000|1.744401|0.254759|0.254759|1.000000|0.427276|20150825.000000|20150825.000000|20200529.000000|20150612.000000|20160229.000000|20241231.000000
EX5:BASE|2013-05-01|0.332169|0.624962|0.839968|0.531502|1.544331|5.307776|6.000000|0.604153|0.676056|0.803078|1.334602|0.525889|0.391527|0.512999|0.837021|0.948515|0.000000|0.367111|0.273012|0.042340|0.512999|0.709425|0.929337|0.000000|80.000000|0.356300|0.362010|20.000000|0.407325|0.818182|-0.278525|11.000000|0.000000|1.727300|0.247380|0.247380|1.000000|0.333043|20200323.000000|20200323.000000|20200529.000000|20150615.000000|20160229.000000|20241231.000000
EX5:BASE|2013-11-01|0.338249|0.630794|0.824165|0.536228|1.604439|5.300008|6.000000|0.592407|0.707939|0.928100|1.375312|0.469095|0.366406|0.535818|0.758221|0.918842|0.000000|0.365696|0.259021|0.039591|0.535818|0.682500|0.927584|0.000000|74.000000|0.332914|0.370240|14.000000|0.410575|0.818182|-0.210836|11.000000|0.000000|1.699944|0.235269|0.235269|1.000000|0.339002|20200323.000000|20200323.000000|20200529.000000|20150615.000000|20160229.000000|20241231.000000
EX5:BASE|2014-05-01|0.391190|0.741669|0.890306|0.527446|1.584196|4.023646|7.000000|0.589887|0.728360|0.906674|1.400386|0.458783|0.415251|0.507514|0.981915|1.070820|0.000000|0.405680|0.278332|-0.000371|0.507514|0.799347|1.013150|0.014706|68.000000|0.337868|0.376438|8.000000|0.414076|0.800000|-0.300660|10.000000|0.000000|1.594520|0.184707|0.184707|1.000000|0.391838|20150824.000000|20150824.000000|20200529.000000|20150612.000000|20160229.000000|20241231.000000
EX5:BASE|2014-11-01|0.377979|0.724427|0.886778|0.521763|1.554715|3.446113|7.000000|0.600941|0.687655|0.802405|1.328404|0.508290|0.429828|0.477812|0.944177|1.047600|0.000000|0.420230|0.304763|0.046443|0.492175|0.853821|1.049901|0.000000|62.000000|0.320366|0.335470|2.000000|0.375894|0.700000|-0.189729|10.000000|0.000000|1.758181|0.260600|0.260600|1.000000|0.378886|20150824.000000|20150824.000000|20200529.000000|20150612.000000|20160128.000000|20241231.000000
EX5:BASE|2015-05-01|0.336545|0.500227|0.917705|0.672785|1.427202|3.910755|6.000000|0.592812|0.701605|0.805231|1.400269|0.452381|0.429392|0.474296|0.979867|1.090082|0.000000|0.428886|0.332444|0.130197|0.500227|0.857383|1.062528|0.000000|56.000000|0.424085|nan|0.000000|0.437614|0.777778|-0.308683|9.000000|0.000000|1.746417|0.255619|0.255619|1.000000|0.337287|20200323.000000|20200323.000000|20200529.000000|20200114.000000|20200323.000000|20241231.000000
EX5:BASE|2015-11-01|0.387245|0.499936|1.001005|0.774589|1.502211|4.104341|6.000000|0.595347|0.697430|0.805941|1.413375|0.468509|0.469503|0.447521|1.113420|1.167914|0.000000|0.467381|0.385109|0.271653|0.499936|0.934881|1.126378|0.000000|50.000000|0.457626|nan|0.000000|0.442545|0.777778|-0.306192|9.000000|0.000000|1.747245|0.255972|0.255972|1.000000|0.388246|20200323.000000|20200323.000000|20201231.000000|20200114.000000|20200323.000000|20241231.000000
EX5:BASE|2016-05-01|0.490043|0.498921|1.228142|0.982207|1.506485|3.578213|7.000000|0.587032|0.702052|0.801569|1.355289|0.403892|0.462404|0.486225|1.071616|1.134829|0.000000|0.459532|0.391474|0.281024|0.498921|0.921052|1.124949|0.000000|44.000000|0.445084|nan|0.000000|0.508695|0.875000|-0.099404|8.000000|0.000000|1.748119|0.256343|0.256343|1.000000|0.491641|20200323.000000|20200323.000000|20230131.000000|20200114.000000|20200323.000000|20241231.000000
EX5:SLP5|2009-11-01|0.252322|0.727017|0.682219|0.347064|1.471296|4.615255|7.000000|0.616336|0.760916|0.999959|1.296463|0.604990|0.369879|0.529004|0.718131|0.869367|0.157534|0.371939|0.161298|-0.097528|0.618614|0.646526|0.884433|0.065574|122.000000|0.310614|0.341515|62.000000|0.220624|0.733333|-0.384801|15.000000|0.000000|1.703406|0.236823|0.236823|0.982908|0.253283|20200323.000000|20200323.000000|20160229.000000|20101025.000000|20121129.000000|20241231.000000
EX5:SLP5|2010-05-01|0.263227|0.727089|0.698133|0.362028|1.511902|4.346692|7.000000|0.612686|0.786814|1.025798|1.326622|0.587638|0.373741|0.520594|0.733480|0.891385|0.121429|0.367579|0.243999|-0.102245|0.629949|0.631057|0.864566|0.060345|116.000000|0.383262|0.357644|56.000000|0.299854|0.714286|-0.384704|14.000000|0.000000|1.739602|0.252703|0.252703|1.000000|0.264331|20200323.000000|20200323.000000|20160229.000000|20101025.000000|20121129.000000|20241231.000000
EX5:SLP5|2010-11-01|0.277866|0.636507|0.737628|0.436549|1.423058|5.248876|7.000000|0.604002|0.726446|0.949958|1.283037|0.521315|0.357221|0.519574|0.698753|0.883568|0.059701|0.367591|0.264984|0.035164|0.603567|0.651625|0.876862|0.000000|110.000000|0.355927|0.345763|50.000000|0.262091|0.714286|-0.235134|14.000000|0.000000|1.613206|0.194151|0.194151|1.000000|0.278814|20150825.000000|20150825.000000|20160229.000000|20150612.000000|20150825.000000|20241231.000000
EX5:SLP5|2011-05-01|0.314187|0.617133|0.808249|0.509107|1.463441|5.208194|7.000000|0.608746|0.745040|0.992657|1.316115|0.554097|0.397793|0.520966|0.799080|0.916916|0.015625|0.386785|0.318331|0.089672|0.520966|0.668468|0.893332|0.000000|104.000000|0.379551|0.380272|44.000000|0.485827|0.769231|-0.235984|13.000000|0.000000|1.739243|0.252548|0.252548|1.000000|0.315285|20200323.000000|20200323.000000|20200529.000000|20150612.000000|20160229.000000|20241231.000000
EX5:SLP5|2011-11-01|0.292236|0.643071|0.764007|0.454438|1.511397|5.002778|6.000000|0.609654|0.764484|1.022110|1.287861|0.558333|0.347727|0.527159|0.673962|0.860258|0.000000|0.355243|0.283284|0.069185|0.527159|0.589902|0.829247|0.000000|98.000000|0.330853|0.330579|38.000000|0.231720|0.769231|-0.235186|13.000000|0.000000|1.727031|0.247263|0.247263|1.000000|0.293435|20200323.000000|20200323.000000|20200529.000000|20150612.000000|20150825.000000|20241231.000000
EX5:SLP5|2012-05-01|0.373740|0.638740|0.889794|0.585121|1.563218|4.448802|7.000000|0.610059|0.718050|0.971779|1.279231|0.548039|0.433222|0.524402|0.851540|0.967523|0.000000|0.404744|0.342802|0.101659|0.524402|0.680889|0.914520|0.000000|92.000000|0.392221|0.402869|32.000000|0.440222|0.833333|-0.174391|12.000000|0.000000|1.610016|0.192555|0.192555|1.000000|0.374920|20150825.000000|20150825.000000|20200529.000000|20150612.000000|20150825.000000|20241231.000000
EX5:SLP5|2012-11-01|0.388488|0.621641|0.927175|0.624939|1.588064|4.632096|7.000000|0.610841|0.748498|0.986080|1.316049|0.555782|0.366030|0.520956|0.743076|0.908362|0.000000|0.371212|0.309349|0.086276|0.520956|0.653723|0.882061|0.000000|86.000000|0.340608|0.355256|26.000000|0.398739|0.833333|-0.126326|12.000000|0.000000|1.735556|0.250960|0.250960|1.000000|0.390197|20200323.000000|20200323.000000|20200529.000000|20150612.000000|20150825.000000|20241231.000000
EX5:SLP5|2013-05-01|0.346535|0.604591|0.851461|0.573172|1.571164|4.376203|7.000000|0.585026|0.672034|0.829451|1.301907|0.415287|0.413029|0.513617|0.866626|1.001247|0.000000|0.362657|0.310213|0.097283|0.513617|0.677694|0.907393|0.000000|80.000000|0.374708|0.384340|20.000000|0.382270|0.818182|-0.146040|11.000000|0.000000|1.753671|0.258698|0.258698|1.000000|0.347452|20200323.000000|20200323.000000|20200529.000000|20150612.000000|20160229.000000|20241231.000000
EX5:SLP5|2013-11-01|0.407331|0.614068|0.944506|0.663332|1.586335|4.529117|7.000000|0.603345|0.746366|0.882079|1.337809|0.516924|0.445934|0.520315|0.934844|1.032062|0.000000|0.401610|0.325853|0.096007|0.520315|0.763400|0.962740|0.000000|74.000000|0.410537|0.434862|14.000000|0.473078|0.818182|-0.131247|11.000000|0.000000|1.737439|0.251772|0.251772|1.000000|0.408260|20200323.000000|20200323.000000|20200529.000000|20150615.000000|20160229.000000|20241231.000000
EX5:SLP5|2014-05-01|0.416192|0.728221|0.936700|0.571518|1.595732|4.422090|7.000000|0.591948|0.780497|0.865991|1.310749|0.469183|0.452781|0.518571|0.942656|1.053555|0.000000|0.396694|0.313501|0.030338|0.518571|0.764975|0.972242|0.000000|68.000000|0.365674|0.399416|8.000000|0.410761|0.800000|-0.156727|10.000000|0.000000|1.579015|0.176702|0.176702|1.000000|0.416887|20150824.000000|20150824.000000|20200529.000000|20150612.000000|20160229.000000|20241231.000000
EX5:SLP5|2014-11-01|0.424011|0.724886|0.968515|0.584935|1.540270|3.920731|6.000000|0.588378|0.706767|0.908182|1.276638|0.451678|0.476479|0.456826|1.173274|1.166421|0.000000|0.451393|0.361809|0.093946|0.472775|0.954774|1.079495|0.000000|62.000000|0.362233|0.376901|2.000000|0.384707|0.700000|-0.257005|10.000000|0.000000|1.669399|0.221277|0.221277|1.000000|0.425045|20150825.000000|20150825.000000|20200529.000000|20150612.000000|20160128.000000|20241231.000000
EX5:SLP5|2015-05-01|0.324057|0.499658|0.903901|0.648559|1.402125|4.589569|7.000000|0.567888|0.701867|0.801719|1.308361|0.411500|0.401598|0.445108|0.880870|1.015468|0.000000|0.391361|0.309735|0.128844|0.499658|0.783258|1.004145|0.000000|56.000000|0.403373|nan|0.000000|0.456428|0.777778|-0.264481|9.000000|0.000000|1.749507|0.256934|0.256934|1.000000|0.324768|20200323.000000|20200323.000000|20200529.000000|20200114.000000|20200323.000000|20241231.000000
EX5:SLP5|2015-11-01|0.329483|0.504231|0.929574|0.653438|1.493062|3.746003|7.000000|0.556431|0.704596|0.801297|1.305762|0.371998|0.357666|0.426972|0.738051|0.912127|0.000000|0.354226|0.280988|0.181440|0.504231|0.702508|0.958667|0.000000|50.000000|0.356603|nan|0.000000|0.390376|0.777778|-0.257028|9.000000|0.000000|1.743087|0.254197|0.254197|1.000000|0.330318|20200323.000000|20200323.000000|20230131.000000|20200114.000000|20200323.000000|20241231.000000
EX5:SLP5|2016-05-01|0.486924|0.496387|1.187870|0.980937|1.496869|4.562114|7.000000|0.590551|0.719485|0.920248|1.374609|0.464167|0.446854|0.484330|1.057863|1.070186|0.000000|0.443474|0.381081|0.275292|0.496387|0.893404|1.043849|0.000000|44.000000|0.444240|nan|0.000000|0.526972|0.875000|-0.099453|8.000000|0.000000|1.754505|0.259050|0.259050|1.000000|0.488510|20200323.000000|20200323.000000|20230131.000000|20200114.000000|20200323.000000|20241231.000000
EX5:WK3|2009-11-01|0.171387|0.727017|0.516991|0.235741|1.478215|5.560349|7.000000|0.616856|0.729450|1.087791|1.312050|0.588169|0.264980|0.533765|0.491390|0.703910|0.164384|0.261122|0.125342|-0.130312|0.665983|0.445591|0.697107|0.098361|122.000000|0.233414|0.232414|62.000000|0.183089|0.733333|-0.384801|15.000000|0.000000|1.696539|0.233734|0.233734|0.982908|0.172020|20200323.000000|20200323.000000|20160229.000000|20101025.000000|20121129.000000|20241231.000000
EX5:WK3|2010-05-01|0.198359|0.727089|0.569488|0.272813|1.524397|3.782578|7.000000|0.606771|0.738886|1.076230|1.364667|0.542078|0.286534|0.531461|0.471047|0.705889|0.128571|0.272366|0.143848|-0.133824|0.675909|0.419588|0.681937|0.120690|116.000000|0.294137|0.268209|56.000000|0.179790|0.714286|-0.384704|14.000000|0.000000|1.696833|0.233867|0.233867|1.000000|0.199171|20150708.000000|20150708.000000|20160229.000000|20101025.000000|20121129.000000|20241231.000000
EX5:WK3|2010-11-01|0.226994|0.656491|0.640392|0.345768|1.413024|5.356001|7.000000|0.612051|0.716544|0.960347|1.314813|0.568819|0.297283|0.531839|0.543151|0.747883|0.067164|0.292775|0.211548|-0.013781|0.619222|0.499795|0.752861|0.009091|110.000000|0.294206|0.275019|50.000000|0.203579|0.714286|-0.235134|14.000000|0.000000|1.706333|0.238132|0.238132|1.000000|0.227752|20200323.000000|20200323.000000|20160229.000000|20150612.000000|20160229.000000|20241231.000000
EX5:WK3|2011-05-01|0.270606|0.645670|0.731830|0.419109|1.453781|4.918370|6.000000|0.611046|0.728766|0.964824|1.297697|0.558579|0.344400|0.526781|0.660036|0.848571|0.015625|0.338754|0.275260|0.067793|0.526781|0.572505|0.833360|0.000000|104.000000|0.332310|0.323673|44.000000|0.200716|0.769231|-0.235984|13.000000|0.000000|1.713699|0.241407|0.241407|1.000000|0.271537|20200323.000000|20200323.000000|20160531.000000|20150612.000000|20160229.000000|20241231.000000
EX5:WK3|2011-11-01|0.271976|0.649461|0.732076|0.418772|1.497802|4.894236|7.000000|0.609714|0.725291|0.931261|1.323626|0.548718|0.340279|0.526952|0.633851|0.833993|0.000000|0.324591|0.258707|0.038806|0.526952|0.528884|0.795201|0.000000|98.000000|0.321193|0.318877|38.000000|0.196848|0.769231|-0.235186|13.000000|0.000000|1.713474|0.241307|0.241307|1.000000|0.273084|20200323.000000|20200323.000000|20200529.000000|20150612.000000|20160229.000000|20241231.000000
EX5:WK3|2012-05-01|0.310959|0.676437|0.784396|0.459702|1.576130|4.053140|7.000000|0.605138|0.737820|1.057130|1.353407|0.526471|0.320066|0.530912|0.693884|0.818421|0.000000|0.327932|0.249791|-0.000674|0.530912|0.580902|0.813877|0.010870|92.000000|0.335275|0.340874|32.000000|0.409570|0.833333|-0.293104|12.000000|0.000000|1.687566|0.229660|0.229660|1.000000|0.311919|20150708.000000|20150708.000000|20200529.000000|20150612.000000|20160229.000000|20241231.000000
EX5:WK3|2012-11-01|0.371216|0.657827|0.882644|0.564306|1.608236|4.633767|7.000000|0.596903|0.730305|0.986895|1.319250|0.490675|0.347848|0.534342|0.662985|0.816169|0.000000|0.343185|0.270380|0.019560|0.534342|0.604045|0.853232|0.000000|86.000000|0.334631|0.351429|26.000000|0.440704|0.833333|-0.183158|12.000000|0.000000|1.712511|0.240881|0.240881|1.000000|0.372839|20200323.000000|20200323.000000|20200529.000000|20150612.000000|20160229.000000|20241231.000000
EX5:WK3|2013-05-01|0.316560|0.631512|0.801289|0.501272|1.583819|4.067549|7.000000|0.590894|0.681148|0.815967|1.287271|0.449806|0.372028|0.523140|0.726748|0.937018|0.000000|0.334901|0.284711|0.078004|0.523140|0.603268|0.849459|0.000000|80.000000|0.331029|0.350325|20.000000|0.438149|0.818182|-0.191511|11.000000|0.000000|1.718991|0.243742|0.243742|1.000000|0.317389|20200323.000000|20200323.000000|20200529.000000|20150612.000000|20160229.000000|20241231.000000
EX5:WK3|2013-11-01|0.333801|0.655642|0.823997|0.509121|1.569833|3.727706|7.000000|0.603441|0.704965|0.874088|1.381302|0.518028|0.379915|0.502116|0.774295|0.960410|0.000000|0.343393|0.281664|0.067156|0.502116|0.653476|0.876627|0.000000|74.000000|0.326340|0.359085|14.000000|0.397589|0.818182|-0.245937|11.000000|0.000000|1.750383|0.257305|0.257305|1.000000|0.334543|20200323.000000|20200323.000000|20200529.000000|20150615.000000|20160229.000000|20241231.000000
EX5:WK3|2014-05-01|0.355855|0.748005|0.869019|0.475738|1.563237|3.877776|7.000000|0.593557|0.719242|0.908658|1.313415|0.474576|0.372419|0.514434|0.750466|0.961767|0.000000|0.331390|0.266639|0.004126|0.514434|0.644184|0.899688|0.000000|68.000000|0.298190|0.338289|8.000000|0.325312|0.700000|-0.230941|10.000000|0.000000|1.732539|0.249656|0.249656|1.000000|0.356437|20200323.000000|20200323.000000|20200529.000000|20150612.000000|20160229.000000|20241231.000000
EX5:WK3|2014-11-01|0.352227|0.709355|0.861886|0.496546|1.543852|3.701966|7.000000|0.592139|0.687239|0.811284|1.262515|0.457744|0.327764|0.469082|0.667217|0.846383|0.000000|0.327297|0.252701|0.070727|0.485308|0.674412|0.909300|0.000000|62.000000|0.289548|0.304885|2.000000|0.312012|0.700000|-0.183241|10.000000|0.000000|1.768476|0.264904|0.264904|1.000000|0.353066|20200323.000000|20200323.000000|20200529.000000|20150612.000000|20160128.000000|20241231.000000
EX5:WK3|2015-05-01|0.291753|0.499762|0.834005|0.583785|1.400377|5.526318|7.000000|0.585552|0.696266|0.805630|1.341667|0.454178|0.366985|0.467349|0.756720|0.935469|0.000000|0.359067|0.277484|0.113503|0.499762|0.718477|0.966106|0.000000|56.000000|0.353338|nan|0.000000|0.490972|0.777778|-0.303208|9.000000|0.000000|1.754078|0.258870|0.258870|1.000000|0.292386|20200323.000000|20200323.000000|20200529.000000|20200114.000000|20200323.000000|20241231.000000
EX5:WK3|2015-11-01|0.369943|0.499469|0.962861|0.740673|1.491403|4.945015|7.000000|0.585554|0.695362|0.863296|1.366404|0.452651|0.452081|0.441592|1.112848|1.133633|0.000000|0.449545|0.387472|0.261614|0.499469|0.900046|1.087432|0.000000|50.000000|0.446071|nan|0.000000|0.490241|0.777778|-0.298652|9.000000|0.000000|1.754903|0.259218|0.259218|1.000000|0.370894|20200323.000000|20200323.000000|20201231.000000|20200114.000000|20200323.000000|20241231.000000
EX5:WK3|2016-05-01|0.450501|0.495099|1.148077|0.909919|1.519287|3.711514|7.000000|0.588353|0.715961|0.859519|1.378921|0.453251|0.409067|0.481055|0.883186|0.996013|0.000000|0.397943|0.334852|0.226698|0.495099|0.803763|1.013421|0.000000|44.000000|0.384397|nan|0.000000|0.493532|0.875000|-0.099856|8.000000|0.000000|1.760998|0.261782|0.261782|1.000000|0.451951|20200323.000000|20200323.000000|20230131.000000|20200114.000000|20200323.000000|20241231.000000
EX5:XC4|2009-11-01|0.216961|0.727017|0.606871|0.298426|1.467187|5.218753|6.000000|0.612953|0.715997|1.053544|1.343124|0.592094|0.296654|0.527981|0.488326|0.705124|0.164384|0.296660|0.116664|-0.137984|0.679200|0.451946|0.712056|0.106557|122.000000|0.223862|0.295198|62.000000|0.158750|0.733333|-0.384801|15.000000|0.000000|1.705725|0.237861|0.237861|0.982908|0.217777|20200323.000000|20200323.000000|20160229.000000|20101025.000000|20121129.000000|20241231.000000
EX5:XC4|2010-05-01|0.246056|0.727089|0.662429|0.338413|1.492145|4.167036|6.000000|0.607192|0.712540|1.050900|1.384016|0.567324|0.324585|0.497002|0.574496|0.775679|0.128571|0.340861|0.189831|-0.140286|0.682357|0.527040|0.789926|0.103448|116.000000|0.372389|0.340034|56.000000|0.321914|0.714286|-0.384704|14.000000|0.000000|1.739874|0.252820|0.252820|1.000000|0.247082|20150708.000000|20150708.000000|20160229.000000|20101025.000000|20121129.000000|20241231.000000
EX5:XC4|2010-11-01|0.268551|0.690225|0.717370|0.389078|1.390259|5.282563|6.000000|0.600306|0.702819|1.176588|1.336761|0.501523|0.338851|0.506324|0.576149|0.787151|0.067164|0.334754|0.253797|-0.024018|0.657045|0.518189|0.782430|0.009091|110.000000|0.356747|0.338182|50.000000|0.312101|0.714286|-0.276793|14.000000|0.000000|1.675039|0.223899|0.223899|1.000000|0.269464|20150708.000000|20150708.000000|20160229.000000|20150612.000000|20150825.000000|20241231.000000
EX5:XC4|2011-05-01|0.269210|0.643199|0.732649|0.418549|1.447813|4.595012|7.000000|0.601882|0.692438|0.872969|1.317270|0.513444|0.354135|0.511356|0.661055|0.860228|0.015625|0.341464|0.262145|0.040358|0.511356|0.565170|0.824778|0.000000|104.000000|0.330026|0.331845|44.000000|0.198616|0.769231|-0.236540|13.000000|0.000000|1.729742|0.248443|0.248443|1.000000|0.270136|20200323.000000|20200323.000000|20160531.000000|20150612.000000|20160229.000000|20241231.000000
EX5:XC4|2011-11-01|0.279702|0.664176|0.745847|0.421126|1.492245|5.444188|7.000000|0.608545|0.698338|0.907509|1.299348|0.557372|0.342916|0.513891|0.654127|0.853130|0.000000|0.328710|0.264599|0.035369|0.513891|0.539644|0.796790|0.000000|98.000000|0.329043|0.329030|38.000000|0.176125|0.769231|-0.235186|13.000000|0.000000|1.725753|0.246706|0.246706|1.000000|0.280845|20200323.000000|20200323.000000|20200529.000000|20150612.000000|20160229.000000|20241231.000000
EX5:XC4|2012-05-01|0.337567|0.678517|0.833762|0.497507|1.540669|3.274027|6.000000|0.600296|0.695530|1.028177|1.369929|0.502614|0.406077|0.495218|0.863931|0.971584|0.000000|0.365223|0.312446|0.055847|0.495218|0.659749|0.864202|0.000000|92.000000|0.365117|0.370270|32.000000|0.416245|0.833333|-0.283446|12.000000|0.000000|1.741906|0.253691|0.253691|1.000000|0.338619|20150708.000000|20150708.000000|20200529.000000|20150612.000000|20160229.000000|20241231.000000
EX5:XC4|2012-11-01|0.415521|0.650556|0.965329|0.638716|1.564623|4.100893|6.000000|0.608417|0.712518|0.991862|1.377225|0.571719|0.408810|0.486377|0.824485|0.986185|0.000000|0.420842|0.351471|0.159237|0.486377|0.750356|0.968035|0.000000|86.000000|0.390397|0.405059|26.000000|0.339520|0.833333|-0.087317|12.000000|0.000000|1.757461|0.260296|0.260296|1.000000|0.417365|20150825.000000|20150825.000000|20200529.000000|20150612.000000|20150825.000000|20241231.000000
EX5:XC4|2013-05-01|0.340220|0.664771|0.815565|0.511785|1.598997|5.035547|7.000000|0.603949|0.695208|0.917981|1.318094|0.528003|0.377498|0.524665|0.840250|0.943345|0.000000|0.354506|0.285875|0.040423|0.524665|0.662603|0.894747|0.000000|80.000000|0.348649|0.357386|20.000000|0.489460|0.818182|-0.263410|11.000000|0.000000|1.568718|0.171298|0.171298|1.000000|0.341118|20150825.000000|20150825.000000|20200529.000000|20150612.000000|20150825.000000|20241231.000000
EX5:XC4|2013-11-01|0.350573|0.627159|0.854412|0.558986|1.592344|3.872268|6.000000|0.599619|0.703733|0.917496|1.385729|0.497057|0.395021|0.520895|0.856249|1.001984|0.000000|0.359036|0.296194|0.081203|0.520895|0.669583|0.923259|0.000000|74.000000|0.346169|0.383297|14.000000|0.386739|0.818182|-0.154998|11.000000|0.000000|1.715369|0.242146|0.242146|1.000000|0.351357|20200323.000000|20200323.000000|20200529.000000|20150615.000000|20160229.000000|20241231.000000
EX5:XC4|2014-05-01|0.382602|0.737594|0.869146|0.518716|1.594408|5.264941|7.000000|0.602175|0.709634|0.828640|1.354040|0.510015|0.398348|0.519970|0.914045|1.000216|0.000000|0.388405|0.281288|0.003383|0.519970|0.746976|0.964565|0.000000|68.000000|0.326465|0.366240|8.000000|0.405242|0.800000|-0.265685|10.000000|0.000000|1.561679|0.167563|0.167563|1.000000|0.383234|20150824.000000|20150824.000000|20200529.000000|20150612.000000|20160229.000000|20241231.000000
EX5:XC4|2014-11-01|0.387819|0.723381|0.899038|0.536120|1.567177|5.115502|8.000000|0.598108|0.686911|0.801164|1.262429|0.485645|0.419129|0.498434|0.952272|1.063379|0.000000|0.425005|0.306517|0.041124|0.508887|0.835166|1.047360|0.000000|62.000000|0.330746|0.344595|2.000000|0.405231|0.700000|-0.198013|10.000000|0.000000|1.735995|0.251150|0.251150|1.000000|0.388753|20200323.000000|20200323.000000|20200529.000000|20150612.000000|20160229.000000|20241231.000000
EX5:XC4|2015-05-01|0.342350|0.499496|0.934642|0.685391|1.411900|3.612539|6.000000|0.587926|0.698777|0.811463|1.356399|0.432165|0.440794|0.460862|0.963024|1.067243|0.000000|0.427769|0.341497|0.138761|0.499496|0.856402|1.049780|0.000000|56.000000|0.426876|nan|0.000000|0.433832|0.777778|-0.267911|9.000000|0.000000|1.747715|0.256172|0.256172|1.000000|0.343106|20200323.000000|20200323.000000|20200529.000000|20200114.000000|20200323.000000|20241231.000000
EX5:XC4|2015-11-01|0.351254|0.499398|0.957787|0.703356|1.480255|4.036259|7.000000|0.587691|0.703614|0.799028|1.339804|0.420480|0.406229|0.432316|0.879867|1.004989|0.000000|0.399622|0.319346|0.224887|0.499398|0.800206|1.043505|0.000000|50.000000|0.377958|nan|0.000000|0.441651|0.777778|-0.257745|9.000000|0.000000|1.747776|0.256197|0.256197|1.000000|0.352151|20200323.000000|20200323.000000|20230131.000000|20200114.000000|20200323.000000|20241231.000000
EX5:XC4|2016-05-01|0.489378|0.501366|1.199728|0.976090|1.512918|4.981171|6.000000|0.603840|0.707681|0.804716|1.414643|0.527765|0.458387|0.489021|1.018258|1.120151|0.000000|0.453335|0.386589|0.269172|0.501366|0.904200|1.110244|0.000000|44.000000|0.443860|nan|0.000000|0.530383|0.875000|-0.099718|8.000000|0.000000|1.744403|0.254759|0.254759|1.000000|0.490973|20200323.000000|20200323.000000|20230131.000000|20200114.000000|20200323.000000|20241231.000000
