BASE|2009-11-01|0.314964|0.693960|0.604382|0.453864|1.620187|6.513478|6.000000|0.659951|0.999036|1.240627|1.427959|0.809630|0.345258|0.437173|0.826074|0.662208|0.072727|0.354410|0.200820|-0.043392|0.465111|0.761280|0.635717|0.042553|141.000000|0.461252|0.332922|81.000000|0.355592|0.750000|-0.277082|16.000000
BASE|2010-05-01|0.386654|0.663979|0.769709|0.582329|1.643964|6.919292|6.000000|0.661598|0.961168|1.241596|1.463840|0.774053|0.426251|0.431696|0.891936|0.818145|0.056604|0.436319|0.337015|-0.017465|0.451436|0.863560|0.854424|0.014815|135.000000|0.594415|0.421321|75.000000|0.387716|0.800000|-0.276843|15.000000
BASE|2010-11-01|0.324961|0.707306|0.633410|0.459434|1.612029|7.044267|6.000000|0.658376|0.925824|1.145085|1.401492|0.805978|0.369479|0.424419|0.905609|0.776198|0.084967|0.385978|0.209395|-0.061089|0.437072|0.917513|0.713867|0.069767|129.000000|0.462464|0.332224|69.000000|0.281902|0.800000|-0.316190|15.000000
BASE|2011-05-01|0.316556|0.702332|0.605391|0.450721|1.596396|6.706993|6.000000|0.662919|0.927899|1.126171|1.417640|0.806568|0.368996|0.441103|0.849744|0.731774|0.040816|0.391513|0.238177|-0.040188|0.452362|0.885366|0.739676|0.024390|123.000000|0.456260|0.336163|63.000000|0.360859|0.785714|-0.310331|14.000000
BASE|2011-11-01|0.360885|0.745172|0.689056|0.484297|1.640904|7.166607|7.000000|0.672308|1.011866|1.277698|1.430877|0.816775|0.388846|0.425505|0.968899|0.796228|0.042553|0.411019|0.249519|0.027506|0.433137|0.961479|0.782447|0.000000|117.000000|0.586368|0.339389|57.000000|0.386813|0.857143|-0.357911|14.000000
BASE|2012-05-01|0.364399|0.695070|0.701072|0.524262|1.655222|7.017899|6.000000|0.669655|0.896753|1.074116|1.457155|0.838320|0.406200|0.432282|0.863031|0.779368|0.029630|0.420243|0.341324|0.122458|0.463296|0.847484|0.766949|0.000000|111.000000|0.564410|0.392379|51.000000|0.368963|0.769231|-0.266259|13.000000
BASE|2012-11-01|0.462220|0.689124|0.869185|0.670735|1.694866|6.666922|6.000000|0.633093|0.877550|1.091374|1.480526|0.687909|0.524884|0.542830|1.076449|1.018112|0.015504|0.561728|0.398516|0.152549|0.542830|1.056312|1.024249|0.000000|105.000000|0.634630|0.473194|45.000000|0.377345|0.769231|-0.156592|13.000000
BASE|2013-05-01|0.472289|0.653723|0.894057|0.722460|1.685289|6.769186|7.000000|0.640924|0.794878|0.982195|1.441665|0.796976|0.508549|0.490601|1.120890|0.945324|0.016260|0.541909|0.437772|0.210076|0.510068|1.064405|0.997902|0.000000|99.000000|0.670713|0.475025|39.000000|0.422273|0.833333|-0.162553|12.000000
BASE|2013-11-01|0.454365|0.669472|0.874891|0.678692|1.670013|7.180484|7.000000|0.625618|0.842702|1.035315|1.437466|0.711538|0.489815|0.435420|1.127481|0.984218|0.008547|0.507200|0.369368|0.118071|0.449613|1.130357|0.971610|0.000000|93.000000|0.633773|0.428131|33.000000|0.384122|0.750000|-0.218313|12.000000
BASE|2014-05-01|0.461225|0.747492|0.883638|0.617029|1.670236|7.409002|6.000000|0.655705|1.063330|1.327542|1.475337|0.807205|0.480209|0.438099|1.093275|0.938046|0.027027|0.516876|0.422520|0.112204|0.439601|1.175786|0.978048|0.000000|87.000000|0.595752|0.423603|27.000000|0.436114|0.727273|-0.336172|11.000000
BASE|2014-11-01|0.480635|0.819996|0.913375|0.586143|1.627233|7.531097|7.000000|0.624030|0.738396|0.997798|1.446982|0.660589|0.589668|0.437579|1.264255|1.137839|0.028571|0.624475|0.527735|0.026504|0.559644|1.122903|1.188284|0.000000|81.000000|0.658605|0.508223|21.000000|0.470246|0.727273|-0.428941|11.000000
BASE|2015-05-01|0.482182|0.622013|0.997226|0.775196|1.591968|7.010411|7.000000|0.638292|0.740571|0.951859|1.458566|0.738903|0.608968|0.439527|1.291434|1.199386|0.000000|0.631227|0.564223|0.186105|0.577286|1.127102|1.188973|0.000000|75.000000|0.664195|0.561550|15.000000|0.474455|0.800000|-0.146421|10.000000
BASE|2015-11-01|0.618849|0.574713|1.266878|1.076796|1.648410|7.073630|7.000000|0.644984|0.745609|0.944390|1.474112|0.787614|0.649139|0.441470|1.312567|1.227607|0.000000|0.660862|0.578078|0.464053|0.574713|1.170488|1.240828|0.000000|69.000000|0.734709|0.739714|9.000000|0.585015|0.800000|-0.156067|10.000000
BASE|2016-05-01|0.652720|0.549885|1.382857|1.187012|1.670079|6.026931|6.000000|0.624818|0.740490|0.967177|1.463796|0.701475|0.634954|0.439713|1.334827|1.206256|0.000000|0.639115|0.583057|0.477797|0.549885|1.197286|1.241717|0.000000|63.000000|0.646660|0.649171|3.000000|0.494125|0.888889|-0.150877|9.000000
OFF_M13|2009-11-01|0.371979|0.672216|0.717504|0.553362|1.622834|6.338863|5.000000|0.686493|0.970325|1.149570|1.507596|0.834947|0.391539|0.454826|0.837124|0.764349|0.042424|0.428040|0.272702|-0.009865|0.457603|0.888091|0.768196|0.021277|141.000000|0.626514|0.407655|81.000000|0.286780|0.812500|-0.276083|16.000000
OFF_M13|2010-05-01|0.394585|0.673138|0.754656|0.586187|1.654567|7.887557|6.000000|0.692795|0.973516|1.150721|1.509608|0.844933|0.412514|0.454295|0.901611|0.784916|0.044025|0.443918|0.310302|-0.007965|0.457933|0.930911|0.798277|0.022222|135.000000|0.626041|0.412832|75.000000|0.381101|0.800000|-0.275895|15.000000
OFF_M13|2010-11-01|0.372888|0.718174|0.704645|0.519217|1.663360|6.134552|6.000000|0.675843|0.987764|1.191042|1.492121|0.860374|0.401366|0.478450|0.923004|0.852144|0.045752|0.471642|0.242699|-0.029156|0.478450|0.985772|0.835796|0.023256|129.000000|0.590769|0.385966|69.000000|0.371531|0.733333|-0.292918|15.000000
OFF_M13|2011-05-01|0.418373|0.681797|0.814830|0.613633|1.589164|6.501221|6.000000|0.676470|0.841477|1.030936|1.500676|0.847203|0.466606|0.448730|0.975762|0.905352|0.020408|0.514576|0.386828|-0.000625|0.541626|0.952792|0.910925|0.008130|123.000000|0.661965|0.464627|63.000000|0.273455|0.857143|-0.241402|14.000000
OFF_M13|2011-11-01|0.447330|0.679373|0.864847|0.658445|1.636469|5.275860|6.000000|0.675165|0.842775|1.023804|1.492727|0.849986|0.478462|0.527257|1.003365|0.913453|0.007092|0.514528|0.413863|0.098993|0.541472|0.954427|0.914451|0.000000|117.000000|0.695286|0.468789|57.000000|0.269400|0.857143|-0.239456|14.000000
OFF_M13|2012-05-01|0.451870|0.686550|0.865071|0.658174|1.652955|6.329885|6.000000|0.662246|0.863079|1.046770|1.515036|0.854922|0.456867|0.533122|1.015092|0.918340|0.014815|0.520577|0.354561|0.136516|0.533122|0.979511|0.933882|0.000000|111.000000|0.670361|0.441333|51.000000|0.381838|0.846154|-0.248575|13.000000
OFF_M13|2012-11-01|0.513264|0.644171|0.971475|0.796783|1.698577|7.999460|6.000000|0.660345|0.793310|0.949037|1.508706|0.853186|0.506807|0.539803|1.113264|1.008725|0.000000|0.561660|0.437947|0.158602|0.539803|1.040490|1.026308|0.000000|105.000000|0.675993|0.495582|45.000000|0.378476|0.923077|-0.179515|13.000000
OFF_M13|2013-05-01|0.473393|0.625297|0.902309|0.757070|1.674819|6.430169|6.000000|0.657682|0.796858|0.938672|1.485162|0.836162|0.512436|0.504813|1.084204|0.986208|0.000000|0.554669|0.402570|0.182187|0.531205|1.049627|1.011649|0.000000|99.000000|0.651154|0.478928|39.000000|0.367157|0.833333|-0.233916|12.000000
OFF_M13|2013-11-01|0.493619|0.644915|0.926079|0.765402|1.688662|6.398507|6.000000|0.664080|0.827736|0.939683|1.518237|0.800641|0.535402|0.454999|1.135058|1.054307|0.000000|0.589306|0.417639|0.138697|0.538794|1.109687|1.073896|0.000000|93.000000|0.678865|0.480185|33.000000|0.367312|0.833333|-0.232025|12.000000
OFF_M13|2014-05-01|0.517902|0.706303|0.966217|0.733258|1.679129|6.733201|6.000000|0.670907|0.966093|1.140905|1.509994|0.829219|0.528222|0.475959|1.138015|1.057288|0.000000|0.570692|0.475652|0.112939|0.533028|1.120181|1.070060|0.000000|87.000000|0.654904|0.477632|27.000000|0.381029|0.818182|-0.322221|11.000000
OFF_M13|2014-11-01|0.539324|0.764615|1.007589|0.705353|1.653690|8.453761|7.000000|0.626972|0.712264|1.011774|1.438676|0.697043|0.592092|0.458571|1.326788|1.174400|0.000000|0.621238|0.535695|0.203244|0.461131|1.347204|1.211719|0.000000|81.000000|0.705664|0.610092|21.000000|0.423039|0.818182|-0.474403|11.000000
OFF_M13|2015-05-01|0.480274|0.608950|0.969374|0.788692|1.612980|6.535894|7.000000|0.643637|0.756633|0.972345|1.489280|0.797347|0.572518|0.434712|1.214697|1.130001|0.000000|0.593148|0.482357|0.154997|0.567295|1.084040|1.118017|0.000000|75.000000|0.651086|0.559024|15.000000|0.531289|0.800000|-0.218641|10.000000
OFF_M13|2015-11-01|0.572242|0.566941|1.165961|1.009350|1.661975|6.767013|7.000000|0.644959|0.758092|0.971383|1.494133|0.810030|0.609313|0.435082|1.255830|1.128834|0.000000|0.615742|0.517674|0.426334|0.566941|1.106759|1.167157|0.000000|69.000000|0.661017|0.658326|9.000000|0.530181|0.800000|-0.216146|10.000000
OFF_M13|2016-05-01|0.657738|0.578626|1.344110|1.136724|1.673010|6.475301|7.000000|0.635577|0.755166|1.027576|1.500064|0.783579|0.591198|0.425051|1.305828|1.159864|0.000000|0.624433|0.551872|0.459552|0.578626|1.132824|1.187264|0.000000|63.000000|0.644185|0.650553|3.000000|0.621550|0.888889|-0.154444|9.000000
OFF|2009-11-01|0.380978|0.660613|0.740667|0.576704|1.605413|5.594260|5.000000|0.672836|0.947206|1.149435|1.509112|0.844875|0.415142|0.529357|0.925629|0.847934|0.036364|0.457942|0.276050|-0.002624|0.529357|0.794781|0.852977|0.007092|141.000000|0.624892|0.432905|81.000000|0.374901|0.812500|-0.276083|16.000000
OFF|2010-05-01|0.429027|0.652302|0.825733|0.657713|1.654988|4.740150|6.000000|0.684557|0.928176|1.149684|1.505701|0.856448|0.453722|0.542296|0.956408|0.923258|0.037736|0.505555|0.348049|0.003485|0.549002|0.892009|0.878186|0.000000|135.000000|0.682350|0.470723|75.000000|0.465615|0.800000|-0.275895|15.000000
OFF|2010-11-01|0.385670|0.693265|0.730473|0.556310|1.660374|5.536069|6.000000|0.675788|0.968830|1.117317|1.525170|0.833853|0.417760|0.496254|0.945419|0.871427|0.039216|0.488064|0.309689|-0.020184|0.529977|0.920916|0.835547|0.023256|129.000000|0.609202|0.424238|69.000000|0.374633|0.800000|-0.268140|15.000000
OFF|2011-05-01|0.415445|0.659888|0.805752|0.629569|1.595332|5.623877|6.000000|0.663959|0.829350|0.980716|1.505922|0.819371|0.493375|0.447807|0.999182|0.917931|0.020408|0.546842|0.395516|0.002716|0.534673|1.027804|0.957294|0.000000|123.000000|0.653444|0.478011|63.000000|0.359597|0.857143|-0.235964|14.000000
OFF|2011-11-01|0.429375|0.656222|0.831694|0.654314|1.626346|5.844911|6.000000|0.666749|0.817169|1.011631|1.498075|0.811990|0.468950|0.504119|1.023270|0.925219|0.000000|0.529430|0.372809|0.108087|0.522407|1.018462|0.960141|0.000000|117.000000|0.653330|0.447147|57.000000|0.368372|0.857143|-0.204813|14.000000
OFF|2012-05-01|0.479715|0.663665|0.915281|0.722828|1.664978|4.641131|6.000000|0.657965|0.823303|0.998270|1.502102|0.794761|0.535756|0.532916|1.075020|1.001546|0.000000|0.557347|0.454401|0.198293|0.532916|1.050520|0.991877|0.000000|111.000000|0.709136|0.508640|51.000000|0.465732|0.846154|-0.236804|13.000000
OFF|2012-11-01|0.512466|0.639697|0.978090|0.801107|1.696810|5.539988|6.000000|0.653639|0.781485|0.934535|1.491897|0.840381|0.512711|0.541953|1.124561|1.049613|0.000000|0.566028|0.422426|0.153167|0.541953|1.044422|1.002335|0.000000|105.000000|0.671592|0.498834|45.000000|0.462519|0.923077|-0.183513|13.000000
OFF|2013-05-01|0.475842|0.619358|0.920578|0.768284|1.668952|4.984287|6.000000|0.646691|0.777475|0.890531|1.472728|0.803456|0.532820|0.490362|1.106405|1.012009|0.000000|0.547543|0.432410|0.196749|0.522015|1.062028|0.996151|0.000000|99.000000|0.646787|0.488797|39.000000|0.413082|0.833333|-0.111383|12.000000
OFF|2013-11-01|0.473603|0.641470|0.893256|0.738309|1.676788|4.429285|6.000000|0.643516|0.769364|0.933517|1.492360|0.774679|0.545946|0.444047|1.210227|1.059453|0.000000|0.568121|0.438719|0.178908|0.524699|1.083557|1.035376|0.000000|93.000000|0.654211|0.488716|33.000000|0.371805|0.833333|-0.241180|12.000000
OFF|2014-05-01|0.488253|0.709342|0.916460|0.688318|1.668218|5.698428|6.000000|0.653359|0.979232|1.156096|1.501379|0.800867|0.539474|0.441204|1.223418|1.061912|0.000000|0.548027|0.459760|0.117848|0.521401|1.077961|1.039209|0.000000|87.000000|0.616874|0.474784|27.000000|0.466119|0.818182|-0.320098|11.000000
OFF|2014-11-01|0.496321|0.784676|0.920307|0.632517|1.652984|5.613213|7.000000|0.638235|0.761699|1.055894|1.505387|0.775652|0.605411|0.437024|1.287484|1.234993|0.000000|0.647356|0.550842|0.045052|0.584371|1.142580|1.206305|0.000000|81.000000|0.683804|0.561885|21.000000|0.465289|0.727273|-0.489927|11.000000
OFF|2015-05-01|0.524523|0.609669|1.060950|0.860341|1.613277|6.218008|7.000000|0.640281|0.748377|0.924593|1.471032|0.800663|0.627778|0.430967|1.372884|1.235476|0.000000|0.650742|0.549612|0.210342|0.529846|1.273074|1.221124|0.000000|75.000000|0.707330|0.608292|15.000000|0.585783|0.800000|-0.202475|10.000000
OFF|2015-11-01|0.572592|0.572008|1.172179|1.001021|1.661287|6.973607|7.000000|0.641432|0.763818|0.987788|1.480291|0.806991|0.617402|0.435051|1.251372|1.174779|0.000000|0.626679|0.539747|0.430880|0.572008|1.114350|1.218773|0.000000|69.000000|0.661252|0.669753|9.000000|0.578309|0.800000|-0.215975|10.000000
OFF|2016-05-01|0.663972|0.581902|1.358234|1.141037|1.673651|5.348298|7.000000|0.629569|0.762998|1.035628|1.501392|0.756078|0.605615|0.433760|1.320223|1.236849|0.000000|0.644394|0.586057|0.473786|0.581902|1.167854|1.253349|0.000000|63.000000|0.649945|0.658078|3.000000|0.682173|0.888889|-0.154444|9.000000
OFF_BUY1|2009-11-01|0.372741|0.680167|0.715716|0.548015|1.582097|7.744177|4.000000|0.677503|1.005354|1.172473|1.540526|0.859767|0.411066|0.570159|0.928362|0.860446|0.078788|0.471246|0.238439|-0.034784|0.575211|0.819256|0.914770|0.035461|141.000000|0.618915|0.439960|81.000000|0.359676|0.750000|-0.284491|16.000000
OFF_BUY1|2010-05-01|0.391801|0.680239|0.746095|0.575975|1.612794|7.751083|4.000000|0.683685|1.006819|1.172336|1.545582|0.858495|0.422072|0.561030|0.995203|0.899169|0.075472|0.501391|0.286499|-0.034796|0.575201|0.871679|0.928606|0.037037|135.000000|0.619089|0.442741|75.000000|0.379823|0.800000|-0.284552|15.000000
OFF_BUY1|2010-11-01|0.439941|0.630460|0.851081|0.697810|1.631182|7.757601|4.000000|0.673159|0.861103|1.037409|1.533917|0.824233|0.490309|0.453495|0.994313|0.954774|0.026144|0.543435|0.427489|0.035927|0.530611|1.020308|0.980042|0.000000|129.000000|0.611922|0.504024|69.000000|0.344958|0.800000|-0.222780|15.000000
OFF_BUY1|2011-05-01|0.428282|0.645033|0.838543|0.663969|1.561156|7.750538|4.000000|0.679165|0.863678|0.981241|1.531072|0.838853|0.485703|0.446196|0.997865|0.954562|0.020408|0.541662|0.404523|0.030026|0.550494|0.983956|0.957647|0.000000|123.000000|0.619679|0.483782|63.000000|0.354771|0.857143|-0.225219|14.000000
OFF_BUY1|2011-11-01|0.458324|0.645751|0.887943|0.709753|1.608351|7.750943|4.000000|0.680852|0.864421|0.981399|1.532537|0.845764|0.496233|0.500435|1.053782|0.984558|0.007092|0.544331|0.440957|0.128201|0.550513|0.991100|1.021938|0.000000|117.000000|0.687539|0.492865|57.000000|0.354854|0.857143|-0.225274|14.000000
OFF_BUY1|2012-05-01|0.489461|0.629517|0.941677|0.777517|1.629317|7.769880|4.000000|0.660128|0.784102|0.944103|1.521814|0.829016|0.545473|0.530661|1.110213|1.024712|0.000000|0.558622|0.492238|0.245313|0.530661|1.059945|1.052025|0.000000|111.000000|0.692420|0.519427|51.000000|0.344822|0.769231|-0.222628|13.000000
OFF_BUY1|2012-11-01|0.532987|0.609323|1.030713|0.874720|1.655067|7.726643|4.000000|0.638886|0.759384|0.931000|1.518027|0.796605|0.556777|0.465226|1.160574|1.018585|0.000000|0.559437|0.500786|0.286962|0.465226|1.189806|1.046599|0.000000|105.000000|0.675240|0.523274|45.000000|0.338791|0.923077|-0.229485|13.000000
OFF_BUY1|2013-05-01|0.504579|0.585125|0.997441|0.862344|1.629671|7.740128|4.000000|0.635733|0.749735|0.928378|1.500029|0.768590|0.564657|0.454542|1.211115|1.075129|0.000000|0.576115|0.513566|0.293259|0.465137|1.216132|1.088904|0.000000|99.000000|0.677597|0.533653|39.000000|0.361192|0.916667|-0.227772|12.000000
OFF_BUY1|2013-11-01|0.468154|0.642247|0.889107|0.728932|1.643969|7.715513|4.000000|0.647485|0.786788|0.943116|1.505218|0.733333|0.513254|0.430073|1.155233|1.007294|0.000000|0.559224|0.450894|0.209872|0.472337|1.183951|1.037212|0.000000|93.000000|0.630040|0.469647|33.000000|0.367574|0.833333|-0.195054|12.000000
OFF_BUY1|2014-05-01|0.489893|0.708774|0.921977|0.691183|1.630895|7.769106|4.000000|0.675244|0.983200|1.153911|1.527916|0.849566|0.567898|0.429836|1.219328|1.127665|0.000000|0.606382|0.520013|0.123394|0.547976|1.122994|1.108199|0.000000|87.000000|0.644870|0.475849|27.000000|0.380649|0.818182|-0.363553|11.000000
OFF_BUY1|2014-11-01|0.529891|0.707843|0.998031|0.748599|1.618753|7.819602|4.000000|0.658939|0.757003|0.978415|1.509165|0.815304|0.604010|0.435651|1.348643|1.163866|0.000000|0.646356|0.556285|0.206536|0.524422|1.266252|1.241060|0.000000|81.000000|0.700076|0.633795|21.000000|0.384553|0.727273|-0.302594|11.000000
OFF_BUY1|2015-05-01|0.556365|0.587457|1.167683|0.947074|1.567953|6.858339|4.000000|0.663090|0.776508|1.051312|1.556344|0.838746|0.627988|0.434349|1.382887|1.304464|0.000000|0.643721|0.534873|0.286566|0.587457|1.132292|1.229990|0.000000|75.000000|0.704213|0.615312|15.000000|0.490232|0.800000|-0.221600|10.000000
OFF_BUY1|2015-11-01|0.621430|0.584430|1.293937|1.063310|1.628567|6.858350|5.000000|0.663834|0.765952|1.034605|1.552810|0.852204|0.637966|0.434353|1.370637|1.310960|0.000000|0.666265|0.558438|0.479622|0.584430|1.172137|1.270267|0.000000|69.000000|0.709109|0.715067|9.000000|0.490236|0.900000|-0.200200|10.000000
OFF_BUY1|2016-05-01|0.667190|0.581778|1.397155|1.146811|1.642875|6.850155|4.000000|0.644207|0.756020|1.022289|1.555388|0.810682|0.606111|0.436219|1.334860|1.247084|0.000000|0.656349|0.544818|0.466085|0.581778|1.162428|1.245564|0.000000|63.000000|0.667996|0.674550|3.000000|0.631322|0.888889|-0.180388|9.000000
OFF_BUY3|2009-11-01|0.381146|0.660813|0.741017|0.576784|1.605594|5.357896|5.000000|0.675627|0.946814|1.151629|1.517303|0.832465|0.412951|0.521034|0.924074|0.846890|0.036364|0.460021|0.276882|-0.003118|0.521034|0.801751|0.842903|0.007092|141.000000|0.616763|0.429466|81.000000|0.377071|0.812500|-0.273984|16.000000
OFF_BUY3|2010-05-01|0.432831|0.662847|0.829842|0.652989|1.654203|6.596495|5.000000|0.683579|0.951304|1.151783|1.522995|0.863869|0.463271|0.533332|0.978491|0.940968|0.044025|0.496060|0.338045|-0.005605|0.533332|0.921192|0.877007|0.007407|135.000000|0.700462|0.465819|75.000000|0.462507|0.800000|-0.273889|15.000000
OFF_BUY3|2010-11-01|0.402259|0.698258|0.761643|0.576088|1.657634|7.103402|5.000000|0.690888|0.968951|1.114438|1.512701|0.872855|0.417276|0.497685|1.002291|0.887962|0.045752|0.482754|0.304055|-0.021420|0.525403|0.918827|0.848203|0.023256|129.000000|0.608513|0.416256|69.000000|0.378567|0.800000|-0.272623|15.000000
OFF_BUY3|2011-05-01|0.414016|0.684775|0.800265|0.604602|1.595101|6.492688|6.000000|0.680778|0.866401|1.041603|1.521284|0.843585|0.478864|0.456568|1.020807|0.956007|0.027211|0.543554|0.352959|0.001435|0.528348|1.028781|0.977516|0.000000|123.000000|0.662457|0.462086|63.000000|0.352556|0.857143|-0.243956|14.000000
OFF_BUY3|2011-11-01|0.425704|0.683113|0.829733|0.623182|1.622679|4.821296|6.000000|0.679763|0.865096|1.041553|1.485015|0.841824|0.461847|0.517717|1.063994|0.917390|0.014184|0.524331|0.339755|0.099586|0.526217|0.997934|0.932871|0.000000|117.000000|0.653040|0.428595|57.000000|0.291115|0.857143|-0.255088|14.000000
OFF_BUY3|2012-05-01|0.456206|0.663947|0.864546|0.687112|1.665351|7.013850|6.000000|0.666224|0.821891|0.985568|1.504330|0.835348|0.518400|0.533556|1.060242|0.964310|0.007407|0.563099|0.420201|0.191271|0.533556|1.055371|0.993547|0.000000|111.000000|0.670429|0.497566|51.000000|0.464762|0.846154|-0.250490|13.000000
OFF_BUY3|2012-11-01|0.509070|0.648948|0.963324|0.784454|1.695366|7.245574|6.000000|0.659596|0.807530|0.980527|1.504197|0.838892|0.513174|0.546158|1.148254|1.079334|0.000000|0.574408|0.419736|0.146144|0.546158|1.051725|1.012112|0.000000|105.000000|0.662937|0.497041|45.000000|0.463990|0.846154|-0.186915|13.000000
OFF_BUY3|2013-05-01|0.475037|0.620395|0.913631|0.765701|1.669181|5.541921|6.000000|0.644999|0.782542|0.893348|1.485958|0.750386|0.542267|0.491358|1.132098|1.033881|0.000000|0.560460|0.436513|0.196394|0.520382|1.089998|1.016376|0.000000|99.000000|0.649811|0.494008|39.000000|0.397041|0.833333|-0.111808|12.000000
OFF_BUY3|2013-11-01|0.475627|0.633388|0.890479|0.750925|1.678475|5.964751|6.000000|0.643545|0.755132|0.913554|1.497419|0.776923|0.556151|0.467182|1.181641|1.074965|0.000000|0.584411|0.442745|0.183013|0.532616|1.099741|1.052594|0.000000|93.000000|0.637435|0.496721|33.000000|0.369022|0.833333|-0.206111|12.000000
OFF_BUY3|2014-05-01|0.515000|0.718308|0.971976|0.716962|1.662667|5.864920|6.000000|0.654933|1.009600|1.189176|1.492606|0.826217|0.516490|0.438948|1.180204|1.028106|0.000000|0.548141|0.460793|0.110789|0.522561|1.075594|1.007827|0.000000|87.000000|0.646560|0.474446|27.000000|0.379239|0.818182|-0.320293|11.000000
OFF_BUY3|2014-11-01|0.445880|0.844844|0.795261|0.527767|1.650415|6.627382|6.000000|0.637149|0.738749|0.932247|1.492077|0.764540|0.569348|0.434378|1.253661|1.146441|0.038095|0.607981|0.502961|-0.018079|0.546150|1.128901|1.140221|0.037037|81.000000|0.666311|0.548464|21.000000|0.464390|0.727273|-0.600098|11.000000
OFF_BUY3|2015-05-01|0.486405|0.600748|0.978179|0.809665|1.614266|5.186216|6.000000|0.636513|0.745383|0.938591|1.486475|0.774338|0.604536|0.438910|1.287409|1.192703|0.000000|0.627123|0.528438|0.159712|0.550250|1.167356|1.215862|0.000000|75.000000|0.657087|0.583236|15.000000|0.573643|0.800000|-0.218368|10.000000
OFF_BUY3|2015-11-01|0.567410|0.550250|1.157198|1.031187|1.667133|5.325581|6.000000|0.643515|0.761657|0.938895|1.503417|0.783435|0.624493|0.434729|1.286469|1.207679|0.000000|0.626101|0.553256|0.439281|0.550250|1.177960|1.220357|0.000000|69.000000|0.657598|0.654719|9.000000|0.611046|0.800000|-0.218087|10.000000
OFF_BUY3|2016-05-01|0.685706|0.581886|1.405694|1.178420|1.673905|5.045886|7.000000|0.629870|0.750271|1.036020|1.499065|0.767238|0.610096|0.428936|1.335348|1.259165|0.000000|0.657250|0.593272|0.480678|0.581886|1.190280|1.267491|0.000000|63.000000|0.672250|0.679979|3.000000|0.742318|0.888889|-0.154490|9.000000
OFF_BUY5|2009-11-01|0.382998|0.660613|0.745211|0.579762|1.605277|5.598785|5.000000|0.672251|0.947206|1.149435|1.508790|0.845867|0.415142|0.529357|0.932814|0.852272|0.036364|0.457942|0.276050|-0.002624|0.529357|0.794781|0.852977|0.007092|141.000000|0.624892|0.432905|81.000000|0.374901|0.812500|-0.276083|16.000000
OFF_BUY5|2010-05-01|0.431556|0.652302|0.831934|0.661589|1.653992|5.320227|6.000000|0.686074|0.928176|1.149684|1.508690|0.856192|0.459055|0.542296|0.986321|0.934177|0.037736|0.505552|0.348049|0.003485|0.549002|0.891514|0.878186|0.000000|135.000000|0.685409|0.470559|75.000000|0.463302|0.800000|-0.275895|15.000000
OFF_BUY5|2010-11-01|0.390675|0.693265|0.740602|0.563530|1.660111|5.521948|6.000000|0.675757|0.968830|1.117317|1.524807|0.834113|0.421492|0.496254|0.945419|0.873568|0.039216|0.488064|0.309689|-0.020184|0.529977|0.920916|0.835547|0.023256|129.000000|0.609202|0.424325|69.000000|0.374633|0.800000|-0.268140|15.000000
OFF_BUY5|2011-05-01|0.416186|0.653357|0.808249|0.636996|1.597623|5.089714|6.000000|0.671365|0.818147|0.976518|1.497696|0.844141|0.474824|0.453102|0.993375|0.930944|0.013605|0.529386|0.375353|0.009036|0.548903|0.964443|0.960820|0.000000|123.000000|0.668363|0.468877|63.000000|0.355166|0.857143|-0.242928|14.000000
OFF_BUY5|2011-11-01|0.426724|0.654337|0.830431|0.652147|1.637599|5.750277|6.000000|0.661590|0.824179|1.003780|1.485647|0.810301|0.455973|0.464913|0.997383|0.894101|0.000000|0.484130|0.408685|0.114192|0.464913|1.040834|0.913326|0.000000|117.000000|0.644185|0.448774|57.000000|0.280776|0.857143|-0.232861|14.000000
OFF_BUY5|2012-05-01|0.462288|0.683400|0.879533|0.676453|1.663136|5.508900|6.000000|0.658236|0.848396|1.037087|1.509165|0.804836|0.522605|0.533943|1.024196|0.937218|0.007407|0.554516|0.432772|0.190404|0.533943|1.042674|0.988639|0.000000|111.000000|0.684904|0.495820|51.000000|0.465892|0.846154|-0.240227|13.000000
OFF_BUY5|2012-11-01|0.494932|0.643232|0.939365|0.769445|1.691379|5.329333|7.000000|0.652790|0.822519|0.991284|1.503305|0.823705|0.536316|0.571650|1.173314|1.049449|0.000000|0.571112|0.430549|0.146798|0.571650|0.999060|1.029027|0.000000|105.000000|0.650692|0.501915|45.000000|0.462793|0.846154|-0.155818|13.000000
OFF_BUY5|2013-05-01|0.473217|0.620230|0.919668|0.762969|1.666601|4.879161|6.000000|0.652354|0.775112|0.893150|1.451639|0.798828|0.498239|0.490553|1.080616|0.962531|0.000000|0.529448|0.431269|0.194746|0.521759|1.022789|0.977172|0.000000|99.000000|0.647221|0.471985|39.000000|0.366036|0.833333|-0.111997|12.000000
OFF_BUY5|2013-11-01|0.475110|0.641470|0.896236|0.740658|1.673965|6.094856|6.000000|0.647711|0.767306|0.933517|1.484334|0.773397|0.511499|0.441981|1.121975|1.009451|0.000000|0.562318|0.436199|0.178908|0.524699|1.075594|1.018543|0.000000|93.000000|0.654195|0.473166|33.000000|0.325477|0.833333|-0.241180|12.000000
OFF_BUY5|2014-05-01|0.492510|0.709550|0.928556|0.694117|1.664220|8.122471|6.000000|0.660113|0.978908|1.155325|1.485754|0.822215|0.500417|0.440923|1.130749|0.996320|0.000000|0.528431|0.438056|0.119692|0.520806|1.036037|0.989083|0.000000|87.000000|0.622148|0.457364|27.000000|0.379610|0.818182|-0.298057|11.000000
OFF_BUY5|2014-11-01|0.503450|0.762807|0.935347|0.659997|1.660528|5.855342|7.000000|0.627532|0.721297|0.924138|1.425814|0.682783|0.555650|0.451826|1.241554|1.119668|0.000000|0.580788|0.503134|0.178586|0.501038|1.193884|1.128020|0.000000|81.000000|0.662316|0.574919|21.000000|0.379885|0.818182|-0.479727|11.000000
OFF_BUY5|2015-05-01|0.536350|0.609669|1.089983|0.879739|1.613015|5.324015|6.000000|0.641096|0.748377|0.924593|1.469635|0.808032|0.627505|0.430967|1.372742|1.245018|0.000000|0.664965|0.549449|0.210342|0.529846|1.273074|1.226205|0.000000|75.000000|0.724830|0.614628|15.000000|0.605951|0.800000|-0.202475|10.000000
OFF_BUY5|2015-11-01|0.583843|0.544237|1.193165|1.072773|1.666391|5.403295|7.000000|0.638315|0.757229|0.948491|1.492248|0.804711|0.620984|0.435186|1.285397|1.215851|0.000000|0.632467|0.557054|0.447307|0.544237|1.201851|1.232281|0.000000|69.000000|0.675065|0.664611|9.000000|0.615393|0.800000|-0.217229|10.000000
OFF_BUY5|2016-05-01|0.665768|0.581902|1.362922|1.144124|1.673984|5.166129|7.000000|0.628719|0.758982|1.035628|1.501259|0.752491|0.605615|0.433553|1.320315|1.236799|0.000000|0.645071|0.586090|0.473815|0.581902|1.167922|1.253315|0.000000|63.000000|0.651646|0.659267|3.000000|0.704220|0.888889|-0.154444|9.000000
#EX5|2011-11-01|601088
EX5:BASE|2009-11-01|0.362347|0.755259|0.719207|0.479764|1.593128|7.676016|6.000000|0.655273|0.974880|1.276281|1.431918|0.779102|0.372252|0.462674|0.893658|0.834806|0.066667|0.345612|0.196652|-0.045413|0.501902|0.621486|0.634783|0.042553|141.000000|0.595419|0.361855|81.000000|0.274481|0.750000|-0.280901|16.000000
EX5:BASE|2010-05-01|0.382137|0.754292|0.755677|0.506617|1.621765|7.776389|7.000000|0.659414|0.984104|1.275304|1.447742|0.744371|0.401387|0.462603|0.925882|0.856481|0.069182|0.365482|0.229841|-0.042541|0.462603|0.786033|0.734634|0.044444|135.000000|0.581553|0.365583|75.000000|0.269872|0.733333|-0.281137|15.000000
EX5:BASE|2010-11-01|0.305574|0.787129|0.603086|0.388214|1.557313|7.484040|7.000000|0.654382|0.857568|1.167634|1.418371|0.746670|0.371451|0.464260|0.842192|0.804460|0.111111|0.406257|0.200519|-0.075153|0.483483|0.844637|0.736159|0.085271|129.000000|0.534567|0.326369|69.000000|0.228659|0.733333|-0.288031|15.000000
EX5:BASE|2011-05-01|0.350203|0.785273|0.683402|0.445963|1.575451|8.337984|7.000000|0.664006|0.865674|1.165805|1.477422|0.829941|0.405328|0.483663|0.921177|0.818130|0.074830|0.408857|0.213614|-0.049937|0.483663|0.845335|0.749117|0.032520|123.000000|0.512518|0.324224|63.000000|0.343916|0.785714|-0.288085|14.000000
EX5:BASE|2011-11-01|0.348049|0.797335|0.670734|0.436516|1.622400|7.780265|7.000000|0.651459|0.795160|0.989250|1.437194|0.807097|0.387178|0.442264|0.933810|0.755787|0.085106|0.403711|0.224532|-0.005685|0.442264|0.912828|0.734631|0.008547|117.000000|0.572028|0.303840|57.000000|0.316107|0.785714|-0.287424|14.000000
EX5:BASE|2012-05-01|0.410269|0.767309|0.785910|0.534685|1.651386|8.019404|7.000000|0.650945|0.834998|1.148300|1.489315|0.789413|0.446076|0.478258|1.004717|0.867005|0.037037|0.461050|0.337032|0.051084|0.478258|0.966362|0.848885|0.000000|111.000000|0.657942|0.397368|51.000000|0.474292|0.692308|-0.219609|13.000000
EX5:BASE|2012-11-01|0.484441|0.727496|0.932975|0.665903|1.680449|7.766744|7.000000|0.633464|0.825273|1.062213|1.456798|0.708755|0.468450|0.475240|1.071442|0.917426|0.015504|0.480436|0.395967|0.151599|0.475240|1.030307|0.950036|0.000000|105.000000|0.667310|0.441165|45.000000|0.409171|0.692308|-0.112692|13.000000
EX5:BASE|2013-05-01|0.475488|0.719157|0.940194|0.661175|1.645588|8.273492|7.000000|0.631459|0.738887|1.084878|1.394173|0.796359|0.503226|0.533028|1.046083|1.019333|0.016260|0.532209|0.408206|0.132814|0.558353|0.961447|1.038121|0.000000|99.000000|0.689160|0.461375|39.000000|0.427761|0.750000|-0.133089|12.000000
EX5:BASE|2013-11-01|0.544413|0.675594|1.079195|0.805828|1.650342|8.136444|7.000000|0.625823|0.724604|0.951596|1.397696|0.673397|0.568434|0.422337|1.146407|1.101117|0.000000|0.581824|0.497911|0.244329|0.543673|1.081697|1.139783|0.000000|93.000000|0.725874|0.544866|33.000000|0.344058|0.750000|-0.086105|12.000000
EX5:BASE|2014-05-01|0.558862|0.801478|1.115672|0.697289|1.614582|8.091083|8.000000|0.632281|0.733148|1.018280|1.423985|0.742568|0.559282|0.431975|1.123478|1.106917|0.000000|0.576690|0.495332|0.119678|0.560571|1.046018|1.127987|0.000000|87.000000|0.739877|0.502317|27.000000|0.375902|0.727273|-0.294425|11.000000
EX5:BASE|2014-11-01|0.546987|0.808756|1.061181|0.676331|1.622927|7.279991|7.000000|0.633027|0.733995|0.993723|1.402771|0.774957|0.599923|0.421034|1.165890|1.164538|0.000000|0.608096|0.528431|0.113041|0.560697|1.099469|1.194081|0.000000|81.000000|0.747558|0.566928|21.000000|0.418723|0.727273|-0.405088|11.000000
EX5:BASE|2015-05-01|0.554889|0.624602|1.172270|0.888387|1.576652|8.140068|7.000000|0.636794|0.735623|1.048310|1.435665|0.796718|0.586173|0.415380|1.184340|1.147374|0.000000|0.607395|0.514218|0.230994|0.583945|1.054369|1.188760|0.000000|75.000000|0.744901|0.602713|15.000000|0.571937|0.800000|-0.148203|10.000000
EX5:BASE|2015-11-01|0.652417|0.560492|1.389252|1.164008|1.634833|7.962735|7.000000|0.637931|0.733988|0.993217|1.426301|0.802812|0.643468|0.411949|1.328971|1.264636|0.000000|0.664456|0.561600|0.490399|0.560492|1.328240|1.372452|0.000000|69.000000|0.768645|0.777595|9.000000|0.550225|0.800000|-0.142600|10.000000
EX5:BASE|2016-05-01|0.718765|0.582308|1.524759|1.234338|1.651913|7.996671|7.000000|0.635529|0.723572|1.046498|1.462219|0.789159|0.608768|0.408285|1.188414|1.150289|0.000000|0.618338|0.530556|0.459870|0.582308|1.120749|1.212947|0.000000|63.000000|0.701286|0.711749|3.000000|0.671858|0.888889|-0.030973|9.000000
EX5:OFF_M13|2009-11-01|0.408845|0.656878|0.814481|0.622407|1.597134|6.465282|6.000000|0.683654|0.905695|1.158725|1.483559|0.863986|0.424680|0.542477|0.882199|0.876068|0.048485|0.473819|0.298458|-0.002345|0.542477|0.795808|0.869652|0.007092|141.000000|0.618706|0.452648|81.000000|0.316692|0.812500|-0.282553|16.000000
EX5:OFF_M13|2010-05-01|0.429346|0.635673|0.852481|0.675420|1.634591|5.283325|6.000000|0.678097|0.920929|1.166861|1.476896|0.848516|0.444670|0.540242|0.939496|0.905521|0.044025|0.476064|0.342564|0.010531|0.549338|0.841720|0.884004|0.000000|135.000000|0.638485|0.453831|75.000000|0.375790|0.800000|-0.282622|15.000000
EX5:OFF_M13|2010-11-01|0.429381|0.652062|0.847531|0.658497|1.624092|7.412502|6.000000|0.670399|0.937296|1.128934|1.461263|0.870221|0.448599|0.480764|0.933801|0.932239|0.026144|0.487057|0.400226|0.020256|0.585637|0.823533|0.912324|0.000000|129.000000|0.592791|0.470438|69.000000|0.298723|0.733333|-0.196251|15.000000
EX5:OFF_M13|2011-05-01|0.412427|0.684390|0.835761|0.602619|1.565113|6.443569|6.000000|0.662411|0.834281|0.966284|1.494615|0.856984|0.429547|0.431190|0.898699|0.886205|0.013605|0.465408|0.358845|0.012634|0.563901|0.824877|0.859814|0.000000|123.000000|0.618030|0.431408|63.000000|0.311710|0.785714|-0.204068|14.000000
EX5:OFF_M13|2011-11-01|0.451458|0.657600|0.912894|0.686524|1.611816|5.352138|6.000000|0.650172|0.807079|0.966396|1.467312|0.795551|0.482184|0.488975|0.945164|0.968574|0.000000|0.510114|0.442541|0.140016|0.562698|0.887878|1.006477|0.000000|117.000000|0.657610|0.474213|57.000000|0.322427|0.857143|-0.213355|14.000000
EX5:OFF_M13|2012-05-01|0.457724|0.656824|0.904953|0.696875|1.645194|7.748760|7.000000|0.647767|0.774967|0.926218|1.452853|0.833045|0.482787|0.531002|0.972363|0.923219|0.000000|0.490465|0.445400|0.189077|0.531002|0.914026|0.967685|0.000000|111.000000|0.658149|0.472244|51.000000|0.361725|0.846154|-0.199616|13.000000
EX5:OFF_M13|2012-11-01|0.497968|0.617023|0.994901|0.807050|1.684208|5.865486|7.000000|0.668018|0.827683|0.978123|1.459685|0.806432|0.495828|0.562995|1.004188|0.986561|0.000000|0.520151|0.450910|0.149352|0.562995|0.922825|1.018293|0.000000|105.000000|0.647188|0.485427|45.000000|0.354722|0.923077|-0.125640|13.000000
EX5:OFF_M13|2013-05-01|0.539878|0.576759|1.108132|0.936055|1.644493|6.379413|6.000000|0.638766|0.759494|1.016519|1.458498|0.798210|0.579604|0.439286|1.220483|1.160013|0.000000|0.574754|0.488865|0.292338|0.576759|1.107773|1.169853|0.000000|99.000000|0.671114|0.555538|39.000000|0.382933|0.916667|-0.218497|12.000000
EX5:OFF_M13|2013-11-01|0.536493|0.575777|1.062967|0.931772|1.675470|7.747717|7.000000|0.642030|0.777804|1.002115|1.429444|0.788462|0.566174|0.412873|1.183171|1.143632|0.000000|0.579972|0.505881|0.259521|0.572751|1.019181|1.149409|0.000000|93.000000|0.687198|0.550323|33.000000|0.328596|0.916667|-0.195742|12.000000
EX5:OFF_M13|2014-05-01|0.548354|0.710299|1.066261|0.772004|1.645165|6.448753|7.000000|0.634959|0.764748|1.059804|1.477714|0.765844|0.535150|0.436982|1.100131|1.060782|0.000000|0.575932|0.469066|0.102678|0.585345|0.993264|1.063879|0.000000|87.000000|0.665628|0.521742|27.000000|0.378766|0.818182|-0.214718|11.000000
EX5:OFF_M13|2014-11-01|0.598096|0.673070|1.170252|0.888609|1.666917|7.743068|7.000000|0.644050|0.726203|0.947070|1.429440|0.772522|0.593644|0.423873|1.361183|1.195312|0.000000|0.607043|0.520298|0.279572|0.454374|1.380210|1.233320|0.000000|81.000000|0.717863|0.645745|21.000000|0.367668|0.818182|-0.208106|11.000000
EX5:OFF_M13|2015-05-01|0.494717|0.582521|1.011369|0.849268|1.609111|5.261887|6.000000|0.654176|0.770154|1.030962|1.464513|0.844141|0.535017|0.441919|1.141607|1.066199|0.000000|0.569563|0.477958|0.184789|0.579012|1.028438|1.078575|0.000000|75.000000|0.659376|0.556424|15.000000|0.552039|0.800000|-0.211484|10.000000
EX5:OFF_M13|2015-11-01|0.544436|0.567791|1.122899|0.958866|1.656631|7.907990|7.000000|0.650803|0.758259|0.973361|1.491163|0.854483|0.528703|0.439581|1.083290|1.008307|0.000000|0.564024|0.466028|0.374851|0.567791|1.018494|1.075354|0.000000|69.000000|0.627782|0.630654|9.000000|0.529944|0.800000|-0.217957|10.000000
EX5:OFF_M13|2016-05-01|0.654131|0.576853|1.368106|1.133963|1.672166|7.603954|7.000000|0.638164|0.765491|1.016351|1.443743|0.730171|0.588157|0.433896|1.206064|1.169841|0.000000|0.615824|0.534371|0.450564|0.576853|1.117257|1.217984|0.000000|63.000000|0.641008|0.652232|3.000000|0.688131|0.888889|-0.124255|9.000000
EX5:OFF|2009-11-01|0.414442|0.637253|0.829289|0.650358|1.601199|5.702481|6.000000|0.667776|0.916382|1.163885|1.480518|0.866965|0.451300|0.542828|0.926501|0.931767|0.048485|0.482553|0.305022|0.009925|0.550343|0.829757|0.898876|0.000000|141.000000|0.627778|0.469914|81.000000|0.312866|0.812500|-0.282553|16.000000
EX5:OFF|2010-05-01|0.418783|0.635216|0.821813|0.659276|1.631821|6.187292|6.000000|0.676171|0.946882|1.169349|1.488926|0.871034|0.434672|0.540242|0.852555|0.851889|0.044025|0.451587|0.353567|0.017799|0.571200|0.749393|0.853117|0.000000|135.000000|0.613245|0.437534|75.000000|0.388154|0.866667|-0.282622|15.000000
EX5:OFF|2010-11-01|0.423041|0.651786|0.834514|0.649050|1.623543|6.223672|6.000000|0.671727|0.947584|1.147175|1.478552|0.869441|0.448293|0.481969|0.898353|0.894609|0.032680|0.472888|0.394458|0.016704|0.584172|0.797985|0.902204|0.000000|129.000000|0.594821|0.457605|69.000000|0.294991|0.800000|-0.201232|15.000000
EX5:OFF|2011-05-01|0.410683|0.674317|0.819648|0.609036|1.571265|6.023789|6.000000|0.663806|0.819035|0.941404|1.468162|0.870365|0.468688|0.464496|0.933449|0.927941|0.013605|0.495107|0.385498|0.015297|0.530742|0.929853|0.907467|0.000000|123.000000|0.580285|0.450756|63.000000|0.376786|0.785714|-0.199896|14.000000
EX5:OFF|2011-11-01|0.471282|0.655233|0.948971|0.719259|1.615003|5.187544|7.000000|0.651681|0.830518|1.042004|1.488123|0.810476|0.490054|0.521943|1.032016|1.036504|0.000000|0.519244|0.430338|0.136269|0.581712|0.860695|0.995001|0.000000|117.000000|0.693083|0.483017|57.000000|0.360656|0.857143|-0.215696|14.000000
EX5:OFF|2012-05-01|0.474242|0.610637|0.944935|0.776634|1.656044|4.725120|6.000000|0.668287|0.826813|1.056175|1.475407|0.810305|0.517133|0.584135|1.060710|1.041793|0.000000|0.532815|0.461659|0.168787|0.584135|0.893829|1.034422|0.000000|111.000000|0.676795|0.502557|51.000000|0.370732|0.846154|-0.198671|13.000000
EX5:OFF|2012-11-01|0.513293|0.610177|1.008493|0.841219|1.682639|7.554416|7.000000|0.678224|0.815093|0.980246|1.493560|0.856462|0.509823|0.566710|1.028788|1.026878|0.000000|0.541475|0.459144|0.141974|0.566710|0.931652|1.035877|0.000000|105.000000|0.667062|0.501073|45.000000|0.375400|0.923077|-0.123987|13.000000
EX5:OFF|2013-05-01|0.564082|0.585150|1.151907|0.963996|1.651488|5.585442|7.000000|0.642494|0.757913|1.057097|1.460682|0.805924|0.607791|0.464715|1.266961|1.212593|0.000000|0.599462|0.514850|0.253905|0.585150|1.098963|1.171654|0.000000|99.000000|0.696524|0.577736|39.000000|0.440785|0.916667|-0.196405|12.000000
EX5:OFF|2013-11-01|0.501212|0.598019|0.980026|0.838121|1.668340|5.995660|7.000000|0.631507|0.724574|0.889865|1.439942|0.728846|0.536295|0.461503|1.121150|1.038314|0.000000|0.550036|0.482226|0.264106|0.478344|1.147178|1.081845|0.000000|93.000000|0.638252|0.522188|33.000000|0.393897|0.833333|-0.215188|12.000000
EX5:OFF|2014-05-01|0.549384|0.700141|1.086507|0.784676|1.650422|4.831157|7.000000|0.633770|0.740642|0.988248|1.466841|0.736157|0.558715|0.436975|1.216952|1.169274|0.000000|0.603160|0.477401|0.092326|0.571747|1.071293|1.148524|0.000000|87.000000|0.664392|0.538690|27.000000|0.473575|0.818182|-0.213406|11.000000
EX5:OFF|2014-11-01|0.612139|0.670550|1.200752|0.912890|1.666989|4.842086|7.000000|0.654987|0.768011|0.987560|1.436253|0.829913|0.644189|0.420059|1.353176|1.287997|0.000000|0.637052|0.555678|0.213890|0.576819|1.133670|1.272166|0.000000|81.000000|0.732004|0.654338|21.000000|0.473038|0.818182|-0.208126|11.000000
EX5:OFF|2015-05-01|0.494149|0.582521|1.019024|0.848293|1.611433|6.024441|7.000000|0.645092|0.774198|1.038735|1.439173|0.805822|0.567169|0.436025|1.190789|1.129189|0.000000|0.589121|0.483884|0.174929|0.582162|1.057018|1.133652|0.000000|75.000000|0.656051|0.561953|15.000000|0.548973|0.800000|-0.211484|10.000000
EX5:OFF|2015-11-01|0.606326|0.571928|1.265675|1.060144|1.657335|5.983313|6.000000|0.650327|0.759128|0.987614|1.487860|0.850304|0.632497|0.435921|1.319251|1.250688|0.000000|0.636994|0.559761|0.445074|0.571928|1.146522|1.246661|0.000000|69.000000|0.697694|0.690742|9.000000|0.617809|0.800000|-0.217957|10.000000
EX5:OFF|2016-05-01|0.659500|0.580592|1.370330|1.135909|1.668540|5.025109|6.000000|0.652895|0.772098|1.025906|1.475343|0.774412|0.591484|0.429650|1.213074|1.155619|0.000000|0.616581|0.526487|0.442655|0.580592|1.085356|1.179231|0.000000|63.000000|0.649267|0.653273|3.000000|0.707308|0.888889|-0.124255|9.000000
EX5:OFF_BUY1|2009-11-01|0.370238|0.674312|0.730517|0.549060|1.553726|7.967240|4.000000|0.656966|0.938344|1.154320|1.522276|0.831968|0.427752|0.565969|0.844334|0.880567|0.072727|0.493460|0.294779|-0.024129|0.587360|0.804467|0.925204|0.028369|141.000000|0.467999|0.465900|81.000000|0.344432|0.750000|-0.317332|16.000000
EX5:OFF_BUY1|2010-05-01|0.389043|0.674455|0.761450|0.576825|1.583484|7.972726|4.000000|0.660792|0.943167|1.153765|1.527593|0.832139|0.433753|0.562487|0.887619|0.914473|0.069182|0.504334|0.336076|-0.024261|0.587365|0.843519|0.965461|0.029630|135.000000|0.467998|0.479294|75.000000|0.349438|0.733333|-0.317268|15.000000
EX5:OFF_BUY1|2010-11-01|0.406331|0.665643|0.799918|0.610434|1.588923|7.982911|4.000000|0.675781|0.931681|1.123392|1.536208|0.880884|0.465549|0.475005|0.905004|0.946921|0.026144|0.521129|0.401751|0.013647|0.587337|0.887274|0.973859|0.000000|129.000000|0.468005|0.493091|69.000000|0.349436|0.733333|-0.196335|15.000000
EX5:OFF_BUY1|2011-05-01|0.406345|0.660579|0.814528|0.615134|1.532375|8.004807|5.000000|0.671313|0.808807|1.051299|1.531519|0.899916|0.480490|0.433558|0.904449|0.969197|0.000000|0.530808|0.399452|0.046793|0.587367|0.911905|0.989582|0.000000|123.000000|0.470130|0.481004|63.000000|0.359299|0.714286|-0.183698|14.000000
EX5:OFF_BUY1|2011-11-01|0.429433|0.660513|0.850455|0.650152|1.580562|7.993809|5.000000|0.671961|0.810128|1.051276|1.537248|0.906224|0.494058|0.524371|0.973878|0.995786|0.000000|0.533775|0.431401|0.131809|0.587359|0.937915|1.001662|0.000000|117.000000|0.638390|0.490830|57.000000|0.354643|0.714286|-0.183085|14.000000
EX5:OFF_BUY1|2012-05-01|0.447583|0.654011|0.878550|0.684367|1.598839|8.010757|5.000000|0.665785|0.807395|1.051336|1.538879|0.887162|0.517472|0.587369|1.035746|1.011815|0.000000|0.550748|0.464320|0.179140|0.587369|0.948444|1.028353|0.000000|111.000000|0.639428|0.508880|51.000000|0.359816|0.769231|-0.183803|13.000000
EX5:OFF_BUY1|2012-11-01|0.534695|0.587373|1.095256|0.910317|1.610975|7.998428|5.000000|0.655764|0.763993|1.051450|1.536118|0.860036|0.584981|0.478883|1.195832|1.204173|0.000000|0.588883|0.533546|0.271281|0.587373|1.125941|1.212759|0.000000|105.000000|0.638370|0.568942|45.000000|0.476841|0.846154|-0.183829|13.000000
EX5:OFF_BUY1|2013-05-01|0.508401|0.587351|1.055579|0.865584|1.579748|8.023952|5.000000|0.653972|0.762750|1.051329|1.523263|0.842950|0.587668|0.433543|1.256273|1.232204|0.000000|0.597447|0.530917|0.284567|0.587351|1.158507|1.224393|0.000000|99.000000|0.638177|0.579520|39.000000|0.420892|0.833333|-0.182900|12.000000
EX5:OFF_BUY1|2013-11-01|0.518708|0.585301|1.032503|0.886224|1.614675|7.914015|5.000000|0.647137|0.739255|0.937460|1.497351|0.812179|0.601716|0.431112|1.266231|1.221125|0.000000|0.620387|0.541430|0.301761|0.524688|1.218431|1.204063|0.000000|93.000000|0.675333|0.582878|33.000000|0.421321|0.916667|-0.190083|12.000000
EX5:OFF_BUY1|2014-05-01|0.477555|0.699663|0.931130|0.682551|1.582472|8.046966|5.000000|0.656678|0.774961|1.050980|1.517344|0.875634|0.575535|0.433557|1.185149|1.116807|0.000000|0.597743|0.494673|0.132860|0.587336|1.081193|1.145719|0.000000|87.000000|0.637497|0.525289|27.000000|0.359794|0.727273|-0.192433|11.000000
EX5:OFF_BUY1|2014-11-01|0.534648|0.650475|1.016536|0.821935|1.624573|8.008444|5.000000|0.670567|0.918974|1.093786|1.538239|0.894261|0.620453|0.433555|1.248787|1.204441|0.000000|0.619223|0.540745|0.231008|0.588306|1.119665|1.226645|0.000000|81.000000|0.680002|0.623592|21.000000|0.352839|0.727273|-0.193014|11.000000
EX5:OFF_BUY1|2015-05-01|0.520064|0.587312|1.083497|0.885498|1.559766|8.031854|5.000000|0.661316|0.778854|1.050890|1.525744|0.881781|0.619695|0.433561|1.321734|1.254235|0.000000|0.625352|0.536781|0.318233|0.587312|1.137724|1.212555|0.000000|75.000000|0.638187|0.599033|15.000000|0.418293|0.800000|-0.182885|10.000000
EX5:OFF_BUY1|2015-11-01|0.558265|0.587328|1.147477|0.950516|1.621348|8.041376|5.000000|0.662406|0.780257|1.050943|1.528054|0.886398|0.627961|0.433568|1.294259|1.231043|0.000000|0.638715|0.557205|0.460240|0.587328|1.188247|1.225633|0.000000|69.000000|0.638015|0.669832|9.000000|0.418371|0.900000|-0.182958|10.000000
EX5:OFF_BUY1|2016-05-01|0.597057|0.581944|1.236904|1.025971|1.631453|8.024204|5.000000|0.646746|0.756501|1.022561|1.517443|0.853727|0.604788|0.436696|1.243743|1.185341|0.000000|0.623027|0.529846|0.448791|0.581944|1.151135|1.203271|0.000000|63.000000|0.597041|0.630607|3.000000|0.476842|0.888889|-0.161018|9.000000
EX5:OFF_BUY3|2009-11-01|0.422375|0.629803|0.838493|0.670646|1.597942|8.295361|6.000000|0.663431|0.958126|1.163885|1.470404|0.859270|0.456623|0.542828|0.933972|0.937057|0.048485|0.494826|0.297843|0.004771|0.585017|0.828651|0.902771|0.000000|141.000000|0.643798|0.476908|81.000000|0.318244|0.875000|-0.282553|16.000000
EX5:OFF_BUY3|2010-05-01|0.444613|0.630930|0.885521|0.704695|1.634714|4.970314|6.000000|0.663228|0.918780|1.169349|1.483084|0.829324|0.465085|0.540242|0.961065|0.982244|0.044025|0.490761|0.354370|0.006289|0.551981|0.871581|0.936287|0.000000|135.000000|0.676150|0.473289|75.000000|0.391948|0.866667|-0.282622|15.000000
EX5:OFF_BUY3|2010-11-01|0.428956|0.666961|0.841065|0.643149|1.621735|8.185164|6.000000|0.676111|0.959021|1.144955|1.477526|0.892588|0.447183|0.480716|0.915725|0.911407|0.032680|0.474796|0.381929|0.005166|0.583665|0.780988|0.883063|0.000000|129.000000|0.641383|0.452935|69.000000|0.298011|0.733333|-0.196755|15.000000
EX5:OFF_BUY3|2011-05-01|0.434396|0.658926|0.874340|0.659249|1.571007|5.888016|6.000000|0.661113|0.849316|1.040304|1.494001|0.834681|0.473780|0.438039|0.973960|0.975375|0.013605|0.500886|0.379681|0.033405|0.583080|0.854756|0.902746|0.000000|123.000000|0.656031|0.456253|63.000000|0.361639|0.785714|-0.213240|14.000000
EX5:OFF_BUY3|2011-11-01|0.458100|0.652734|0.919303|0.701817|1.614311|5.722061|6.000000|0.658433|0.838530|1.056868|1.486973|0.800338|0.479632|0.529277|0.979530|0.997093|0.000000|0.513422|0.430213|0.136279|0.584891|0.836603|0.985029|0.000000|117.000000|0.669366|0.478412|57.000000|0.300721|0.857143|-0.209841|14.000000
EX5:OFF_BUY3|2012-05-01|0.425857|0.678301|0.824317|0.627830|1.641587|6.636325|6.000000|0.664018|0.811313|0.931161|1.484559|0.882844|0.464018|0.533400|0.907763|0.909385|0.000000|0.479995|0.430260|0.163780|0.533400|0.884292|0.922597|0.000000|111.000000|0.624068|0.460224|51.000000|0.371536|0.769231|-0.195373|13.000000
EX5:OFF_BUY3|2012-11-01|0.525746|0.635290|1.035265|0.827569|1.673764|5.649922|7.000000|0.668469|0.816916|0.995743|1.474634|0.850506|0.503133|0.570242|1.030926|1.012152|0.000000|0.533446|0.458334|0.160266|0.570242|0.935473|1.019397|0.000000|105.000000|0.685272|0.498304|45.000000|0.378430|0.846154|-0.130001|13.000000
EX5:OFF_BUY3|2013-05-01|0.527833|0.567874|1.091988|0.929490|1.651654|8.183418|7.000000|0.629539|0.736736|0.982604|1.437146|0.738352|0.574175|0.425893|1.205548|1.148608|0.000000|0.568965|0.486483|0.263431|0.567874|1.108533|1.173798|0.000000|99.000000|0.653966|0.555071|39.000000|0.418452|0.916667|-0.182708|12.000000
EX5:OFF_BUY3|2013-11-01|0.533560|0.570515|1.040716|0.935226|1.667886|7.843429|7.000000|0.639173|0.751645|0.890612|1.456438|0.762500|0.568117|0.442558|1.194724|1.065145|0.000000|0.576025|0.506707|0.280713|0.502395|1.154726|1.102290|0.000000|93.000000|0.669231|0.544220|33.000000|0.377274|0.916667|-0.211951|12.000000
EX5:OFF_BUY3|2014-05-01|0.613671|0.690799|1.203138|0.888350|1.648825|7.470403|6.000000|0.635683|0.757922|1.053209|1.475861|0.763843|0.594936|0.437716|1.241784|1.229624|0.000000|0.626126|0.506055|0.122729|0.585047|1.094211|1.179420|0.000000|87.000000|0.720506|0.575680|27.000000|0.460106|0.818182|-0.214752|11.000000
EX5:OFF_BUY3|2014-11-01|0.539076|0.789520|0.997084|0.682789|1.663974|5.848130|7.000000|0.659364|0.781339|1.150712|1.465311|0.844870|0.626965|0.426631|1.359431|1.251773|0.000000|0.643971|0.557957|0.109834|0.533806|1.238211|1.262605|0.000000|81.000000|0.749877|0.635505|21.000000|0.474127|0.727273|-0.486795|11.000000
EX5:OFF_BUY3|2015-05-01|0.482307|0.580812|0.969642|0.830402|1.612483|6.799683|6.000000|0.658707|0.754153|0.930919|1.461966|0.862196|0.546558|0.469475|1.150823|1.047896|0.000000|0.561540|0.480229|0.219991|0.533193|1.106077|1.068767|0.000000|75.000000|0.642507|0.551480|15.000000|0.418630|0.800000|-0.195963|10.000000
EX5:OFF_BUY3|2015-11-01|0.550874|0.533335|1.114633|1.032886|1.665265|5.435888|6.000000|0.664141|0.775148|0.931103|1.472698|0.849924|0.551767|0.468935|1.130033|1.012866|0.000000|0.566013|0.493932|0.414146|0.533335|1.128271|1.085938|0.000000|69.000000|0.639862|0.632024|9.000000|0.422845|0.800000|-0.196623|10.000000
EX5:OFF_BUY3|2016-05-01|0.698343|0.580934|1.453613|1.202103|1.670134|5.721143|7.000000|0.646239|0.770190|1.026138|1.492708|0.776405|0.612923|0.426006|1.226416|1.224017|0.000000|0.646087|0.548431|0.451731|0.580934|1.127814|1.221068|0.000000|63.000000|0.684926|0.692943|3.000000|0.763254|0.888889|-0.124255|9.000000
EX5:OFF_BUY5|2009-11-01|0.407333|0.637253|0.813984|0.639201|1.600454|8.091597|6.000000|0.666546|0.915863|1.163885|1.476178|0.878134|0.448111|0.542828|0.923041|0.933038|0.048485|0.477947|0.305022|0.009925|0.550312|0.819077|0.897328|0.000000|141.000000|0.615624|0.464889|81.000000|0.313402|0.812500|-0.282553|16.000000
EX5:OFF_BUY5|2010-05-01|0.453155|0.635216|0.893705|0.713387|1.632290|6.192297|6.000000|0.670886|0.946881|1.169349|1.488765|0.871034|0.468373|0.540242|0.987245|0.974196|0.044025|0.498402|0.353567|0.017799|0.571198|0.858577|0.929312|0.000000|135.000000|0.685392|0.479799|75.000000|0.391948|0.866667|-0.282622|15.000000
EX5:OFF_BUY5|2010-11-01|0.436339|0.651786|0.872594|0.669452|1.625621|5.821496|6.000000|0.653856|0.952867|1.147175|1.448984|0.836411|0.454761|0.481969|0.923077|0.964255|0.032680|0.493667|0.394458|0.016704|0.584179|0.818962|0.904006|0.000000|129.000000|0.632430|0.467866|69.000000|0.294991|0.800000|-0.201232|15.000000
EX5:OFF_BUY5|2011-05-01|0.417853|0.674317|0.834215|0.619668|1.571307|6.054597|6.000000|0.664509|0.819035|0.941404|1.476997|0.862838|0.469514|0.464496|0.933608|0.927941|0.013605|0.495107|0.385498|0.015297|0.530742|0.929853|0.907467|0.000000|123.000000|0.605022|0.450756|63.000000|0.376786|0.785714|-0.199896|14.000000
EX5:OFF_BUY5|2011-11-01|0.455653|0.655233|0.911857|0.695406|1.614298|5.143162|6.000000|0.645744|0.830544|1.042007|1.491703|0.794987|0.485011|0.521944|0.983766|1.040419|0.000000|0.521661|0.432962|0.136269|0.581713|0.881126|1.007504|0.000000|117.000000|0.664549|0.490828|57.000000|0.366572|0.857143|-0.215696|14.000000
EX5:OFF_BUY5|2012-05-01|0.477622|0.610637|0.952093|0.782170|1.656151|4.670499|6.000000|0.668074|0.826813|1.056175|1.476878|0.810017|0.517133|0.584135|1.068384|1.043541|0.000000|0.532815|0.461659|0.168787|0.584135|0.893829|1.034422|0.000000|111.000000|0.682101|0.502557|51.000000|0.370732|0.846154|-0.198671|13.000000
EX5:OFF_BUY5|2012-11-01|0.522499|0.616225|1.030613|0.847903|1.678437|5.776264|6.000000|0.675303|0.802240|0.980249|1.509925|0.860929|0.532280|0.567071|1.097021|1.071902|0.000000|0.554620|0.458571|0.150430|0.567071|0.990719|1.063125|0.000000|105.000000|0.680155|0.511612|45.000000|0.473189|0.846154|-0.056029|13.000000
EX5:OFF_BUY5|2013-05-01|0.575175|0.585150|1.173299|0.982954|1.651472|5.308024|7.000000|0.643176|0.757244|1.057097|1.455636|0.802530|0.605217|0.464715|1.266961|1.212593|0.000000|0.597993|0.512921|0.253905|0.585150|1.098963|1.171654|0.000000|99.000000|0.715259|0.576725|39.000000|0.440642|0.916667|-0.196405|12.000000
EX5:OFF_BUY5|2013-11-01|0.506155|0.598019|0.990024|0.846386|1.668521|5.812583|7.000000|0.631507|0.724441|0.889865|1.439826|0.727564|0.536295|0.461503|1.128502|1.038314|0.000000|0.550786|0.482226|0.264106|0.478344|1.156477|1.081845|0.000000|93.000000|0.645341|0.523817|33.000000|0.393897|0.833333|-0.215188|12.000000
EX5:OFF_BUY5|2014-05-01|0.566670|0.670970|1.134035|0.844554|1.654183|5.970668|7.000000|0.630191|0.738475|1.042036|1.437540|0.726818|0.549121|0.439361|1.161467|1.129080|0.000000|0.583987|0.473020|0.144792|0.582393|1.009276|1.111905|0.000000|87.000000|0.677685|0.529451|27.000000|0.373150|0.818182|-0.220695|11.000000
EX5:OFF_BUY5|2014-11-01|0.529464|0.737081|1.002597|0.718324|1.655421|5.911829|7.000000|0.633995|0.726121|1.029691|1.439942|0.713739|0.549793|0.456961|1.140960|1.063154|0.000000|0.566238|0.479164|0.187877|0.500849|1.173598|1.124213|0.000000|81.000000|0.675150|0.579768|21.000000|0.385282|0.818182|-0.402003|11.000000
EX5:OFF_BUY5|2015-05-01|0.495699|0.582521|1.020980|0.850955|1.611610|6.053094|7.000000|0.645183|0.774198|1.038735|1.441622|0.807664|0.567169|0.436025|1.190789|1.129189|0.000000|0.589121|0.483884|0.174929|0.582162|1.057018|1.133652|0.000000|75.000000|0.658483|0.564122|15.000000|0.553149|0.800000|-0.211484|10.000000
EX5:OFF_BUY5|2015-11-01|0.575681|0.542766|1.216843|1.060644|1.662892|5.212939|7.000000|0.648979|0.754682|0.940435|1.455179|0.814210|0.620792|0.436272|1.310551|1.252405|0.000000|0.621488|0.557804|0.453067|0.542766|1.212309|1.277911|0.000000|69.000000|0.666847|0.652706|9.000000|0.555216|0.800000|-0.212709|10.000000
EX5:OFF_BUY5|2016-05-01|0.692934|0.580592|1.437162|1.193495|1.668781|6.044097|7.000000|0.649801|0.771357|1.025906|1.488159|0.797529|0.625528|0.429507|1.265140|1.227663|0.000000|0.654549|0.555663|0.459614|0.580592|1.143748|1.241731|0.000000|63.000000|0.679675|0.687447|3.000000|0.762669|0.888889|-0.124255|9.000000
