#METRIC|m2|年化,最大回撤,Sharpe,Calmar,平均仓位,年均换手,持仓数中位,单票权重中位,单票权重P90,单票权重最大,前三权重中位,单票超60%天数占比,滚动3年年化中位,滚动3年回撤中位,滚动3年Calmar中位,滚动3年Sharpe中位,滚动3年为负的窗口占比,滚动5年年化中位,滚动5年年化P25,滚动5年年化最差,滚动5年回撤中位,滚动5年Calmar中位,滚动5年Sharpe中位,滚动5年为负的窗口占比,滚动5年窗口数,互不重叠5年块中位,滚动10年年化中位,滚动10年窗口数,逐年收益中位,逐年为正比例,逐年最差,完整自然年数,强平次数,最低担保比例,最低股票同跌缓冲,最低总资产冲击缓冲,rf覆盖率,年化_交易日口径,最低担保比例日,最低股票同跌缓冲日,滚动5年年化最差窗口末日,最大回撤起日,最大回撤止日,末次净值日
#MARKET|a
#EX5|fixed|000338,000651,000933,002128,601088,688516
EX5:BASE|2009-11-01|0.297017|0.728383|0.756379|0.407775|1.522794|5.873665|7.000000|0.625677|0.731338|0.923607|1.387878|0.729498|0.401364|0.484352|0.896459|0.940338|0.151515|0.398788|0.227665|-0.154282|0.484352|0.722721|0.890381|0.099291|141.000000|0.551248|0.374539|81.000000|0.360316|0.625000|-0.347889|16.000000|0.000000|1.606750|0.190913|0.190913|0.984589|0.298233|20150825.000000|20150825.000000|20160229.000000|20110328.000000|20121115.000000|20260828.000000
EX5:BASE|2010-05-01|0.325412|0.734892|0.804089|0.442802|1.545883|5.461824|6.000000|0.620156|0.789705|1.052831|1.368493|0.676991|0.431291|0.558131|0.851272|0.948353|0.119497|0.442151|0.303836|-0.137244|0.558131|0.735253|0.952304|0.081481|135.000000|0.581827|0.402124|75.000000|0.386859|0.666667|-0.347741|15.000000|0.000000|1.706675|0.238285|0.238285|1.000000|0.326871|20200323.000000|20200323.000000|20160229.000000|20110328.000000|20140320.000000|20260828.000000
EX5:BASE|2010-11-01|0.361907|0.651803|0.885856|0.555240|1.480986|5.299034|7.000000|0.618330|0.703608|0.898378|1.385184|0.665453|0.428114|0.423500|1.035279|1.017421|0.065359|0.435210|0.338792|-0.014069|0.484733|0.878923|0.962841|0.007752|129.000000|0.564030|0.410114|69.000000|0.433404|0.666667|-0.254991|15.000000|0.000000|1.619038|0.197054|0.197054|1.000000|0.363282|20150825.000000|20150825.000000|20160229.000000|20150615.000000|20160229.000000|20260828.000000
EX5:BASE|2011-05-01|0.425675|0.662522|0.983816|0.642507|1.510441|5.472586|6.000000|0.614619|0.748655|1.047405|1.361566|0.638352|0.478646|0.468697|1.099684|1.113836|0.040816|0.547453|0.371017|0.031323|0.565378|0.968295|1.127050|0.000000|123.000000|0.627446|0.488871|63.000000|0.419107|0.714286|-0.243030|14.000000|0.000000|1.634080|0.204445|0.204445|1.000000|0.427349|20150825.000000|20150825.000000|20160531.000000|20150615.000000|20160229.000000|20260828.000000
EX5:BASE|2011-11-01|0.396757|0.652248|0.929273|0.608292|1.579878|5.491519|7.000000|0.615143|0.702062|0.933722|1.384431|0.645904|0.446157|0.437079|1.077087|1.055373|0.000000|0.456560|0.380971|0.094653|0.484704|0.939197|0.985808|0.000000|117.000000|0.568629|0.437329|57.000000|0.453177|0.714286|-0.255542|14.000000|0.000000|1.574940|0.174572|0.174572|1.000000|0.398539|20150825.000000|20150825.000000|20161230.000000|20150615.000000|20150825.000000|20260828.000000
EX5:BASE|2012-05-01|0.410658|0.652887|0.945080|0.628987|1.614936|5.484230|7.000000|0.619637|0.723409|0.913861|1.397315|0.651572|0.439615|0.531248|0.945988|1.026716|0.000000|0.442007|0.366611|0.118872|0.531248|0.800408|0.953572|0.000000|111.000000|0.550857|0.418546|51.000000|0.433536|0.769231|-0.260245|13.000000|0.000000|1.609233|0.192162|0.192162|1.000000|0.412120|20150825.000000|20150825.000000|20200529.000000|20150615.000000|20150825.000000|20260828.000000
EX5:BASE|2012-11-01|0.467672|0.657215|1.031511|0.711596|1.647326|6.211268|7.000000|0.620663|0.717919|1.028944|1.405732|0.667064|0.448368|0.455470|1.145469|1.063368|0.000000|0.468008|0.395399|0.195373|0.484593|1.069957|1.052248|0.000000|105.000000|0.540339|0.452856|45.000000|0.461361|0.846154|-0.252917|13.000000|0.000000|1.572707|0.173400|0.173400|1.000000|0.469894|20150825.000000|20150825.000000|20200529.000000|20150615.000000|20150825.000000|20260828.000000
EX5:BASE|2013-05-01|0.487412|0.623983|1.069500|0.781131|1.621880|5.501639|7.000000|0.614353|0.750830|1.047165|1.366294|0.627893|0.508849|0.535025|1.191112|1.190543|0.000000|0.598961|0.384553|0.140211|0.565423|1.098996|1.226210|0.000000|99.000000|0.638263|0.507122|39.000000|0.470033|0.833333|-0.242016|12.000000|0.000000|1.700320|0.235438|0.235438|1.000000|0.488991|20200323.000000|20200323.000000|20200529.000000|20150615.000000|20160526.000000|20260828.000000
EX5:BASE|2013-11-01|0.456923|0.634856|1.009367|0.719728|1.639613|5.477268|7.000000|0.613006|0.710595|0.859868|1.383616|0.644231|0.493778|0.422994|1.246837|1.180118|0.000000|0.542586|0.398330|0.182311|0.478618|1.260601|1.210177|0.000000|93.000000|0.585415|0.485305|33.000000|0.403815|0.833333|-0.255776|12.000000|0.000000|1.662772|0.218173|0.218173|1.000000|0.458226|20150825.000000|20150825.000000|20181228.000000|20150615.000000|20160229.000000|20260828.000000
EX5:BASE|2014-05-01|0.528114|0.693400|1.108165|0.761629|1.645099|5.507712|7.000000|0.605324|0.800941|1.041899|1.333026|0.545697|0.491517|0.477214|1.221464|1.200220|0.000000|0.587028|0.444590|0.057177|0.563361|1.061543|1.202558|0.000000|87.000000|0.605461|0.493444|27.000000|0.402348|0.727273|-0.247783|11.000000|0.000000|1.542521|0.157224|0.157224|1.000000|0.529372|20150825.000000|20150825.000000|20200529.000000|20150615.000000|20150825.000000|20260828.000000
EX5:BASE|2014-11-01|0.508567|0.728002|1.094116|0.698579|1.630551|5.496885|7.000000|0.604154|0.726683|0.997678|1.299170|0.540870|0.538055|0.480203|1.288392|1.300657|0.000000|0.622657|0.489069|0.079554|0.552187|1.150930|1.289930|0.000000|81.000000|0.625065|0.539305|21.000000|0.437321|0.727273|-0.296279|11.000000|0.000000|1.515364|0.142120|0.142120|1.000000|0.510130|20150825.000000|20150825.000000|20200529.000000|20150615.000000|20160128.000000|20260828.000000
EX5:BASE|2015-05-01|0.427310|0.559535|1.051169|0.763687|1.531964|5.473606|6.000000|0.604014|0.744300|0.915755|1.367891|0.541887|0.475565|0.488870|1.138734|1.135413|0.000000|0.526398|0.377886|0.121954|0.501242|1.057491|1.151871|0.000000|75.000000|0.566587|0.469275|15.000000|0.447513|0.800000|-0.264677|10.000000|0.000000|1.747966|0.256278|0.256278|1.000000|0.428538|20200323.000000|20200323.000000|20200529.000000|20150615.000000|20160513.000000|20260828.000000
EX5:BASE|2015-11-01|0.466324|0.501121|1.114436|0.930561|1.591402|5.388427|7.000000|0.605996|0.732300|0.915508|1.378280|0.562668|0.474683|0.488902|1.122555|1.144326|0.000000|0.523240|0.474185|0.289260|0.501121|1.044138|1.162053|0.000000|69.000000|0.559628|0.552411|9.000000|0.435561|0.800000|-0.260129|10.000000|0.000000|1.747837|0.256223|0.256223|1.000000|0.467833|20200323.000000|20200323.000000|20230131.000000|20200225.000000|20200323.000000|20260828.000000
EX5:BASE|2016-05-01|0.622664|0.482218|1.375858|1.291249|1.625639|5.412598|7.000000|0.608180|0.703572|0.865254|1.367128|0.590275|0.534013|0.412687|1.535076|1.258295|0.000000|0.593965|0.548460|0.380926|0.412687|1.425777|1.299338|0.000000|63.000000|0.616180|0.619341|3.000000|0.686344|0.888889|-0.254839|9.000000|0.000000|1.880636|0.308745|0.308745|1.000000|0.625115|20200323.000000|20200323.000000|20230131.000000|20180730.000000|20190103.000000|20260828.000000
EX5:BL09000OP09|2009-11-01|0.351423|0.601409|0.918647|0.584332|1.297521|5.051627|5.000000|0.606518|0.702700|0.946784|1.337081|0.556100|0.406207|0.328430|0.856922|0.990022|0.078788|0.414635|0.324134|0.067989|0.546229|0.733748|0.963548|0.000000|141.000000|0.555286|0.391734|81.000000|0.221297|0.750000|-0.134918|16.000000|0.000000|1.677267|0.224930|0.224930|0.984589|0.352891|20200323.000000|20200323.000000|20141128.000000|20150615.000000|20160526.000000|20260828.000000
EX5:BL09000OP09|2010-05-01|0.363977|0.601409|0.934312|0.605207|1.337762|5.059422|5.000000|0.606518|0.702700|0.946784|1.337081|0.556100|0.413546|0.328430|0.892675|0.998499|0.050314|0.416554|0.352511|0.084511|0.546229|0.746477|0.972778|0.000000|135.000000|0.555286|0.395490|75.000000|0.239944|0.800000|-0.134918|15.000000|0.000000|1.677267|0.224930|0.224930|1.000000|0.365632|20200323.000000|20200323.000000|20160531.000000|20150615.000000|20160526.000000|20260828.000000
EX5:BL09000OP09|2010-11-01|0.377302|0.601409|0.951297|0.627363|1.378785|5.066923|5.000000|0.606518|0.702700|0.946784|1.337081|0.556100|0.422090|0.401138|0.911426|1.039134|0.032680|0.421809|0.366465|0.084511|0.546229|0.755926|0.992888|0.000000|129.000000|0.555286|0.404045|69.000000|0.239944|0.800000|-0.134918|15.000000|0.000000|1.677267|0.224930|0.224930|1.000000|0.378744|20200323.000000|20200323.000000|20160531.000000|20150615.000000|20160526.000000|20260828.000000
EX5:BL09000OP09|2011-05-01|0.391797|0.601409|0.970110|0.651464|1.423930|5.074701|5.000000|0.606518|0.702700|0.946784|1.337081|0.556100|0.432053|0.406011|0.943199|1.060636|0.013605|0.426591|0.383475|0.084511|0.546229|0.761065|1.008317|0.000000|123.000000|0.555286|0.410927|63.000000|0.320198|0.857143|-0.134918|14.000000|0.000000|1.677267|0.224930|0.224930|1.000000|0.393320|20200323.000000|20200323.000000|20160531.000000|20150615.000000|20160526.000000|20260828.000000
EX5:BL09000OP09|2011-11-01|0.407351|0.601409|0.989969|0.677327|1.472541|5.082568|5.000000|0.606518|0.702700|0.946784|1.337081|0.556100|0.441872|0.507536|0.957487|1.066638|0.000000|0.434522|0.387712|0.151781|0.546229|0.767641|1.013806|0.000000|117.000000|0.558435|0.413412|57.000000|0.320198|0.857143|-0.134918|14.000000|0.000000|1.677267|0.224930|0.224930|1.000000|0.409186|20200323.000000|20200323.000000|20161230.000000|20150615.000000|20160526.000000|20260828.000000
EX5:BL09000OP09|2012-05-01|0.440797|0.608425|1.049744|0.724488|1.488073|5.143583|5.000000|0.611220|0.720291|0.938091|1.340713|0.585010|0.452897|0.544924|0.966449|1.078016|0.000000|0.436883|0.385479|0.159476|0.544924|0.777078|1.028478|0.000000|111.000000|0.567919|0.426111|51.000000|0.421583|0.923077|-0.075933|13.000000|0.000000|1.679199|0.225821|0.225821|1.000000|0.442383|20200323.000000|20200323.000000|20200529.000000|20150615.000000|20160229.000000|20260828.000000
EX5:BL09000OP09|2012-11-01|0.453186|0.665854|1.032417|0.680609|1.541678|5.723825|5.000000|0.616261|0.717750|1.039948|1.369621|0.615545|0.440653|0.532251|0.963643|1.026703|0.000000|0.437419|0.385568|0.159554|0.532251|0.762650|0.996401|0.000000|105.000000|0.535538|0.420814|45.000000|0.472860|0.923077|-0.061999|13.000000|0.000000|1.583133|0.178843|0.178843|1.000000|0.455329|20150825.000000|20150825.000000|20200529.000000|20150615.000000|20150825.000000|20260828.000000
EX5:BL09000OP09|2013-05-01|0.403302|0.666446|0.951552|0.605153|1.548139|5.353225|5.000000|0.597045|0.674034|0.987153|1.355364|0.481024|0.424545|0.440813|1.225169|1.112426|0.008130|0.430399|0.348258|0.135842|0.444143|0.976375|1.088136|0.000000|99.000000|0.543451|0.408927|39.000000|0.467733|0.916667|-0.235702|12.000000|0.000000|1.569011|0.171453|0.171453|1.000000|0.404573|20150825.000000|20150825.000000|20200529.000000|20150615.000000|20150825.000000|20260828.000000
EX5:BL09000OP09|2013-11-01|0.461680|0.573233|1.061141|0.805397|1.548597|5.714479|5.000000|0.619696|0.699854|0.809153|1.377049|0.621154|0.478002|0.374435|1.138224|1.165170|0.000000|0.500758|0.393228|0.158635|0.503044|1.009955|1.170002|0.000000|93.000000|0.569825|0.453123|33.000000|0.474772|0.916667|-0.169666|12.000000|0.000000|1.940384|0.330030|0.330030|1.000000|0.462998|20200323.000000|20200323.000000|20200529.000000|20150615.000000|20160526.000000|20260828.000000
EX5:BL09000OP09|2014-05-01|0.496148|0.653096|1.137933|0.759687|1.548607|4.912917|6.000000|0.593585|0.709772|0.857392|1.329046|0.474650|0.472701|0.376349|1.124483|1.152869|0.000000|0.492344|0.397552|0.097142|0.528255|0.942292|1.167414|0.000000|87.000000|0.563333|0.460140|27.000000|0.451409|0.818182|-0.112702|11.000000|0.000000|1.721164|0.244697|0.244697|1.000000|0.497319|20200323.000000|20200323.000000|20200529.000000|20150615.000000|20160229.000000|20260828.000000
EX5:BL09000OP09|2014-11-01|0.444772|0.732404|1.041982|0.607278|1.550360|5.052967|5.000000|0.580012|0.672492|0.843367|1.283684|0.428174|0.478832|0.282914|1.402314|1.175598|0.000000|0.491910|0.417114|0.064347|0.532039|0.924575|1.166432|0.000000|81.000000|0.570039|0.472822|21.000000|0.437613|0.818182|-0.323645|11.000000|0.000000|1.547105|0.159721|0.159721|1.000000|0.446111|20150825.000000|20150825.000000|20200529.000000|20150612.000000|20160510.000000|20260828.000000
EX5:BL09000OP09|2015-05-01|0.395875|0.445863|1.038608|0.887886|1.427884|5.467838|5.000000|0.604625|0.665456|0.846032|1.401633|0.537457|0.465149|0.297562|1.416559|1.114373|0.000000|0.464141|0.406396|0.188344|0.445863|1.068462|1.115415|0.000000|75.000000|0.524262|0.439702|15.000000|0.569087|0.800000|-0.190716|10.000000|0.000000|2.018667|0.356011|0.356011|1.000000|0.397001|20200323.000000|20200323.000000|20200529.000000|20200305.000000|20200323.000000|20260828.000000
EX5:BL09000OP09|2015-11-01|0.454460|0.445745|1.144462|1.019551|1.493079|5.142523|5.000000|0.599864|0.663075|0.734141|1.334185|0.498068|0.488051|0.332059|1.416296|1.194075|0.000000|0.506128|0.441452|0.336738|0.445745|1.145839|1.184454|0.000000|69.000000|0.554015|0.532633|9.000000|0.608049|0.900000|-0.190553|10.000000|0.000000|2.018616|0.355994|0.355994|1.000000|0.455925|20200323.000000|20200323.000000|20201231.000000|20200305.000000|20200323.000000|20260828.000000
EX5:BL09000OP09|2016-05-01|0.563790|0.445623|1.347402|1.265173|1.531471|5.355267|5.000000|0.603760|0.662976|0.733826|1.373327|0.522227|0.492366|0.332036|1.440489|1.207686|0.000000|0.516357|0.445984|0.357797|0.445623|1.163427|1.192102|0.000000|63.000000|0.571856|0.571855|3.000000|0.824804|1.000000|0.041392|9.000000|0.000000|2.023184|0.357448|0.357448|1.000000|0.565972|20200323.000000|20200323.000000|20230131.000000|20200305.000000|20200323.000000|20260828.000000
EX5:BL09100OP09|2009-11-01|0.338064|0.671449|0.879338|0.503484|1.328686|5.225406|6.000000|0.605797|0.700197|1.037439|1.329893|0.543409|0.382640|0.304745|0.921879|0.981078|0.084848|0.356700|0.242704|0.043583|0.528278|0.664615|0.856177|0.000000|141.000000|0.504146|0.351332|81.000000|0.298980|0.687500|-0.181725|16.000000|0.000000|1.578981|0.176684|0.176684|0.984589|0.339470|20150825.000000|20150825.000000|20160229.000000|20150615.000000|20150825.000000|20260828.000000
EX5:BL09100OP09|2010-05-01|0.350082|0.671449|0.894354|0.521383|1.369893|5.235620|6.000000|0.605797|0.700197|1.037439|1.329893|0.543409|0.388965|0.304745|0.952558|1.019375|0.056604|0.377341|0.266417|0.043583|0.528278|0.680985|0.874374|0.000000|135.000000|0.504146|0.358074|75.000000|0.345095|0.733333|-0.181725|15.000000|0.000000|1.578981|0.176684|0.176684|1.000000|0.351666|20150825.000000|20150825.000000|20160229.000000|20150615.000000|20150825.000000|20260828.000000
EX5:BL09100OP09|2010-11-01|0.362835|0.671449|0.910655|0.540376|1.411901|5.245456|6.000000|0.605797|0.700197|1.037439|1.329893|0.543409|0.401353|0.413076|1.031126|1.053877|0.039216|0.395248|0.284055|0.043583|0.528278|0.748183|0.947885|0.000000|129.000000|0.504146|0.364584|69.000000|0.345095|0.733333|-0.181725|15.000000|0.000000|1.578981|0.176684|0.176684|1.000000|0.364214|20150825.000000|20150825.000000|20160229.000000|20150615.000000|20150825.000000|20260828.000000
EX5:BL09100OP09|2011-05-01|0.376701|0.671449|0.928715|0.561027|1.458131|5.255665|6.000000|0.605797|0.700197|1.037439|1.329893|0.543409|0.414257|0.413076|1.035384|1.072962|0.013605|0.407821|0.290948|0.067030|0.528278|0.771983|0.981369|0.000000|123.000000|0.504146|0.373293|63.000000|0.389331|0.785714|-0.181725|14.000000|0.000000|1.578981|0.176684|0.176684|1.000000|0.378158|20150825.000000|20150825.000000|20160531.000000|20150615.000000|20150825.000000|20260828.000000
EX5:BL09100OP09|2011-11-01|0.391576|0.671449|0.947778|0.583181|1.507909|5.265998|6.000000|0.605797|0.700197|1.037439|1.329893|0.543409|0.429736|0.503178|1.040992|1.102244|0.000000|0.435780|0.305311|0.081047|0.528278|0.824908|1.018586|0.000000|117.000000|0.566295|0.380702|57.000000|0.389331|0.785714|-0.181725|14.000000|0.000000|1.578981|0.176684|0.176684|1.000000|0.393332|20150825.000000|20150825.000000|20200529.000000|20150615.000000|20150825.000000|20260828.000000
EX5:BL09100OP09|2012-05-01|0.411960|0.669518|0.975349|0.615308|1.521737|5.624885|6.000000|0.624249|0.711901|1.054569|1.332921|0.641295|0.424775|0.545529|1.020423|1.099357|0.000000|0.435533|0.361903|0.124658|0.545529|0.783878|1.012631|0.000000|111.000000|0.547919|0.409499|51.000000|0.454482|0.923077|-0.117107|13.000000|0.000000|1.582588|0.178561|0.178561|1.000000|0.413427|20150825.000000|20150825.000000|20200529.000000|20150615.000000|20150825.000000|20260828.000000
EX5:BL09100OP09|2012-11-01|0.446055|0.628122|1.056552|0.710141|1.542580|5.036396|5.000000|0.609549|0.699790|0.940322|1.369593|0.594997|0.421093|0.543801|0.911222|1.043526|0.000000|0.429684|0.373958|0.144361|0.543801|0.765046|1.012024|0.000000|105.000000|0.556613|0.415561|45.000000|0.420074|0.923077|-0.244300|13.000000|0.000000|1.680886|0.226599|0.226599|1.000000|0.448160|20200323.000000|20200323.000000|20200529.000000|20150615.000000|20160513.000000|20260828.000000
EX5:BL09100OP09|2013-05-01|0.415925|0.635436|1.003761|0.654550|1.523641|5.139540|5.000000|0.603326|0.684355|0.824267|1.324222|0.532243|0.434053|0.498006|1.025628|1.103507|0.008130|0.444739|0.352247|0.125733|0.531344|0.843961|1.077617|0.000000|99.000000|0.567177|0.410940|39.000000|0.452385|0.916667|-0.292860|12.000000|0.000000|1.699417|0.235032|0.235032|1.000000|0.417241|20200323.000000|20200323.000000|20200529.000000|20150615.000000|20160513.000000|20260828.000000
EX5:BL09100OP09|2013-11-01|0.440735|0.604551|1.025345|0.729029|1.542512|5.921807|5.000000|0.627185|0.699756|0.936992|1.381121|0.733013|0.435085|0.418313|0.977192|1.070386|0.000000|0.443640|0.379023|0.166659|0.544832|0.814269|1.054520|0.000000|93.000000|0.561987|0.428104|33.000000|0.437187|0.916667|-0.195595|12.000000|0.000000|1.679337|0.225885|0.225885|1.000000|0.441985|20200323.000000|20200323.000000|20200529.000000|20150615.000000|20160526.000000|20260828.000000
EX5:BL09100OP09|2014-05-01|0.486792|0.663558|1.098412|0.733609|1.594143|5.400063|6.000000|0.586480|0.733466|0.908529|1.270108|0.443963|0.458767|0.411095|1.156766|1.149410|0.000000|0.502470|0.384137|0.076462|0.533649|0.941575|1.139720|0.000000|87.000000|0.555576|0.451242|27.000000|0.437018|0.727273|-0.179691|11.000000|0.000000|1.673676|0.223266|0.223266|1.000000|0.487938|20150825.000000|20150825.000000|20200529.000000|20150615.000000|20160229.000000|20260828.000000
EX5:BL09100OP09|2014-11-01|0.439879|0.733510|1.026907|0.599691|1.563417|5.273490|6.000000|0.593275|0.686945|0.941537|1.250672|0.466783|0.495783|0.281762|1.394877|1.179721|0.000000|0.503820|0.428603|0.066417|0.546564|0.930307|1.190513|0.000000|81.000000|0.565111|0.470465|21.000000|0.420674|0.818182|-0.328663|11.000000|0.000000|1.532900|0.151934|0.151934|1.000000|0.441201|20150825.000000|20150825.000000|20200529.000000|20150612.000000|20160509.000000|20260828.000000
EX5:BL09100OP09|2015-05-01|0.421812|0.531270|1.100734|0.793969|1.437697|5.229921|5.000000|0.603938|0.682940|0.823901|1.366651|0.537844|0.474544|0.279684|1.453915|1.157852|0.000000|0.490835|0.420571|0.183482|0.531270|0.941130|1.181790|0.000000|75.000000|0.556861|0.467663|15.000000|0.514300|0.900000|-0.185996|10.000000|0.000000|1.699520|0.235078|0.235078|1.000000|0.423022|20200323.000000|20200323.000000|20200529.000000|20200114.000000|20200323.000000|20260828.000000
EX5:BL09100OP09|2015-11-01|0.467192|0.531261|1.175352|0.879401|1.501772|5.188753|5.000000|0.604775|0.691094|0.823822|1.380956|0.547097|0.501355|0.279704|1.594915|1.239900|0.000000|0.506550|0.438075|0.351797|0.531261|0.994172|1.195323|0.000000|69.000000|0.568546|0.546607|9.000000|0.525520|0.900000|-0.185419|10.000000|0.000000|1.699537|0.235086|0.235086|1.000000|0.468704|20200323.000000|20200323.000000|20201130.000000|20200114.000000|20200323.000000|20260828.000000
EX5:BL09100OP09|2016-05-01|0.547552|0.531263|1.334129|1.030661|1.540864|5.085908|5.000000|0.604038|0.695811|0.823794|1.380087|0.538278|0.485969|0.279767|1.527805|1.209625|0.000000|0.490405|0.425216|0.343993|0.531263|0.959201|1.174751|0.000000|63.000000|0.553685|0.553663|3.000000|0.613303|1.000000|0.061418|9.000000|0.000000|1.699557|0.235095|0.235095|1.000000|0.549660|20200323.000000|20200323.000000|20230131.000000|20200114.000000|20200323.000000|20260828.000000
EX5:BL09400OP09|2009-11-01|0.352326|0.647841|0.895861|0.543846|1.351904|5.153135|6.000000|0.603987|0.703058|0.978090|1.283506|0.540819|0.423463|0.329578|0.925492|0.994465|0.096970|0.424363|0.304836|0.051982|0.547986|0.722111|0.949129|0.000000|141.000000|0.533644|0.395531|81.000000|0.288007|0.687500|-0.058223|16.000000|0.000000|1.586674|0.180676|0.180676|0.984589|0.353798|20150825.000000|20150825.000000|20141128.000000|20150615.000000|20150825.000000|20260828.000000
EX5:BL09400OP09|2010-05-01|0.342972|0.673953|0.876080|0.508895|1.365499|5.355198|6.000000|0.606648|0.736365|1.036801|1.315663|0.563563|0.390996|0.329513|0.883122|1.002698|0.069182|0.399276|0.293503|0.040667|0.548034|0.697227|0.920778|0.000000|135.000000|0.522456|0.364348|75.000000|0.298172|0.733333|-0.149108|15.000000|0.000000|1.564617|0.169126|0.169126|1.000000|0.344520|20150825.000000|20150825.000000|20160229.000000|20150615.000000|20150825.000000|20260828.000000
EX5:BL09400OP09|2010-11-01|0.355433|0.673953|0.892074|0.527385|1.407372|5.365333|6.000000|0.606648|0.736365|1.036801|1.315663|0.563563|0.400887|0.426221|0.933569|1.033296|0.045752|0.412496|0.312479|0.040667|0.548034|0.728255|0.930145|0.000000|129.000000|0.522456|0.373751|69.000000|0.298172|0.733333|-0.149108|15.000000|0.000000|1.564617|0.169126|0.169126|1.000000|0.356781|20150825.000000|20150825.000000|20160229.000000|20150615.000000|20150825.000000|20260828.000000
EX5:BL09400OP09|2011-05-01|0.368980|0.673953|0.909798|0.547486|1.453454|5.375852|6.000000|0.606648|0.736365|1.036801|1.315663|0.563563|0.412357|0.426221|0.968293|1.052525|0.013605|0.421382|0.321110|0.073292|0.548034|0.731010|0.969409|0.000000|123.000000|0.522456|0.381146|63.000000|0.359835|0.785714|-0.149108|14.000000|0.000000|1.564617|0.169126|0.169126|1.000000|0.370403|20150825.000000|20150825.000000|20160531.000000|20150615.000000|20150825.000000|20260828.000000
EX5:BL09400OP09|2011-11-01|0.383510|0.673953|0.928506|0.569046|1.503072|5.386499|6.000000|0.606648|0.736365|1.036801|1.315663|0.563563|0.419879|0.517058|0.991870|1.067984|0.000000|0.425323|0.330412|0.107164|0.548034|0.775798|1.008700|0.000000|117.000000|0.539505|0.392187|57.000000|0.359835|0.785714|-0.149108|14.000000|0.000000|1.564617|0.169126|0.169126|1.000000|0.385225|20150825.000000|20150825.000000|20200529.000000|20150615.000000|20150825.000000|20260828.000000
EX5:BL09400OP09|2012-05-01|0.457495|0.651629|1.033490|0.702079|1.571944|5.443162|6.000000|0.605446|0.686232|1.006823|1.330197|0.552931|0.469375|0.446077|1.209986|1.112196|0.000000|0.470556|0.394290|0.182616|0.446077|1.003027|1.036624|0.000000|111.000000|0.568586|0.441719|51.000000|0.446874|0.923077|-0.022900|13.000000|0.000000|1.579629|0.177022|0.177022|1.000000|0.459150|20150825.000000|20150825.000000|20200529.000000|20150615.000000|20150825.000000|20260828.000000
EX5:BL09400OP09|2012-11-01|0.443435|0.679456|1.016630|0.652632|1.593912|5.372914|7.000000|0.614371|0.728533|0.989243|1.317661|0.609589|0.441204|0.544997|1.026420|1.118550|0.000000|0.438044|0.370401|0.106805|0.544997|0.806561|1.052472|0.000000|105.000000|0.540684|0.422180|45.000000|0.441727|0.846154|-0.081795|13.000000|0.000000|1.565255|0.169464|0.169464|1.000000|0.445525|20150825.000000|20150825.000000|20200529.000000|20150615.000000|20150825.000000|20260828.000000
EX5:BL09400OP09|2013-05-01|0.442613|0.623249|1.033454|0.710171|1.554032|5.329438|7.000000|0.606532|0.713672|0.952169|1.305988|0.547053|0.466131|0.518436|1.034222|1.109798|0.000000|0.467164|0.368806|0.129517|0.548748|0.851344|1.084297|0.000000|99.000000|0.572247|0.437061|39.000000|0.466474|0.833333|-0.202893|12.000000|0.000000|1.673561|0.223213|0.223213|1.000000|0.444026|20200323.000000|20200323.000000|20200529.000000|20150615.000000|20160513.000000|20260828.000000
EX5:BL09400OP09|2013-11-01|0.435469|0.638929|1.001969|0.681561|1.573192|5.400103|6.000000|0.614330|0.696948|0.927995|1.322790|0.636218|0.475960|0.459792|1.191367|1.154476|0.000000|0.510284|0.352870|0.125350|0.536253|0.951572|1.130042|0.000000|93.000000|0.565412|0.439667|33.000000|0.417441|0.833333|-0.233647|12.000000|0.000000|1.695924|0.233456|0.233456|1.000000|0.436702|20200323.000000|20200323.000000|20200529.000000|20150615.000000|20160513.000000|20260828.000000
EX5:BL09400OP09|2014-05-01|0.473134|0.680852|1.063235|0.694914|1.654390|5.362855|7.000000|0.592466|0.752241|0.956770|1.245909|0.449633|0.440997|0.417958|1.127069|1.159894|0.018018|0.499210|0.394921|0.009149|0.534552|0.933885|1.123632|0.000000|87.000000|0.545541|0.425036|27.000000|0.434491|0.727273|-0.246027|11.000000|0.000000|1.572375|0.173225|0.173225|1.000000|0.474242|20150825.000000|20150825.000000|20200529.000000|20150615.000000|20150825.000000|20260828.000000
EX5:BL09400OP09|2014-11-01|0.435205|0.732912|1.010307|0.593802|1.604516|5.223889|6.000000|0.590813|0.678161|0.955816|1.282581|0.453565|0.463789|0.289083|1.258049|1.175018|0.028571|0.514098|0.442259|0.020590|0.547722|0.940599|1.174727|0.000000|81.000000|0.556074|0.452752|21.000000|0.421045|0.818182|-0.310564|11.000000|0.000000|1.536117|0.153710|0.153710|1.000000|0.436511|20150825.000000|20150825.000000|20200529.000000|20150612.000000|20160510.000000|20260828.000000
EX5:BL09400OP09|2015-05-01|0.397880|0.563153|1.025147|0.706522|1.457533|5.701663|6.000000|0.624899|0.692684|0.946481|1.303950|0.708491|0.471522|0.285368|1.310919|1.141611|0.000000|0.477200|0.409592|0.125009|0.546205|0.887791|1.116822|0.000000|75.000000|0.538204|0.450709|15.000000|0.443950|0.900000|-0.193314|10.000000|0.000000|1.684597|0.228302|0.228302|1.000000|0.399012|20200323.000000|20200323.000000|20200529.000000|20150615.000000|20160513.000000|20260828.000000
EX5:BL09400OP09|2015-11-01|0.458273|0.546238|1.136311|0.838962|1.528734|5.206504|6.000000|0.612987|0.693861|0.946674|1.282248|0.624375|0.492720|0.272832|1.527579|1.197420|0.000000|0.513153|0.450525|0.342381|0.546238|0.940265|1.176209|0.000000|69.000000|0.555474|0.539999|9.000000|0.486104|0.900000|-0.192661|10.000000|0.000000|1.684482|0.228249|0.228249|1.000000|0.459752|20200323.000000|20200323.000000|20201130.000000|20200114.000000|20200323.000000|20260828.000000
EX5:BL09400OP09|2016-05-01|0.555879|0.546200|1.326778|1.017720|1.563669|4.897124|7.000000|0.609630|0.696871|0.946571|1.286741|0.583499|0.492710|0.272965|1.591698|1.211296|0.000000|0.500574|0.440444|0.341699|0.546200|0.916467|1.152014|0.000000|63.000000|0.554192|0.553931|3.000000|0.547016|1.000000|0.000991|9.000000|0.000000|1.684710|0.228354|0.228354|1.000000|0.558024|20200323.000000|20200323.000000|20230131.000000|20200114.000000|20200323.000000|20260828.000000
EX5:BL10000OP09|2009-11-01|0.308175|0.642109|0.794456|0.479942|1.474802|5.260744|6.000000|0.613341|0.697669|0.981090|1.339173|0.613636|0.396772|0.530212|0.872012|0.941090|0.139394|0.384561|0.273908|-0.072079|0.530212|0.670394|0.870373|0.035461|141.000000|0.493932|0.363708|81.000000|0.236662|0.687500|-0.210392|16.000000|0.000000|1.598459|0.186717|0.186717|0.984589|0.309443|20150825.000000|20150825.000000|20160229.000000|20150615.000000|20150825.000000|20260828.000000
EX5:BL10000OP09|2010-05-01|0.309587|0.675019|0.798731|0.458635|1.505136|5.295857|7.000000|0.612292|0.719994|1.005510|1.299023|0.593905|0.361506|0.543143|0.902305|0.957182|0.113208|0.356226|0.249887|-0.091599|0.543143|0.635324|0.839975|0.066667|135.000000|0.485773|0.345350|75.000000|0.357865|0.666667|-0.210495|15.000000|0.000000|1.589698|0.182234|0.182234|1.000000|0.310967|20150825.000000|20150825.000000|20160229.000000|20150615.000000|20150825.000000|20260828.000000
EX5:BL10000OP09|2010-11-01|0.323558|0.658623|0.838748|0.491264|1.446383|5.096440|6.000000|0.612835|0.716339|0.904549|1.345244|0.613247|0.380430|0.416181|0.865116|0.962778|0.052288|0.361442|0.270321|-0.008747|0.530154|0.639197|0.860844|0.007752|129.000000|0.483715|0.337328|69.000000|0.185233|0.666667|-0.193048|15.000000|0.000000|1.701608|0.236017|0.236017|1.000000|0.324771|20200323.000000|20200323.000000|20160229.000000|20150615.000000|20160229.000000|20260828.000000
EX5:BL10000OP09|2011-05-01|0.342173|0.664489|0.874663|0.514941|1.466574|5.556470|6.000000|0.615330|0.733937|0.951078|1.342023|0.609895|0.385268|0.428718|1.034534|1.014517|0.013605|0.423630|0.265759|0.018610|0.546619|0.775000|1.006584|0.000000|123.000000|0.510853|0.373654|63.000000|0.393542|0.785714|-0.228396|14.000000|0.000000|1.678551|0.225522|0.225522|1.000000|0.343480|20200323.000000|20200323.000000|20160531.000000|20150615.000000|20160510.000000|20260828.000000
EX5:BL10000OP09|2011-11-01|0.367408|0.665541|0.890453|0.552044|1.550175|5.105620|6.000000|0.617882|0.714824|1.043426|1.355009|0.661258|0.404901|0.495946|0.959409|1.030378|0.000000|0.402208|0.318197|0.086406|0.533631|0.753720|0.955685|0.000000|117.000000|0.526072|0.381195|57.000000|0.352419|0.785714|-0.184373|14.000000|0.000000|1.559297|0.166291|0.166291|1.000000|0.369041|20150825.000000|20150825.000000|20200529.000000|20150615.000000|20150825.000000|20260828.000000
EX5:BL10000OP09|2012-05-01|0.404032|0.620498|0.966118|0.651142|1.577677|5.100522|6.000000|0.621711|0.721939|0.953465|1.358806|0.646651|0.415923|0.545387|1.036424|1.066466|0.000000|0.434119|0.332618|0.099053|0.545387|0.795984|1.026611|0.000000|111.000000|0.530118|0.403250|51.000000|0.434547|0.769231|-0.224152|13.000000|0.000000|1.689837|0.230695|0.230695|1.000000|0.405468|20200323.000000|20200323.000000|20200529.000000|20150615.000000|20160526.000000|20260828.000000
EX5:BL10000OP09|2012-11-01|0.425903|0.672945|0.985094|0.632894|1.641241|5.163838|7.000000|0.608840|0.719198|1.050953|1.302276|0.578618|0.399952|0.543054|0.984340|1.042074|0.000000|0.426825|0.308244|0.052743|0.543054|0.785971|1.017986|0.000000|105.000000|0.522055|0.387263|45.000000|0.424346|0.846154|-0.198774|13.000000|0.000000|1.577993|0.176169|0.176169|1.000000|0.427899|20150825.000000|20150825.000000|20200529.000000|20150615.000000|20150825.000000|20260828.000000
EX5:BL10000OP09|2013-05-01|0.401576|0.669417|0.937978|0.599889|1.591270|5.442521|7.000000|0.608114|0.706681|0.980490|1.379198|0.573588|0.426719|0.512785|1.034574|1.085022|0.000000|0.459858|0.307200|0.054529|0.545811|0.844851|1.055600|0.000000|99.000000|0.534906|0.398681|39.000000|0.492463|0.833333|-0.241944|12.000000|0.000000|1.579499|0.176954|0.176954|1.000000|0.402840|20150825.000000|20150825.000000|20200529.000000|20150615.000000|20160510.000000|20260828.000000
EX5:BL10000OP09|2013-11-01|0.429986|0.637768|0.983225|0.674204|1.606819|5.146605|6.000000|0.616801|0.702385|0.949355|1.380529|0.663462|0.432914|0.439342|1.090816|1.108181|0.000000|0.475285|0.341151|0.091086|0.545432|0.871392|1.101399|0.000000|93.000000|0.540550|0.423913|33.000000|0.419690|0.833333|-0.194185|12.000000|0.000000|1.671654|0.222327|0.222327|1.000000|0.431201|20150825.000000|20150825.000000|20200529.000000|20150615.000000|20160229.000000|20260828.000000
EX5:BL10000OP09|2014-05-01|0.459814|0.687288|1.035803|0.669026|1.649205|5.193625|7.000000|0.589713|0.720185|0.943918|1.327784|0.431955|0.431685|0.413833|1.195858|1.118613|0.009009|0.475035|0.365265|0.062703|0.444315|1.069140|1.081971|0.000000|87.000000|0.526532|0.423950|27.000000|0.432010|0.727273|-0.231045|11.000000|0.000000|1.577564|0.175945|0.175945|1.000000|0.460886|20150825.000000|20150825.000000|20200529.000000|20150615.000000|20160229.000000|20260828.000000
EX5:BL10000OP09|2014-11-01|0.415317|0.747096|0.973616|0.555909|1.602836|5.269531|7.000000|0.605068|0.687711|0.839927|1.277437|0.541565|0.434617|0.333135|1.150067|1.120800|0.047619|0.487657|0.401269|-0.014960|0.532946|0.927725|1.130025|0.012346|81.000000|0.534677|0.436883|21.000000|0.443124|0.727273|-0.347721|11.000000|0.000000|1.495039|0.130457|0.130457|1.000000|0.416556|20150825.000000|20150825.000000|20200529.000000|20150615.000000|20160510.000000|20260828.000000
EX5:BL10000OP09|2015-05-01|0.401288|0.562351|1.031667|0.713590|1.484152|5.318144|7.000000|0.607019|0.698652|0.944187|1.356062|0.578609|0.464666|0.311068|1.257903|1.144653|0.000000|0.506103|0.422776|0.087506|0.545223|0.928724|1.148823|0.000000|75.000000|0.537028|0.451899|15.000000|0.484048|0.800000|-0.225301|10.000000|0.000000|1.680677|0.226502|0.226502|1.000000|0.402431|20200323.000000|20200323.000000|20200529.000000|20150615.000000|20160613.000000|20260828.000000
EX5:BL10000OP09|2015-11-01|0.431756|0.545473|1.087991|0.791527|1.552066|4.895795|7.000000|0.603661|0.703283|0.944664|1.338127|0.539287|0.464229|0.310061|1.343985|1.144030|0.000000|0.492618|0.430716|0.291672|0.545473|0.905114|1.123760|0.000000|69.000000|0.519649|0.509451|9.000000|0.532804|0.800000|-0.224663|10.000000|0.000000|1.679706|0.226055|0.226055|1.000000|0.433138|20200323.000000|20200323.000000|20201231.000000|20200114.000000|20200323.000000|20260828.000000
EX5:BL10000OP09|2016-05-01|0.546753|0.545720|1.301420|1.001893|1.569840|5.143799|7.000000|0.607798|0.701332|0.945187|1.358237|0.583499|0.486760|0.310026|1.376419|1.168344|0.000000|0.515752|0.446116|0.344078|0.545720|0.945085|1.179965|0.000000|63.000000|0.539995|0.542939|3.000000|0.535315|0.888889|-0.085502|9.000000|0.000000|1.678995|0.225727|0.225727|1.000000|0.548858|20200323.000000|20200323.000000|20230131.000000|20200114.000000|20200323.000000|20260828.000000
EX5:BL10100OP09|2009-11-01|0.276456|0.672216|0.741810|0.411260|1.481945|4.785049|6.000000|0.615607|0.708075|0.953570|1.348673|0.647564|0.359657|0.543517|0.668341|0.857982|0.145455|0.338127|0.240050|-0.088584|0.543517|0.592038|0.820927|0.049645|141.000000|0.409625|0.314938|81.000000|0.192766|0.625000|-0.276022|16.000000|0.000000|1.691666|0.231527|0.231527|0.984589|0.277579|20200323.000000|20200323.000000|20160229.000000|20110325.000000|20121115.000000|20260828.000000
EX5:BL10100OP09|2010-05-01|0.328687|0.672617|0.823617|0.488669|1.521451|5.312357|6.000000|0.614705|0.708733|0.989723|1.394224|0.621875|0.416085|0.545436|0.942460|0.992392|0.113208|0.408486|0.315979|-0.091901|0.545436|0.686429|0.913399|0.037037|135.000000|0.491879|0.381730|75.000000|0.311071|0.733333|-0.276030|15.000000|0.000000|1.648758|0.211528|0.211528|1.000000|0.330163|20150825.000000|20150825.000000|20160229.000000|20110325.000000|20121115.000000|20260828.000000
EX5:BL10100OP09|2010-11-01|0.366118|0.643013|0.900750|0.569379|1.465223|5.331404|7.000000|0.613243|0.708806|0.961541|1.341893|0.611220|0.428016|0.416307|0.989707|0.992938|0.058824|0.433968|0.329255|0.005203|0.533408|0.767432|0.964244|0.000000|129.000000|0.529590|0.405877|69.000000|0.314477|0.666667|-0.143220|15.000000|0.000000|1.597381|0.186168|0.186168|1.000000|0.367512|20150825.000000|20150825.000000|20160229.000000|20150615.000000|20150825.000000|20260828.000000
EX5:BL10100OP09|2011-05-01|0.358872|0.618109|0.897060|0.580597|1.487140|5.166395|6.000000|0.616137|0.716246|0.952050|1.359188|0.639284|0.404676|0.436938|0.967591|0.989260|0.013605|0.404063|0.306333|0.048685|0.545214|0.726720|0.946452|0.000000|123.000000|0.482551|0.387151|63.000000|0.369335|0.785714|-0.210967|14.000000|0.000000|1.690498|0.230996|0.230996|1.000000|0.360252|20200323.000000|20200323.000000|20160531.000000|20150615.000000|20160526.000000|20260828.000000
EX5:BL10100OP09|2011-11-01|0.376042|0.608294|0.929360|0.618191|1.532783|5.684985|7.000000|0.623877|0.710201|0.838100|1.357631|0.687820|0.420130|0.492138|0.943532|0.991731|0.000000|0.415828|0.330741|0.102989|0.532730|0.768762|0.967950|0.000000|117.000000|0.527207|0.395801|57.000000|0.424951|0.714286|-0.169617|14.000000|0.000000|1.697715|0.234265|0.234265|1.000000|0.377718|20200323.000000|20200323.000000|20161230.000000|20150615.000000|20160229.000000|20260828.000000
EX5:BL10100OP09|2012-05-01|0.430771|0.681483|1.003296|0.632108|1.572815|5.277698|7.000000|0.610410|0.706152|1.056859|1.299293|0.596537|0.457400|0.400116|1.387078|1.162307|0.000000|0.488384|0.365610|0.164419|0.400116|1.220606|1.139654|0.000000|111.000000|0.584371|0.447036|51.000000|0.435273|0.769231|-0.066372|13.000000|0.000000|1.533932|0.152505|0.152505|1.000000|0.432315|20150825.000000|20150825.000000|20200529.000000|20150615.000000|20150825.000000|20260828.000000
EX5:BL10100OP09|2012-11-01|0.459079|0.646152|1.040786|0.710480|1.622780|5.236929|6.000000|0.618262|0.722021|0.954025|1.376760|0.637880|0.422729|0.545086|1.066872|1.085772|0.000000|0.459439|0.343105|0.085072|0.545086|0.842874|1.063036|0.000000|105.000000|0.543767|0.423007|45.000000|0.449634|0.846154|-0.185688|13.000000|0.000000|1.690654|0.231067|0.231067|1.000000|0.461254|20200323.000000|20200323.000000|20200529.000000|20150615.000000|20160526.000000|20260828.000000
EX5:BL10100OP09|2013-05-01|0.407392|0.671345|0.948356|0.606830|1.591107|5.212820|7.000000|0.606846|0.700074|0.979429|1.361082|0.566492|0.438229|0.512359|1.119912|1.132844|0.000000|0.481426|0.289279|0.052741|0.545106|0.883178|1.088643|0.000000|99.000000|0.544551|0.409325|39.000000|0.482041|0.833333|-0.246110|12.000000|0.000000|1.579764|0.177092|0.177092|1.000000|0.408678|20150825.000000|20150825.000000|20200529.000000|20150615.000000|20160510.000000|20260828.000000
EX5:BL10100OP09|2013-11-01|0.442184|0.642330|1.001609|0.688407|1.616951|5.328236|6.000000|0.614928|0.700751|0.839868|1.364891|0.647756|0.456484|0.446403|1.159767|1.167819|0.000000|0.513315|0.340864|0.095938|0.533320|0.962491|1.152568|0.000000|93.000000|0.548756|0.448643|33.000000|0.431419|0.833333|-0.169424|12.000000|0.000000|1.671654|0.222327|0.222327|1.000000|0.443439|20150825.000000|20150825.000000|20200529.000000|20150615.000000|20160229.000000|20260828.000000
EX5:BL10100OP09|2014-05-01|0.481050|0.682396|1.070117|0.704943|1.636695|5.209145|7.000000|0.603393|0.740092|0.946311|1.312465|0.528686|0.442833|0.414109|1.105084|1.170664|0.000000|0.512343|0.396627|0.032395|0.546278|0.941296|1.145969|0.000000|87.000000|0.547669|0.444903|27.000000|0.433407|0.727273|-0.230225|11.000000|0.000000|1.577815|0.176076|0.176076|1.000000|0.482180|20150825.000000|20150825.000000|20200529.000000|20150615.000000|20150825.000000|20260828.000000
EX5:BL10100OP09|2014-11-01|0.427082|0.733928|0.996489|0.581913|1.592718|5.993123|7.000000|0.606268|0.690937|0.840293|1.298105|0.540174|0.471546|0.327331|1.228594|1.185593|0.009524|0.518989|0.437024|0.012658|0.532243|1.002553|1.185233|0.000000|81.000000|0.533685|0.446473|21.000000|0.445212|0.727273|-0.324248|11.000000|0.000000|1.541846|0.156855|0.156855|1.000000|0.428361|20150825.000000|20150825.000000|20200529.000000|20150615.000000|20160128.000000|20260828.000000
EX5:BL10100OP09|2015-05-01|0.399296|0.567877|1.028910|0.703139|1.486920|5.463508|7.000000|0.606523|0.697726|0.943936|1.335003|0.558912|0.446385|0.312782|1.228027|1.101190|0.000000|0.485082|0.398999|0.084211|0.545268|0.889623|1.108051|0.000000|75.000000|0.531117|0.438388|15.000000|0.482646|0.800000|-0.248021|10.000000|0.000000|1.680713|0.226519|0.226519|1.000000|0.400433|20200323.000000|20200323.000000|20200529.000000|20150615.000000|20160613.000000|20260828.000000
EX5:BL10100OP09|2015-11-01|0.457497|0.544893|1.133250|0.839608|1.542016|5.083438|7.000000|0.604227|0.698818|0.944718|1.320803|0.551552|0.498750|0.312253|1.365973|1.240602|0.000000|0.541872|0.494425|0.298678|0.544893|1.001671|1.220731|0.000000|69.000000|0.551036|0.543735|9.000000|0.610078|0.800000|-0.237862|10.000000|0.000000|1.680843|0.226578|0.226578|1.000000|0.458973|20200323.000000|20200323.000000|20201130.000000|20200114.000000|20200323.000000|20260828.000000
EX5:BL10100OP09|2016-05-01|0.522857|0.545773|1.270188|0.958011|1.579876|5.127181|7.000000|0.603330|0.703798|0.945808|1.354531|0.539657|0.459323|0.311958|1.382599|1.141824|0.000000|0.477957|0.412350|0.312823|0.545773|0.875743|1.127183|0.000000|63.000000|0.515060|0.517064|3.000000|0.542545|0.888889|-0.087991|9.000000|0.000000|1.679102|0.225777|0.225777|1.000000|0.524855|20200323.000000|20200323.000000|20230131.000000|20200114.000000|20200323.000000|20260828.000000
EX5:BL10700OP09|2009-11-01|0.296870|0.767902|0.755405|0.386599|1.538928|5.528131|7.000000|0.619635|0.729115|0.908807|1.388317|0.672197|0.414371|0.487642|0.850227|0.922177|0.151515|0.406925|0.195138|-0.176989|0.487642|0.714620|0.891223|0.120567|141.000000|0.569086|0.374482|81.000000|0.330088|0.625000|-0.345044|16.000000|0.000000|1.686745|0.229285|0.229285|0.984589|0.298086|20150825.000000|20150825.000000|20160229.000000|20110328.000000|20140320.000000|20260828.000000
EX5:BL10700OP09|2010-05-01|0.306975|0.769590|0.774386|0.398882|1.559523|5.297116|7.000000|0.617186|0.731631|0.923530|1.375489|0.646357|0.417882|0.483051|0.856333|0.939417|0.119497|0.412153|0.281710|-0.159197|0.487990|0.737760|0.913459|0.096296|135.000000|0.552851|0.383975|75.000000|0.331553|0.666667|-0.344890|15.000000|0.000000|1.777849|0.268779|0.268779|1.000000|0.308343|20150825.000000|20150825.000000|20160229.000000|20110328.000000|20140320.000000|20260828.000000
EX5:BL10700OP09|2010-11-01|0.336854|0.618650|0.845075|0.544499|1.482603|5.300591|7.000000|0.612996|0.711233|0.943514|1.377677|0.617746|0.419154|0.467470|0.927515|0.962704|0.084967|0.416232|0.317733|-0.020135|0.488001|0.799913|0.925046|0.015504|129.000000|0.547882|0.391778|69.000000|0.313374|0.666667|-0.259727|15.000000|0.000000|1.770040|0.265553|0.265553|1.000000|0.338123|20150825.000000|20150825.000000|20160229.000000|20150615.000000|20160526.000000|20260828.000000
EX5:BL10700OP09|2011-05-01|0.387219|0.606390|0.926513|0.638564|1.522580|5.801249|7.000000|0.618872|0.743003|0.944341|1.398698|0.667044|0.459774|0.483536|0.951263|1.032281|0.047619|0.476438|0.357031|0.011219|0.545274|0.862447|1.020541|0.000000|123.000000|0.584815|0.457700|63.000000|0.401359|0.714286|-0.257603|14.000000|0.000000|1.679364|0.225898|0.225898|1.000000|0.388722|20200323.000000|20200323.000000|20160531.000000|20150615.000000|20150825.000000|20260828.000000
EX5:BL10700OP09|2011-11-01|0.406350|0.615774|0.950209|0.659901|1.570756|5.393602|7.000000|0.615980|0.760811|1.003366|1.379016|0.667233|0.467536|0.526034|1.007312|1.094599|0.007092|0.481836|0.384896|0.058866|0.564908|0.852195|1.037563|0.000000|117.000000|0.612032|0.466277|57.000000|0.391168|0.714286|-0.256067|14.000000|0.000000|1.701893|0.236145|0.236145|1.000000|0.408180|20200323.000000|20200323.000000|20161230.000000|20150615.000000|20160526.000000|20260828.000000
EX5:BL10700OP09|2012-05-01|0.415145|0.604774|0.962205|0.686446|1.617394|5.272111|7.000000|0.612087|0.713806|0.878748|1.378678|0.619994|0.455083|0.445219|1.016609|1.050429|0.000000|0.460561|0.369120|0.153030|0.487876|0.943258|0.987290|0.000000|111.000000|0.568422|0.437258|51.000000|0.434186|0.769231|-0.259516|13.000000|0.000000|1.757505|0.260315|0.260315|1.000000|0.416626|20150825.000000|20150825.000000|20170531.000000|20150615.000000|20160526.000000|20260828.000000
EX5:BL10700OP09|2012-11-01|0.490660|0.646331|1.060608|0.759147|1.653285|5.410254|7.000000|0.615183|0.758895|1.002774|1.386149|0.660214|0.499151|0.564904|1.093887|1.151741|0.000000|0.561108|0.408306|0.147398|0.564904|1.019324|1.154553|0.000000|105.000000|0.618469|0.505809|45.000000|0.396358|0.769231|-0.256366|13.000000|0.000000|1.673097|0.222998|0.222998|1.000000|0.493008|20150825.000000|20150825.000000|20200529.000000|20150615.000000|20160229.000000|20260828.000000
EX5:BL10700OP09|2013-05-01|0.458531|0.665088|1.004409|0.689428|1.645807|5.444572|7.000000|0.611451|0.772302|1.042915|1.375091|0.598581|0.489639|0.533185|1.114360|1.163142|0.000000|0.554795|0.377847|0.114922|0.563828|1.014995|1.187879|0.000000|99.000000|0.614608|0.471853|39.000000|0.447564|0.833333|-0.249429|12.000000|0.000000|1.568544|0.171206|0.171206|1.000000|0.460002|20150825.000000|20150825.000000|20200529.000000|20150615.000000|20150825.000000|20260828.000000
EX5:BL10700OP09|2013-11-01|0.502782|0.634001|1.068142|0.793031|1.643098|5.422873|7.000000|0.622705|0.755303|1.019561|1.416464|0.690705|0.516017|0.482511|1.179772|1.228757|0.000000|0.615375|0.396506|0.140099|0.564921|1.104318|1.225420|0.000000|93.000000|0.636556|0.510154|33.000000|0.443318|0.833333|-0.259639|12.000000|0.000000|1.682773|0.227466|0.227466|1.000000|0.504237|20150825.000000|20150825.000000|20200529.000000|20150615.000000|20160229.000000|20260828.000000
EX5:BL10700OP09|2014-05-01|0.479785|0.687629|1.069886|0.697738|1.668108|5.148687|7.000000|0.582800|0.724593|0.967536|1.262941|0.415610|0.449726|0.409016|1.260503|1.148877|0.000000|0.513617|0.372205|0.065618|0.457795|1.121938|1.145914|0.000000|87.000000|0.552791|0.441110|27.000000|0.417678|0.727273|-0.248248|11.000000|0.000000|1.545481|0.158838|0.158838|1.000000|0.480912|20150825.000000|20150825.000000|20200529.000000|20150615.000000|20150825.000000|20260828.000000
EX5:BL10700OP09|2014-11-01|0.453607|0.738043|1.016633|0.614607|1.624749|5.420674|8.000000|0.604440|0.710190|0.955844|1.318106|0.545043|0.456664|0.383277|1.250766|1.114650|0.000000|0.478581|0.369865|0.074817|0.545822|0.876807|1.090745|0.000000|81.000000|0.538147|0.476507|21.000000|0.397624|0.727273|-0.305758|11.000000|0.000000|1.507787|0.137809|0.137809|1.000000|0.454976|20150825.000000|20150825.000000|20200529.000000|20150615.000000|20160128.000000|20260828.000000
EX5:BL10700OP09|2015-05-01|0.443914|0.564813|1.070809|0.785949|1.545975|5.530085|7.000000|0.608114|0.684237|0.844617|1.353594|0.580755|0.503966|0.457773|1.424141|1.221976|0.000000|0.579341|0.460390|0.162277|0.473565|1.273170|1.221916|0.000000|75.000000|0.587718|0.494209|15.000000|0.607522|0.800000|-0.295113|10.000000|0.000000|1.820026|0.285724|0.285724|1.000000|0.445197|20200323.000000|20200323.000000|20200529.000000|20150615.000000|20160530.000000|20260828.000000
EX5:BL10700OP09|2015-11-01|0.521843|0.564620|1.180986|0.924237|1.603577|5.604450|6.000000|0.609203|0.774263|0.992430|1.385818|0.602530|0.555809|0.482769|1.418947|1.297563|0.000000|0.640255|0.566141|0.339217|0.564620|1.146736|1.274842|0.000000|69.000000|0.621678|0.612763|9.000000|0.629184|0.800000|-0.291609|10.000000|0.000000|1.702804|0.236553|0.236553|1.000000|0.523561|20200323.000000|20200323.000000|20201130.000000|20200114.000000|20200323.000000|20260828.000000
EX5:BL10700OP09|2016-05-01|0.648370|0.565350|1.382230|1.146848|1.630076|5.367697|7.000000|0.613714|0.780561|1.033481|1.374292|0.644081|0.599748|0.473655|1.496855|1.365504|0.000000|0.661786|0.600208|0.440458|0.565350|1.180554|1.319364|0.000000|63.000000|0.640179|0.640063|3.000000|0.893529|0.888889|-0.251508|9.000000|0.000000|1.700212|0.235389|0.235389|1.000000|0.650941|20200323.000000|20200323.000000|20230131.000000|20200114.000000|20200323.000000|20260828.000000
EX5:BL11600OP09|2009-11-01|0.265220|0.785074|0.700500|0.337828|1.539901|5.268804|6.000000|0.621896|0.726686|0.874382|1.357254|0.654336|0.381817|0.532880|0.706338|0.895737|0.151515|0.368163|0.188809|-0.196182|0.532880|0.638966|0.844913|0.141844|141.000000|0.518900|0.334260|81.000000|0.266212|0.625000|-0.314624|16.000000|0.000000|1.697749|0.234280|0.234280|0.984589|0.266294|20200323.000000|20200323.000000|20160229.000000|20110325.000000|20140320.000000|20260828.000000
EX5:BL11600OP09|2010-05-01|0.265131|0.785323|0.699911|0.337608|1.565368|5.368951|7.000000|0.617818|0.731081|0.947828|1.341213|0.631959|0.356012|0.540713|0.674148|0.842395|0.119497|0.350269|0.267100|-0.195796|0.540713|0.571776|0.792905|0.118519|135.000000|0.452935|0.310648|75.000000|0.209030|0.666667|-0.314742|15.000000|0.000000|1.695786|0.233394|0.233394|1.000000|0.266294|20200323.000000|20200323.000000|20160229.000000|20110325.000000|20140320.000000|20260828.000000
EX5:BL11600OP09|2010-11-01|0.277258|0.693538|0.735273|0.399773|1.533350|5.423183|6.000000|0.616161|0.698766|0.848749|1.356706|0.608274|0.362091|0.449939|0.826482|0.899529|0.084967|0.374430|0.293262|-0.109476|0.449939|0.688660|0.846278|0.062016|129.000000|0.446594|0.335569|69.000000|0.246758|0.666667|-0.288888|15.000000|0.000000|1.782854|0.270832|0.270832|1.000000|0.278280|20150825.000000|20150825.000000|20160229.000000|20110328.000000|20140320.000000|20260828.000000
EX5:BL11600OP09|2011-05-01|0.303477|0.657216|0.780634|0.461761|1.539626|5.123629|7.000000|0.612587|0.706780|0.874946|1.360145|0.597932|0.365963|0.436533|0.796005|0.902168|0.047619|0.376719|0.298411|-0.038448|0.436533|0.694760|0.859197|0.016260|123.000000|0.447743|0.356346|63.000000|0.325777|0.714286|-0.287012|14.000000|0.000000|1.698974|0.234832|0.234832|1.000000|0.304620|20150825.000000|20150825.000000|20160531.000000|20150615.000000|20160229.000000|20260828.000000
EX5:BL11600OP09|2011-11-01|0.322586|0.622326|0.817783|0.518355|1.577632|5.518089|6.000000|0.616107|0.711079|0.894838|1.368734|0.623635|0.384080|0.448371|0.907178|0.961513|0.007092|0.392567|0.321718|0.032540|0.448371|0.738370|0.904722|0.000000|117.000000|0.498376|0.370138|57.000000|0.280888|0.714286|-0.286971|14.000000|0.000000|1.808314|0.281098|0.281098|1.000000|0.323997|20150825.000000|20150825.000000|20161230.000000|20150615.000000|20160229.000000|20260828.000000
EX5:BL11600OP09|2012-05-01|0.359436|0.651832|0.867651|0.551425|1.627052|5.748533|7.000000|0.618013|0.698224|0.954871|1.397120|0.643248|0.382153|0.434913|0.956458|0.945830|0.000000|0.405754|0.334650|0.155291|0.434913|0.803816|0.914224|0.000000|111.000000|0.488847|0.370121|51.000000|0.331688|0.769231|-0.144336|13.000000|0.000000|1.587995|0.181357|0.181357|1.000000|0.360694|20150825.000000|20150825.000000|20170531.000000|20150615.000000|20150825.000000|20260828.000000
EX5:BL11600OP09|2012-11-01|0.409075|0.645716|0.975004|0.633522|1.635041|5.399518|7.000000|0.612002|0.715327|0.894200|1.353595|0.614949|0.425493|0.525524|0.948396|1.032923|0.000000|0.420020|0.341955|0.091567|0.525524|0.759209|0.947747|0.000000|105.000000|0.527358|0.406336|45.000000|0.396375|0.769231|-0.226508|13.000000|0.000000|1.709007|0.239324|0.239324|1.000000|0.410982|20200323.000000|20200323.000000|20200529.000000|20150615.000000|20160518.000000|20260828.000000
EX5:BL11600OP09|2013-05-01|0.394358|0.617774|0.936120|0.638353|1.635301|5.687611|7.000000|0.607642|0.672108|0.822813|1.384014|0.549213|0.393803|0.423758|1.015975|0.968562|0.000000|0.396352|0.310736|0.155030|0.426567|0.886838|0.958731|0.000000|99.000000|0.497878|0.389240|39.000000|0.403747|0.833333|-0.197546|12.000000|0.000000|1.867371|0.303834|0.303834|1.000000|0.395597|20200323.000000|20200323.000000|20200529.000000|20150615.000000|20160229.000000|20260828.000000
EX5:BL11600OP09|2013-11-01|0.448830|0.634989|1.015055|0.706831|1.646831|5.356513|7.000000|0.610768|0.689011|0.811287|1.329795|0.585256|0.452521|0.455741|1.139890|1.123879|0.000000|0.502720|0.362243|0.137863|0.478263|1.056873|1.128633|0.000000|93.000000|0.555834|0.450348|33.000000|0.431639|0.833333|-0.176450|12.000000|0.000000|1.711783|0.240558|0.240558|1.000000|0.450106|20150825.000000|20150825.000000|20200529.000000|20150615.000000|20160229.000000|20260828.000000
EX5:BL11600OP09|2014-05-01|0.501381|0.634594|1.102007|0.790081|1.664851|5.828087|7.000000|0.604633|0.715447|0.894979|1.328337|0.529686|0.466377|0.426328|1.173992|1.112633|0.000000|0.520446|0.390061|0.143527|0.478208|1.160486|1.122434|0.000000|87.000000|0.549390|0.463538|27.000000|0.472399|0.818182|-0.259990|11.000000|0.000000|1.669464|0.221307|0.221307|1.000000|0.502566|20150825.000000|20150825.000000|20200529.000000|20150615.000000|20160229.000000|20260828.000000
EX5:BL11600OP09|2014-11-01|0.421407|0.764292|0.963455|0.551369|1.643811|5.375850|7.000000|0.606426|0.704578|0.896070|1.326451|0.565217|0.448666|0.417174|1.032157|1.097293|0.000000|0.470139|0.351999|0.014745|0.534027|0.881958|1.060500|0.000000|81.000000|0.529908|0.450117|21.000000|0.396176|0.727273|-0.354901|11.000000|0.000000|1.472172|0.116951|0.116951|1.000000|0.422666|20150825.000000|20150825.000000|20200529.000000|20150615.000000|20160229.000000|20260828.000000
EX5:BL11600OP09|2015-05-01|0.395506|0.657074|0.991141|0.601919|1.576651|5.493196|7.000000|0.602442|0.691652|0.899345|1.343543|0.524517|0.471013|0.386531|1.173845|1.147001|0.000000|0.505279|0.388800|0.068887|0.524505|0.965803|1.135551|0.000000|75.000000|0.542581|0.454115|15.000000|0.585410|0.800000|-0.276218|10.000000|0.000000|1.710935|0.240182|0.240182|1.000000|0.396630|20200323.000000|20200323.000000|20200529.000000|20150615.000000|20160518.000000|20260828.000000
EX5:BL11600OP09|2015-11-01|0.460366|0.470768|1.129506|0.977905|1.603307|5.341452|7.000000|0.603327|0.691259|0.800170|1.339905|0.544828|0.466975|0.395305|1.266959|1.163110|0.000000|0.517527|0.444946|0.310152|0.470768|1.099329|1.174986|0.000000|69.000000|0.542032|0.541969|9.000000|0.544541|0.800000|-0.275338|10.000000|0.000000|1.926092|0.325058|0.325058|1.000000|0.461853|20200323.000000|20200323.000000|20230131.000000|20200114.000000|20200323.000000|20260828.000000
EX5:BL11600OP09|2016-05-01|0.589942|0.542899|1.350785|1.086652|1.620092|5.793032|7.000000|0.604880|0.713639|0.939332|1.331941|0.543643|0.492229|0.392918|1.367457|1.226348|0.000000|0.558832|0.489034|0.349953|0.542899|1.032823|1.227623|0.000000|63.000000|0.579062|0.578973|3.000000|0.721681|0.888889|-0.150182|9.000000|0.000000|1.682773|0.227465|0.227465|1.000000|0.592242|20200323.000000|20200323.000000|20230131.000000|20200114.000000|20200323.000000|20260828.000000
EX5:BL11800OP09|2009-11-01|0.273610|0.726663|0.717766|0.376529|1.553729|5.065470|6.000000|0.614258|0.694501|0.915108|1.342202|0.604843|0.359647|0.433678|0.777679|0.848162|0.151515|0.365917|0.205601|-0.149459|0.435945|0.683134|0.817857|0.099291|141.000000|0.475207|0.321141|81.000000|0.224184|0.625000|-0.271801|16.000000|0.000000|1.594019|0.184451|0.184451|0.984589|0.274721|20150825.000000|20150825.000000|20160229.000000|20110325.000000|20140320.000000|20260828.000000
EX5:BL11800OP09|2010-05-01|0.309086|0.741153|0.786321|0.417034|1.562335|5.282307|7.000000|0.616373|0.723739|0.946738|1.347219|0.627799|0.406791|0.543824|0.770231|0.918803|0.119497|0.391883|0.273659|-0.159401|0.543824|0.656597|0.883147|0.096296|135.000000|0.537874|0.363738|75.000000|0.303035|0.666667|-0.271805|15.000000|0.000000|1.682064|0.227140|0.227140|1.000000|0.310464|20200323.000000|20200323.000000|20160229.000000|20110325.000000|20140320.000000|20260828.000000
EX5:BL11800OP09|2010-11-01|0.296944|0.705272|0.771197|0.421035|1.541198|5.824759|7.000000|0.616540|0.714350|0.840954|1.349890|0.625785|0.409388|0.485752|0.863527|0.958026|0.084967|0.382757|0.320590|-0.120593|0.485752|0.715136|0.903281|0.077519|129.000000|0.496017|0.370302|69.000000|0.339070|0.666667|-0.271779|15.000000|0.000000|1.821916|0.286465|0.286465|1.000000|0.298047|20150825.000000|20150825.000000|20160229.000000|20110328.000000|20140320.000000|20260828.000000
EX5:BL11800OP09|2011-05-01|0.304914|0.613162|0.791453|0.497282|1.540635|5.449246|7.000000|0.617068|0.700413|0.824664|1.372788|0.619247|0.361031|0.434043|0.843565|0.910736|0.047619|0.380118|0.287141|-0.029616|0.434043|0.717486|0.868369|0.016260|123.000000|0.421563|0.351305|63.000000|0.290939|0.714286|-0.269390|14.000000|0.000000|1.788900|0.273296|0.273296|1.000000|0.306064|20150825.000000|20150825.000000|20160531.000000|20150615.000000|20160229.000000|20260828.000000
EX5:BL11800OP09|2011-11-01|0.326336|0.621170|0.822413|0.525357|1.591927|5.266911|7.000000|0.618584|0.710541|0.893121|1.371644|0.626503|0.393557|0.408071|0.979449|0.958499|0.007092|0.404215|0.324915|0.039486|0.408071|0.800734|0.905045|0.000000|117.000000|0.504078|0.373311|57.000000|0.342395|0.714286|-0.269791|14.000000|0.000000|1.821164|0.286171|0.286171|1.000000|0.327765|20150825.000000|20150825.000000|20161230.000000|20150615.000000|20160229.000000|20260828.000000
EX5:BL11800OP09|2012-05-01|0.360320|0.658481|0.875170|0.547198|1.621813|5.264249|7.000000|0.619398|0.711794|0.854525|1.373880|0.636625|0.388938|0.404590|0.970223|0.926453|0.000000|0.398387|0.320117|0.124448|0.404590|0.782028|0.905528|0.000000|111.000000|0.509503|0.365482|51.000000|0.431437|0.769231|-0.186465|13.000000|0.000000|1.745449|0.255206|0.255206|1.000000|0.361581|20150825.000000|20150825.000000|20170531.000000|20150615.000000|20160229.000000|20260828.000000
EX5:BL11800OP09|2012-11-01|0.399302|0.641098|0.951829|0.622840|1.652200|5.435341|7.000000|0.599506|0.686194|0.792453|1.316225|0.496426|0.373949|0.455415|0.815012|0.905957|0.000000|0.384403|0.325443|0.132206|0.455415|0.753968|0.913396|0.000000|105.000000|0.493228|0.369666|45.000000|0.435153|0.769231|-0.180220|13.000000|0.000000|1.802740|0.278875|0.278875|1.000000|0.401157|20150825.000000|20150825.000000|20200630.000000|20150615.000000|20160229.000000|20260828.000000
EX5:BL11800OP09|2013-05-01|0.411367|0.627382|0.969130|0.655688|1.655854|5.450110|7.000000|0.603623|0.691490|0.884146|1.315552|0.536871|0.420535|0.480851|0.906171|1.023813|0.000000|0.425932|0.318844|0.083579|0.516581|0.824522|1.019153|0.000000|99.000000|0.527260|0.405820|39.000000|0.435542|0.833333|-0.196585|12.000000|0.000000|1.732202|0.249510|0.249510|1.000000|0.412667|20150825.000000|20150825.000000|20200529.000000|20150615.000000|20160229.000000|20260828.000000
EX5:BL11800OP09|2013-11-01|0.423041|0.631393|0.973868|0.670012|1.649893|5.260240|7.000000|0.610276|0.690615|0.811020|1.382111|0.591667|0.415392|0.434639|1.063604|1.004460|0.000000|0.421011|0.323321|0.171327|0.434639|0.980792|1.022100|0.000000|93.000000|0.515412|0.413583|33.000000|0.406587|0.833333|-0.152243|12.000000|0.000000|1.825571|0.287894|0.287894|1.000000|0.424234|20150825.000000|20150825.000000|20200529.000000|20150615.000000|20160229.000000|20260828.000000
EX5:BL11800OP09|2014-05-01|0.516327|0.627346|1.133020|0.823032|1.670063|5.548430|7.000000|0.597326|0.688903|0.914736|1.273188|0.480987|0.464922|0.439774|1.200953|1.114265|0.000000|0.522417|0.374837|0.116068|0.488633|1.106762|1.127020|0.000000|87.000000|0.563955|0.473052|27.000000|0.415008|0.818182|-0.273570|11.000000|0.000000|1.669460|0.221305|0.221305|1.000000|0.517553|20150825.000000|20150825.000000|20200529.000000|20150615.000000|20160229.000000|20260828.000000
EX5:BL11800OP09|2014-11-01|0.432606|0.766499|0.982050|0.564393|1.643945|5.627718|7.000000|0.601193|0.694860|0.967049|1.302035|0.509217|0.459912|0.403328|1.148386|1.130190|0.000000|0.485319|0.343182|0.024103|0.518124|0.937621|1.106593|0.000000|81.000000|0.544938|0.460087|21.000000|0.397721|0.727273|-0.363904|11.000000|0.000000|1.470987|0.116240|0.116240|1.000000|0.433904|20150825.000000|20150825.000000|20200529.000000|20150615.000000|20160229.000000|20260828.000000
EX5:BL11800OP09|2015-05-01|0.353891|0.682091|0.898342|0.518833|1.593960|5.353628|7.000000|0.594251|0.673924|0.840762|1.339049|0.460059|0.427901|0.387998|1.148366|1.048940|0.000000|0.470877|0.350028|0.082570|0.434342|1.096718|1.070619|0.000000|75.000000|0.500455|0.417495|15.000000|0.499213|0.800000|-0.286037|10.000000|0.000000|1.845952|0.295756|0.295756|1.000000|0.354883|20200323.000000|20200323.000000|20200529.000000|20150615.000000|20160518.000000|20260828.000000
EX5:BL11800OP09|2015-11-01|0.405512|0.470779|1.027942|0.861364|1.614172|5.279877|7.000000|0.603859|0.670482|0.790580|1.367328|0.527203|0.396380|0.387561|1.140769|1.010768|0.000000|0.425286|0.336162|0.212040|0.441426|0.965445|1.003129|0.000000|69.000000|0.481248|0.480348|9.000000|0.421280|0.800000|-0.279275|10.000000|0.000000|1.835212|0.291635|0.291635|1.000000|0.406799|20200323.000000|20200323.000000|20230131.000000|20151225.000000|20160518.000000|20260828.000000
EX5:BL11800OP09|2016-05-01|0.585062|0.543851|1.344229|1.075776|1.630533|5.191086|7.000000|0.609072|0.722243|0.938607|1.334564|0.601435|0.515149|0.393807|1.308127|1.258935|0.000000|0.574969|0.497375|0.356066|0.543851|1.063914|1.245201|0.000000|63.000000|0.577866|0.577753|3.000000|0.746790|0.888889|-0.151457|9.000000|0.000000|1.682133|0.227172|0.227172|1.000000|0.587340|20200323.000000|20200323.000000|20230131.000000|20200114.000000|20200323.000000|20260828.000000
EX5:BL11900OP09|2009-11-01|0.300054|0.732069|0.775384|0.409872|1.529855|5.615438|7.000000|0.625248|0.725943|0.937020|1.328903|0.677733|0.375269|0.544259|0.767429|0.885021|0.157576|0.350403|0.124500|-0.167004|0.544259|0.532777|0.828279|0.141844|141.000000|0.578400|0.359063|81.000000|0.381363|0.687500|-0.279933|16.000000|0.000000|1.686913|0.229362|0.229362|0.984589|0.301285|20200323.000000|20200323.000000|20160229.000000|20110408.000000|20140320.000000|20260828.000000
EX5:BL11900OP09|2010-05-01|0.311505|0.732554|0.798578|0.425232|1.548697|5.499937|7.000000|0.619766|0.718338|0.830647|1.354860|0.629858|0.394199|0.478249|0.812551|0.933763|0.119497|0.364577|0.273742|-0.146683|0.478249|0.687976|0.865193|0.088889|135.000000|0.495774|0.346880|75.000000|0.384420|0.666667|-0.279731|15.000000|0.000000|1.779572|0.269487|0.269487|1.000000|0.312895|20200323.000000|20200323.000000|20160229.000000|20110408.000000|20140320.000000|20260828.000000
EX5:BL11900OP09|2010-11-01|0.271684|0.701474|0.719253|0.387305|1.551582|5.434884|7.000000|0.617983|0.703497|0.879296|1.340339|0.643828|0.345408|0.422404|0.770621|0.834040|0.084967|0.359267|0.267079|-0.133344|0.422404|0.650663|0.831466|0.077519|129.000000|0.423577|0.322807|69.000000|0.219986|0.666667|-0.279921|15.000000|0.000000|1.695936|0.233462|0.233462|1.000000|0.272684|20150825.000000|20150825.000000|20160229.000000|20110328.000000|20140320.000000|20260828.000000
EX5:BL11900OP09|2011-05-01|0.305406|0.600548|0.787998|0.508545|1.540902|5.393147|7.000000|0.615637|0.699906|0.872057|1.340109|0.627894|0.368606|0.452265|0.833188|0.876530|0.047619|0.382492|0.284624|-0.032743|0.452265|0.716776|0.865361|0.016260|123.000000|0.428210|0.355656|63.000000|0.355574|0.714286|-0.277556|14.000000|0.000000|1.782310|0.270610|0.270610|1.000000|0.306557|20150825.000000|20150825.000000|20160531.000000|20150615.000000|20160229.000000|20260828.000000
EX5:BL11900OP09|2011-11-01|0.349298|0.627183|0.863148|0.556931|1.581664|6.042902|7.000000|0.624912|0.714929|0.890844|1.338656|0.665921|0.421321|0.476718|1.065516|1.020994|0.007092|0.423629|0.340005|0.029407|0.476718|0.828917|0.955614|0.000000|117.000000|0.551142|0.415181|57.000000|0.391353|0.714286|-0.277688|14.000000|0.000000|1.803865|0.279325|0.279325|1.000000|0.350841|20200323.000000|20200323.000000|20161230.000000|20150615.000000|20160229.000000|20260828.000000
EX5:BL11900OP09|2012-05-01|0.349079|0.662005|0.871516|0.527306|1.614156|5.325881|7.000000|0.604484|0.694713|0.818324|1.336522|0.532105|0.393841|0.440498|0.984043|0.965479|0.000000|0.397825|0.322539|0.113500|0.440498|0.793717|0.920573|0.000000|111.000000|0.500570|0.369620|51.000000|0.427814|0.769231|-0.178009|13.000000|0.000000|1.835791|0.291858|0.291858|1.000000|0.350296|20200323.000000|20200323.000000|20170531.000000|20150615.000000|20160229.000000|20260828.000000
EX5:BL11900OP09|2012-11-01|0.419041|0.653782|0.955875|0.640948|1.660524|5.311203|7.000000|0.607330|0.700242|0.881378|1.361603|0.563431|0.418466|0.444320|1.055269|0.995026|0.000000|0.427931|0.356483|0.142241|0.444320|0.906797|0.950849|0.000000|105.000000|0.513167|0.415905|45.000000|0.427952|0.769231|-0.160140|13.000000|0.000000|1.655837|0.214898|0.214898|1.000000|0.421000|20150825.000000|20150825.000000|20200529.000000|20150615.000000|20160229.000000|20260828.000000
EX5:BL11900OP09|2013-05-01|0.382513|0.639574|0.912255|0.598074|1.650090|5.254750|7.000000|0.605724|0.673846|0.798806|1.365259|0.547362|0.383678|0.406430|1.006409|0.940702|0.000000|0.385188|0.307880|0.155480|0.406430|0.913784|0.928739|0.000000|99.000000|0.487048|0.381955|39.000000|0.418972|0.833333|-0.192413|12.000000|0.000000|1.710268|0.239885|0.239885|1.000000|0.383710|20150825.000000|20150825.000000|20200529.000000|20150615.000000|20160229.000000|20260828.000000
EX5:BL11900OP09|2013-11-01|0.464310|0.615569|1.035995|0.754278|1.649173|5.475931|7.000000|0.612598|0.712987|0.945690|1.395764|0.616667|0.472572|0.427814|1.123844|1.129977|0.000000|0.512926|0.384437|0.148848|0.543773|0.947121|1.128129|0.000000|93.000000|0.560842|0.470465|33.000000|0.396685|0.833333|-0.143160|12.000000|0.000000|1.690081|0.230806|0.230806|1.000000|0.465636|20200323.000000|20200323.000000|20200529.000000|20150615.000000|20160229.000000|20260828.000000
EX5:BL11900OP09|2014-05-01|0.462126|0.625604|1.067768|0.738687|1.662872|5.262438|8.000000|0.592388|0.712452|0.850845|1.263304|0.443296|0.414227|0.425722|0.873013|0.976009|0.000000|0.383672|0.294759|0.029229|0.483921|0.792839|0.933772|0.000000|87.000000|0.498184|0.403345|27.000000|0.432363|0.818182|-0.192221|11.000000|0.000000|1.669392|0.221273|0.221273|1.000000|0.463205|20150825.000000|20150825.000000|20200529.000000|20150615.000000|20160229.000000|20260828.000000
EX5:BL11900OP09|2014-11-01|0.409410|0.760458|0.936904|0.538373|1.650715|5.374951|7.000000|0.599298|0.693294|0.957981|1.274492|0.491478|0.436412|0.416222|1.088041|1.050308|0.000000|0.455388|0.324579|0.040181|0.443854|1.025986|1.041815|0.000000|81.000000|0.505566|0.430558|21.000000|0.433310|0.727273|-0.338042|11.000000|0.000000|1.474992|0.118639|0.118639|1.000000|0.410628|20150825.000000|20150825.000000|20200529.000000|20150615.000000|20160229.000000|20260828.000000
EX5:BL11900OP09|2015-05-01|0.346087|0.681303|0.895435|0.507978|1.597630|5.281414|7.000000|0.602374|0.672501|0.763016|1.328518|0.519809|0.380749|0.388803|1.079666|1.001380|0.000000|0.408810|0.283870|0.085233|0.428104|0.954932|0.981430|0.000000|75.000000|0.494683|0.407091|15.000000|0.429451|0.800000|-0.279320|10.000000|0.000000|1.863012|0.302205|0.302205|1.000000|0.347054|20200323.000000|20200323.000000|20200529.000000|20150615.000000|20160518.000000|20260828.000000
EX5:BL11900OP09|2015-11-01|0.449549|0.472155|1.091914|0.952121|1.613133|5.588610|7.000000|0.596433|0.684529|0.832703|1.336229|0.463985|0.445637|0.380680|1.256095|1.112870|0.000000|0.503395|0.430137|0.296696|0.436222|1.171042|1.134852|0.000000|69.000000|0.530116|0.527744|9.000000|0.534837|0.800000|-0.280708|10.000000|0.000000|1.850859|0.297624|0.297624|1.000000|0.450996|20200323.000000|20200323.000000|20230131.000000|20151225.000000|20160518.000000|20260828.000000
EX5:BL11900OP09|2016-05-01|0.477964|0.444148|1.163203|1.076136|1.637646|5.151161|7.000000|0.603660|0.684887|0.764836|1.355137|0.541650|0.378532|0.390549|1.061826|0.992787|0.000000|0.408485|0.330212|0.203877|0.444148|0.926256|0.986543|0.000000|63.000000|0.471633|0.470636|3.000000|0.426214|0.888889|-0.146017|9.000000|0.000000|1.838075|0.292738|0.292738|1.000000|0.479765|20200323.000000|20200323.000000|20230131.000000|20200114.000000|20200323.000000|20260828.000000
EX5:BL14000OP09|2009-11-01|0.351915|0.653124|0.860190|0.538817|1.587296|5.555089|7.000000|0.619304|0.716354|0.826443|1.373943|0.648548|0.442117|0.416706|1.101217|1.024303|0.151515|0.453701|0.268366|-0.085573|0.423848|0.946508|0.981472|0.049645|141.000000|0.585064|0.403182|81.000000|0.366909|0.750000|-0.223211|16.000000|0.000000|1.841385|0.294009|0.294009|0.984589|0.353385|20150825.000000|20150825.000000|20160229.000000|20110408.000000|20140320.000000|20260828.000000
EX5:BL14000OP09|2010-05-01|0.369990|0.640849|0.891005|0.577343|1.598735|5.657670|7.000000|0.616497|0.713690|0.853634|1.373407|0.625128|0.446511|0.424520|1.051801|1.020161|0.113208|0.435734|0.342732|-0.078921|0.424520|0.916665|0.968699|0.044444|135.000000|0.576914|0.402104|75.000000|0.330011|0.733333|-0.198694|15.000000|0.000000|1.831688|0.290272|0.290272|1.000000|0.371676|20150825.000000|20150825.000000|20160229.000000|20110408.000000|20140320.000000|20260828.000000
EX5:BL14000OP09|2010-11-01|0.333539|0.660230|0.832086|0.505186|1.602848|5.452483|7.000000|0.624093|0.759078|0.893203|1.358562|0.684949|0.459069|0.449503|1.083595|1.057913|0.084967|0.452953|0.360043|-0.100121|0.449503|0.915756|0.990160|0.046512|129.000000|0.593310|0.425127|69.000000|0.424758|0.666667|-0.206207|15.000000|0.000000|1.794448|0.275543|0.275543|1.000000|0.334794|20150825.000000|20150825.000000|20160229.000000|20110328.000000|20140320.000000|20260828.000000
EX5:BL14000OP09|2011-05-01|0.372329|0.632038|0.897904|0.589092|1.600126|5.485891|7.000000|0.622257|0.748029|0.854539|1.357718|0.679620|0.457493|0.520651|0.976642|1.050071|0.047619|0.472742|0.389310|0.008490|0.520651|0.813776|0.973027|0.000000|123.000000|0.583427|0.447997|63.000000|0.413133|0.714286|-0.212687|14.000000|0.000000|1.738174|0.252089|0.252089|1.000000|0.373767|20200323.000000|20200323.000000|20160531.000000|20150615.000000|20160229.000000|20260828.000000
EX5:BL14000OP09|2011-11-01|0.385161|0.628058|0.915598|0.613256|1.629051|5.699368|7.000000|0.616825|0.721463|0.835662|1.385422|0.629010|0.477889|0.457006|1.219270|1.112763|0.007092|0.495681|0.419050|0.041152|0.457006|0.984460|1.032449|0.000000|117.000000|0.614545|0.470654|57.000000|0.388588|0.714286|-0.280802|14.000000|0.000000|1.793679|0.275233|0.275233|1.000000|0.386883|20150825.000000|20150825.000000|20161130.000000|20150615.000000|20160229.000000|20260828.000000
EX5:BL14000OP09|2012-05-01|0.415240|0.653293|0.956517|0.635610|1.652236|5.495342|8.000000|0.616496|0.729407|0.856878|1.364781|0.629385|0.482439|0.454484|1.190392|1.138699|0.000000|0.491538|0.400773|0.132511|0.462316|0.979517|1.010844|0.000000|111.000000|0.604867|0.454551|51.000000|0.438856|0.769231|-0.231877|13.000000|0.000000|1.746975|0.255857|0.255857|1.000000|0.416721|20150825.000000|20150825.000000|20170531.000000|20150615.000000|20160229.000000|20260828.000000
EX5:BL14000OP09|2012-11-01|0.488754|0.645426|1.058865|0.757258|1.687718|5.877786|7.000000|0.615141|0.740237|1.046604|1.382108|0.630733|0.484896|0.564755|1.156486|1.143177|0.000000|0.494764|0.402716|0.136172|0.564755|0.876069|1.103894|0.000000|105.000000|0.604276|0.481970|45.000000|0.413695|0.769231|-0.121822|13.000000|0.000000|1.590464|0.182628|0.182628|1.000000|0.491092|20150825.000000|20150825.000000|20200529.000000|20150615.000000|20150825.000000|20260828.000000
EX5:BL14000OP09|2013-05-01|0.473904|0.634799|1.043008|0.746542|1.677636|5.654683|8.000000|0.608908|0.687151|0.829562|1.393841|0.587164|0.497971|0.432996|1.265798|1.141252|0.000000|0.517439|0.422650|0.240152|0.432996|1.191095|1.149423|0.000000|99.000000|0.615782|0.488569|39.000000|0.461485|0.833333|-0.205253|12.000000|0.000000|1.789137|0.273393|0.273393|1.000000|0.475432|20150825.000000|20150825.000000|20200529.000000|20150615.000000|20160229.000000|20260828.000000
EX5:BL14000OP09|2013-11-01|0.445152|0.635790|1.003311|0.700156|1.676318|5.858823|8.000000|0.615233|0.716550|0.843277|1.347024|0.622115|0.474783|0.452433|1.141806|1.098055|0.000000|0.480265|0.368027|0.147568|0.472148|1.017192|1.091483|0.000000|93.000000|0.559832|0.453900|33.000000|0.397555|0.833333|-0.139021|12.000000|0.000000|1.726581|0.247067|0.247067|1.000000|0.446416|20150825.000000|20150825.000000|20200529.000000|20150615.000000|20160229.000000|20260828.000000
EX5:BL14000OP09|2014-05-01|0.500551|0.640187|1.112382|0.781882|1.681127|5.837021|7.000000|0.596434|0.741904|0.933222|1.294773|0.473316|0.460831|0.415137|1.105025|1.127222|0.000000|0.505080|0.358326|0.059975|0.517601|0.975811|1.100703|0.000000|87.000000|0.549533|0.462480|27.000000|0.436325|0.818182|-0.203541|11.000000|0.000000|1.636934|0.205832|0.205832|1.000000|0.501734|20150825.000000|20150825.000000|20200529.000000|20150615.000000|20160229.000000|20260828.000000
EX5:BL14000OP09|2014-11-01|0.489294|0.752248|1.066544|0.650442|1.669039|5.550359|8.000000|0.610929|0.744108|1.022382|1.302989|0.593043|0.509989|0.439117|1.323436|1.221297|0.000000|0.555476|0.403368|0.063921|0.463371|1.206685|1.220335|0.000000|81.000000|0.602927|0.529018|21.000000|0.470352|0.727273|-0.352632|11.000000|0.000000|1.473829|0.117944|0.117944|1.000000|0.490788|20150825.000000|20150825.000000|20200529.000000|20150615.000000|20160229.000000|20260828.000000
EX5:BL14000OP09|2015-05-01|0.422233|0.688833|1.016396|0.612968|1.630451|5.844506|8.000000|0.607040|0.737227|0.849636|1.329340|0.550990|0.506375|0.424052|1.328082|1.205239|0.000000|0.554277|0.417390|0.073768|0.451335|1.234119|1.200578|0.000000|75.000000|0.596067|0.502712|15.000000|0.557199|0.800000|-0.268387|10.000000|0.000000|2.037470|0.361954|0.361954|1.000000|0.423444|20200316.000000|20200316.000000|20200529.000000|20150615.000000|20160510.000000|20260828.000000
EX5:BL14000OP09|2015-11-01|0.504627|0.482761|1.182330|1.045293|1.648904|5.670646|7.000000|0.607243|0.736321|0.873009|1.327796|0.570115|0.520506|0.433687|1.373670|1.226590|0.000000|0.569991|0.503178|0.334081|0.455319|1.261015|1.234733|0.000000|69.000000|0.603161|0.599344|9.000000|0.543185|0.800000|-0.288598|10.000000|0.000000|2.025918|0.358316|0.358316|1.000000|0.506280|20200316.000000|20200316.000000|20230131.000000|20151225.000000|20160510.000000|20260828.000000
EX5:BL14000OP09|2016-05-01|0.591970|0.438291|1.340516|1.350634|1.670780|5.518440|8.000000|0.600938|0.688472|0.816687|1.357018|0.508569|0.536378|0.386426|1.508238|1.228144|0.000000|0.549324|0.487190|0.368271|0.386426|1.423244|1.243958|0.000000|63.000000|0.593640|0.593426|3.000000|0.567223|0.888889|-0.163572|9.000000|0.000000|2.097085|0.380092|0.380092|1.000000|0.594280|20200316.000000|20200316.000000|20230131.000000|20180730.000000|20190103.000000|20260828.000000
EX5:BL15000OP09|2009-11-01|0.345136|0.681975|0.843927|0.506084|1.611426|5.771371|7.000000|0.618380|0.721354|0.852862|1.346152|0.646840|0.463130|0.475951|1.054736|1.050586|0.151515|0.474255|0.254074|-0.124203|0.475951|0.898206|1.000231|0.056738|141.000000|0.553588|0.423321|81.000000|0.390389|0.687500|-0.227789|16.000000|0.000000|1.735364|0.250878|0.250878|0.984589|0.346575|20150825.000000|20150825.000000|20160229.000000|20110325.000000|20140320.000000|20260828.000000
EX5:BL15000OP09|2010-05-01|0.373103|0.684581|0.891933|0.545009|1.624266|5.769808|7.000000|0.619137|0.734735|0.908874|1.368938|0.638846|0.459218|0.531957|0.908770|1.006168|0.119497|0.452081|0.339102|-0.111963|0.531957|0.812179|0.977308|0.044444|135.000000|0.609943|0.424312|75.000000|0.398604|0.666667|-0.226620|15.000000|0.000000|1.794613|0.275610|0.275610|1.000000|0.374805|20150825.000000|20150825.000000|20160229.000000|20110408.000000|20140320.000000|20260828.000000
EX5:BL15000OP09|2010-11-01|0.293049|0.707207|0.750663|0.414375|1.621582|5.705313|7.000000|0.620416|0.737342|0.911252|1.379594|0.648972|0.400259|0.531075|0.802268|0.912008|0.084967|0.400970|0.327516|-0.125562|0.531075|0.688338|0.875177|0.054264|129.000000|0.488657|0.370217|69.000000|0.332282|0.600000|-0.252366|15.000000|0.000000|1.796652|0.276432|0.276432|1.000000|0.294136|20150825.000000|20150825.000000|20160229.000000|20110325.000000|20140320.000000|20260828.000000
EX5:BL15000OP09|2011-05-01|0.370397|0.627803|0.894495|0.589989|1.612262|5.602048|7.000000|0.619493|0.739793|0.861602|1.383998|0.634093|0.462805|0.489051|1.077558|1.099661|0.047619|0.470357|0.390999|-0.019773|0.489051|0.902484|1.010004|0.008130|123.000000|0.580916|0.461208|63.000000|0.394188|0.714286|-0.234650|14.000000|0.000000|1.840217|0.293562|0.293562|1.000000|0.371826|20150825.000000|20150825.000000|20160531.000000|20150615.000000|20160229.000000|20260828.000000
EX5:BL15000OP09|2011-11-01|0.389415|0.649558|0.909869|0.599507|1.650357|6.053267|7.000000|0.620949|0.738459|0.864816|1.369420|0.655788|0.507454|0.526359|1.106163|1.165349|0.007092|0.498645|0.405707|0.035573|0.526359|0.881466|1.028777|0.000000|117.000000|0.630470|0.480259|57.000000|0.437912|0.714286|-0.297101|14.000000|0.000000|1.660533|0.217119|0.217119|1.000000|0.391159|20150825.000000|20150825.000000|20161130.000000|20150615.000000|20160229.000000|20260828.000000
EX5:BL15000OP09|2012-05-01|0.432381|0.643695|0.986676|0.671718|1.662953|5.770629|7.000000|0.609367|0.712332|0.835792|1.369708|0.581081|0.523911|0.463037|1.253718|1.197263|0.000000|0.520561|0.431349|0.137463|0.474008|1.089209|1.090548|0.000000|111.000000|0.626199|0.494905|51.000000|0.436793|0.769231|-0.226232|13.000000|0.000000|1.706914|0.238392|0.238392|1.000000|0.433932|20150825.000000|20150825.000000|20170531.000000|20150615.000000|20160229.000000|20260828.000000
EX5:BL15000OP09|2012-11-01|0.490862|0.656774|1.054122|0.747383|1.683318|6.331484|8.000000|0.628969|0.747290|0.919332|1.396584|0.725134|0.515273|0.529088|1.123372|1.161945|0.000000|0.536703|0.422683|0.157069|0.529088|0.988451|1.074133|0.000000|105.000000|0.614716|0.493683|45.000000|0.461419|0.769231|-0.208519|13.000000|0.000000|1.617904|0.196491|0.196491|1.000000|0.493211|20150825.000000|20150825.000000|20200529.000000|20150615.000000|20160229.000000|20260828.000000
EX5:BL15000OP09|2013-05-01|0.466713|0.610530|1.045158|0.764440|1.674993|5.726938|7.000000|0.607562|0.692083|0.840329|1.372364|0.566800|0.509224|0.434121|1.272508|1.183732|0.000000|0.526401|0.430148|0.243535|0.476084|1.176976|1.166634|0.000000|99.000000|0.602037|0.500695|39.000000|0.458894|0.833333|-0.221716|12.000000|0.000000|1.848531|0.296739|0.296739|1.000000|0.468215|20200323.000000|20200323.000000|20200529.000000|20150615.000000|20160229.000000|20260828.000000
EX5:BL15000OP09|2013-11-01|0.508664|0.621305|1.095092|0.818702|1.680513|5.836813|7.000000|0.612021|0.740054|1.006858|1.383793|0.610577|0.533402|0.494230|1.252562|1.240822|0.000000|0.571761|0.450550|0.194672|0.561434|1.120473|1.250602|0.000000|93.000000|0.624018|0.531514|33.000000|0.439035|0.833333|-0.243079|12.000000|0.000000|1.709431|0.239513|0.239513|1.000000|0.510137|20200323.000000|20200323.000000|20200529.000000|20150615.000000|20160229.000000|20260828.000000
EX5:BL15000OP09|2014-05-01|0.479897|0.635596|1.070762|0.755034|1.680388|5.664202|7.000000|0.600994|0.720521|0.910321|1.345535|0.507338|0.441158|0.510911|0.901737|1.044818|0.000000|0.438275|0.335783|0.115730|0.532385|0.823230|0.998336|0.000000|87.000000|0.516809|0.437995|27.000000|0.434794|0.727273|-0.257259|11.000000|0.000000|1.698798|0.234753|0.234753|1.000000|0.481024|20150825.000000|20150825.000000|20200529.000000|20150615.000000|20160229.000000|20260828.000000
EX5:BL15000OP09|2014-11-01|0.490574|0.763460|1.056401|0.642567|1.676094|5.820166|8.000000|0.608416|0.733878|1.023692|1.311138|0.576000|0.523771|0.476995|1.212428|1.223820|0.000000|0.569210|0.415794|0.061200|0.527852|1.081390|1.207936|0.000000|81.000000|0.613262|0.532667|21.000000|0.432893|0.727273|-0.351790|11.000000|0.000000|1.469987|0.115639|0.115639|1.000000|0.492073|20150825.000000|20150825.000000|20200529.000000|20150615.000000|20160229.000000|20260828.000000
EX5:BL15000OP09|2015-05-01|0.403608|0.704313|0.969893|0.573052|1.638370|5.555185|7.000000|0.604231|0.710080|1.031277|1.349219|0.542920|0.493539|0.454423|1.124702|1.173380|0.000000|0.543148|0.438558|0.061476|0.565662|0.960199|1.137727|0.000000|75.000000|0.577774|0.483644|15.000000|0.541884|0.800000|-0.304585|10.000000|0.000000|1.700486|0.235513|0.235513|1.000000|0.404759|20200323.000000|20200323.000000|20200529.000000|20150615.000000|20160510.000000|20260828.000000
EX5:BL15000OP09|2015-11-01|0.515657|0.481455|1.189275|1.071039|1.657485|5.664033|7.000000|0.604681|0.693401|0.835076|1.357246|0.553257|0.526505|0.400475|1.500405|1.236807|0.000000|0.573544|0.508199|0.367810|0.407409|1.329494|1.246208|0.000000|69.000000|0.611682|0.610539|9.000000|0.518090|0.800000|-0.279559|10.000000|0.000000|2.052426|0.366603|0.366603|1.000000|0.517352|20181029.000000|20181029.000000|20230131.000000|20151225.000000|20160510.000000|20260828.000000
EX5:BL15000OP09|2016-05-01|0.618386|0.474803|1.384673|1.302405|1.674833|5.682889|8.000000|0.610228|0.733004|0.851676|1.336714|0.595058|0.532920|0.469256|1.473990|1.298401|0.000000|0.602723|0.542143|0.386290|0.469256|1.296227|1.301547|0.000000|63.000000|0.618283|0.618207|3.000000|0.817956|0.888889|-0.212575|9.000000|0.000000|2.015933|0.355137|0.355137|1.000000|0.620817|20200316.000000|20200316.000000|20230131.000000|20180724.000000|20190103.000000|20260828.000000
EX5:BL20000OP09|2009-11-01|0.319333|0.725794|0.777924|0.439977|1.679107|5.686277|7.000000|0.630364|0.788685|0.915618|1.421996|0.699609|0.419184|0.501126|0.838654|0.919305|0.157576|0.409705|0.206781|-0.155214|0.501126|0.726096|0.908108|0.092199|141.000000|0.583911|0.381850|81.000000|0.377733|0.687500|-0.355811|16.000000|0.000000|1.713621|0.241372|0.241372|0.984589|0.320652|20150825.000000|20150825.000000|20160229.000000|20110325.000000|20130624.000000|20260828.000000
EX5:BL20000OP09|2010-05-01|0.341678|0.723366|0.815751|0.472345|1.672836|5.540305|7.000000|0.631913|0.786657|0.917331|1.428419|0.702241|0.436354|0.501013|0.892754|0.944095|0.119497|0.409982|0.306702|-0.153642|0.501013|0.793230|0.908927|0.081481|135.000000|0.582347|0.394770|75.000000|0.361491|0.666667|-0.357915|15.000000|0.000000|1.675361|0.224048|0.224048|1.000000|0.343219|20150825.000000|20150825.000000|20160229.000000|20110325.000000|20130624.000000|20260828.000000
EX5:BL20000OP09|2010-11-01|0.318107|0.782602|0.783094|0.406473|1.677225|5.827353|8.000000|0.625966|0.741280|0.916039|1.378366|0.688329|0.484064|0.530614|0.989423|1.060614|0.084967|0.479954|0.372198|-0.181918|0.530614|0.880329|1.019200|0.077519|129.000000|0.613643|0.454546|69.000000|0.410468|0.666667|-0.487132|15.000000|0.000000|1.640248|0.207437|0.207437|1.000000|0.319297|20150825.000000|20150825.000000|20160229.000000|20110328.000000|20140320.000000|20260828.000000
EX5:BL20000OP09|2011-05-01|0.333450|0.622374|0.824949|0.535771|1.637675|5.538826|7.000000|0.628781|0.747639|1.024392|1.383869|0.671351|0.451543|0.541166|0.888902|1.022380|0.047619|0.451251|0.357383|-0.054494|0.562132|0.760922|0.957421|0.016260|123.000000|0.569160|0.435145|63.000000|0.391987|0.714286|-0.265612|14.000000|0.000000|1.701797|0.236102|0.236102|1.000000|0.334720|20200323.000000|20200323.000000|20160531.000000|20150615.000000|20160229.000000|20260828.000000
EX5:BL20000OP09|2011-11-01|0.374716|0.651959|0.892750|0.574753|1.668338|5.858053|7.000000|0.617341|0.726181|0.849664|1.362306|0.625939|0.482991|0.515349|1.021388|1.129348|0.007092|0.485202|0.371741|0.005732|0.515349|0.916434|1.044578|0.000000|117.000000|0.628405|0.465675|57.000000|0.418216|0.714286|-0.328039|14.000000|0.000000|1.756582|0.259927|0.259927|1.000000|0.376386|20150825.000000|20150825.000000|20161130.000000|20150615.000000|20160229.000000|20260828.000000
EX5:BL20000OP09|2012-05-01|0.403876|0.621389|0.935105|0.649958|1.673503|6.305122|7.000000|0.631242|0.749873|0.911987|1.390418|0.721504|0.497116|0.530427|1.107631|1.128017|0.000000|0.508922|0.406926|0.111833|0.530427|0.957265|1.059586|0.000000|111.000000|0.598024|0.485261|51.000000|0.454451|0.769231|-0.277877|13.000000|0.000000|1.793629|0.275213|0.275213|1.000000|0.405312|20150825.000000|20150825.000000|20170531.000000|20150615.000000|20160229.000000|20260828.000000
EX5:BL20000OP09|2012-11-01|0.502083|0.626817|1.096878|0.801004|1.679778|5.952168|7.000000|0.616742|0.747284|1.039704|1.371298|0.645027|0.525920|0.550461|1.184897|1.221222|0.000000|0.542424|0.449749|0.197179|0.550461|1.028032|1.160746|0.000000|105.000000|0.627292|0.528282|45.000000|0.428187|0.769231|-0.294190|13.000000|0.000000|1.721612|0.244894|0.244894|1.000000|0.504494|20200323.000000|20200323.000000|20200529.000000|20150615.000000|20160229.000000|20260828.000000
EX5:BL20000OP09|2013-05-01|0.507021|0.618702|1.096370|0.819491|1.679212|5.788287|7.000000|0.617877|0.738990|1.045502|1.347974|0.635298|0.537078|0.533004|1.230611|1.239023|0.000000|0.585947|0.439784|0.175041|0.561909|1.120412|1.256670|0.000000|99.000000|0.647910|0.529705|39.000000|0.485426|0.833333|-0.278032|12.000000|0.000000|1.699833|0.235219|0.235219|1.000000|0.508673|20200323.000000|20200323.000000|20200529.000000|20150615.000000|20160229.000000|20260828.000000
EX5:BL20000OP09|2013-11-01|0.503289|0.616380|1.093248|0.816523|1.683192|5.806796|7.000000|0.615677|0.712862|0.869688|1.369585|0.621795|0.526243|0.497558|1.230649|1.242657|0.000000|0.582415|0.423583|0.191278|0.524970|1.118295|1.220189|0.000000|93.000000|0.627994|0.508830|33.000000|0.465527|0.833333|-0.268264|12.000000|0.000000|1.835502|0.291747|0.291747|1.000000|0.504744|20150825.000000|20150825.000000|20200529.000000|20150615.000000|20160229.000000|20260828.000000
EX5:BL20000OP09|2014-05-01|0.528563|0.636694|1.138403|0.830169|1.683405|5.697863|8.000000|0.597770|0.751917|0.991469|1.346669|0.483322|0.485963|0.510066|1.057207|1.144016|0.000000|0.534657|0.399733|0.108492|0.562826|0.955864|1.114888|0.000000|87.000000|0.577883|0.485368|27.000000|0.408710|0.818182|-0.265372|11.000000|0.000000|1.702678|0.236497|0.236497|1.000000|0.529823|20200323.000000|20200323.000000|20200529.000000|20150615.000000|20160229.000000|20260828.000000
EX5:BL20000OP09|2014-11-01|0.475766|0.776710|1.030485|0.612540|1.682660|6.077760|8.000000|0.612653|0.739358|1.004624|1.319747|0.614957|0.529263|0.499581|1.293214|1.258303|0.000000|0.608127|0.459860|0.036567|0.530806|1.159603|1.255909|0.000000|81.000000|0.605743|0.520386|21.000000|0.437526|0.727273|-0.369357|11.000000|0.000000|1.451165|0.104168|0.104168|1.000000|0.477213|20150825.000000|20150825.000000|20200529.000000|20150615.000000|20160229.000000|20260828.000000
EX5:BL20000OP09|2015-05-01|0.441767|0.683290|1.054096|0.646529|1.646956|5.783913|8.000000|0.596217|0.690049|0.860805|1.355654|0.464415|0.530444|0.379302|1.613482|1.286537|0.000000|0.604475|0.496516|0.146098|0.494790|1.400932|1.319499|0.000000|75.000000|0.616200|0.524997|15.000000|0.612891|0.800000|-0.272465|10.000000|0.000000|1.971933|0.340748|0.340748|1.000000|0.443043|20181029.000000|20181029.000000|20200630.000000|20150615.000000|20160524.000000|20260828.000000
EX5:BL20000OP09|2015-11-01|0.541035|0.563892|1.223460|0.959465|1.664550|5.766888|8.000000|0.609471|0.704090|1.045027|1.327247|0.577055|0.552687|0.485503|1.405379|1.325586|0.000000|0.636618|0.571939|0.383769|0.563892|1.146755|1.306625|0.000000|69.000000|0.628705|0.628655|9.000000|0.646244|0.800000|-0.254855|10.000000|0.000000|1.700523|0.235529|0.235529|1.000000|0.542827|20200323.000000|20200323.000000|20201231.000000|20200114.000000|20200323.000000|20260828.000000
EX5:BL20000OP09|2016-05-01|0.593735|0.497342|1.327778|1.193816|1.686480|5.431173|7.000000|0.600449|0.710166|0.933672|1.341802|0.502989|0.514862|0.419836|1.468363|1.192477|0.000000|0.553872|0.488535|0.329099|0.419836|1.248082|1.210629|0.000000|63.000000|0.596459|0.596404|3.000000|0.624643|0.888889|-0.290915|9.000000|0.000000|1.869898|0.304775|0.304775|1.000000|0.596052|20200323.000000|20200323.000000|20230131.000000|20180730.000000|20190103.000000|20260828.000000
