#METRIC|m2|年化,最大回撤,Sharpe,Calmar,平均仓位,年均换手,持仓数中位,单票权重中位,单票权重P90,单票权重最大,前三权重中位,单票超60%天数占比,滚动3年年化中位,滚动3年回撤中位,滚动3年Calmar中位,滚动3年Sharpe中位,滚动3年为负的窗口占比,滚动5年年化中位,滚动5年年化P25,滚动5年年化最差,滚动5年回撤中位,滚动5年Calmar中位,滚动5年Sharpe中位,滚动5年为负的窗口占比,滚动5年窗口数,互不重叠5年块中位,滚动10年年化中位,滚动10年窗口数,逐年收益中位,逐年为正比例,逐年最差,完整自然年数,强平次数,最低担保比例,最低股票同跌缓冲,最低总资产冲击缓冲,rf覆盖率,年化_交易日口径,最低担保比例日,最低股票同跌缓冲日,滚动5年年化最差窗口末日,最大回撤起日,最大回撤止日,末次净值日
BASE|2009-11-01|0.313671|0.693960|0.753637|0.452001|1.620187|6.513478|6.000000|0.659951|0.999036|1.240627|1.427959|0.809630|0.345258|0.437173|0.826074|0.818675|0.072727|0.354410|0.200820|-0.043392|0.465111|0.761280|0.789551|0.042553|141.000000|0.461252|0.332922|81.000000|0.355592|0.750000|-0.277082|16.000000|0.000000|1.828535|0.289048|0.289048|0.984589|0.314964|20150824.000000|20150824.000000|20160229.000000|20150612.000000|20160616.000000|20260828.000000
BASE|2010-05-01|0.384892|0.663979|0.872536|0.579674|1.643964|6.919292|6.000000|0.661598|0.961168|1.241596|1.463840|0.774053|0.426251|0.431696|0.891936|0.921144|0.056604|0.436319|0.337015|-0.017465|0.451436|0.863560|0.943248|0.014815|135.000000|0.594415|0.421321|75.000000|0.387716|0.800000|-0.276843|15.000000|0.000000|1.742886|0.254111|0.254111|1.000000|0.386654|20150825.000000|20150825.000000|20160229.000000|20150609.000000|20160201.000000|20260828.000000
BASE|2010-11-01|0.323747|0.707306|0.772943|0.457718|1.612029|7.044267|6.000000|0.658376|0.925824|1.145085|1.401492|0.805978|0.369479|0.424419|0.905609|0.885043|0.084967|0.385978|0.209395|-0.061089|0.437072|0.917513|0.841897|0.069767|129.000000|0.462464|0.332224|69.000000|0.281902|0.800000|-0.316190|15.000000|0.000000|1.826051|0.288081|0.288081|1.000000|0.324961|20150825.000000|20150825.000000|20160630.000000|20150609.000000|20160616.000000|20260828.000000
BASE|2011-05-01|0.315362|0.702332|0.755310|0.449022|1.596396|6.706993|6.000000|0.662919|0.927899|1.126171|1.417640|0.806568|0.368996|0.441103|0.849744|0.849565|0.040816|0.391513|0.238177|-0.040188|0.452362|0.885366|0.857344|0.024390|123.000000|0.456260|0.336163|63.000000|0.360859|0.785714|-0.310331|14.000000|0.000000|1.712320|0.240796|0.240796|1.000000|0.316556|20150825.000000|20150825.000000|20160531.000000|20150609.000000|20160616.000000|20260828.000000
BASE|2011-11-01|0.359292|0.745172|0.821145|0.482160|1.640904|7.166607|7.000000|0.672308|1.011866|1.277698|1.430877|0.816775|0.388846|0.425505|0.968899|0.894870|0.042553|0.411019|0.249519|0.027506|0.433137|0.961479|0.889535|0.000000|117.000000|0.586368|0.339389|57.000000|0.386813|0.857143|-0.357911|14.000000|0.000000|1.859362|0.300836|0.300836|1.000000|0.360885|20150824.000000|20150824.000000|20161230.000000|20150609.000000|20160203.000000|20260828.000000
BASE|2012-05-01|0.363126|0.695070|0.829275|0.522431|1.655222|7.017899|6.000000|0.669655|0.896753|1.074116|1.457155|0.838320|0.406200|0.432282|0.863031|0.891631|0.029630|0.420243|0.341324|0.122458|0.463296|0.847484|0.884850|0.000000|111.000000|0.564410|0.392379|51.000000|0.368963|0.769231|-0.266259|13.000000|0.000000|1.710115|0.239817|0.239817|1.000000|0.364399|20150825.000000|20150825.000000|20170531.000000|20150609.000000|20160201.000000|20260828.000000
BASE|2012-11-01|0.460040|0.689124|0.955280|0.667571|1.694866|6.666922|6.000000|0.633093|0.877550|1.091374|1.480526|0.687909|0.524884|0.542830|1.076449|1.067008|0.015504|0.561728|0.398516|0.152549|0.542830|1.056312|1.066691|0.000000|105.000000|0.634630|0.473194|45.000000|0.377345|0.769231|-0.156592|13.000000|0.000000|1.729113|0.248170|0.248170|1.000000|0.462220|20150825.000000|20150825.000000|20200430.000000|20150609.000000|20160201.000000|20260828.000000
BASE|2013-05-01|0.470772|0.653723|0.971692|0.720140|1.685289|6.769186|7.000000|0.640924|0.794878|0.982195|1.441665|0.796976|0.508549|0.490601|1.120890|1.019260|0.016260|0.541909|0.437772|0.210076|0.510068|1.064405|1.049548|0.000000|99.000000|0.670713|0.475025|39.000000|0.422273|0.833333|-0.162553|12.000000|0.000000|1.707217|0.238527|0.238527|1.000000|0.472289|20150825.000000|20150825.000000|20200430.000000|20150612.000000|20160201.000000|20260828.000000
BASE|2013-11-01|0.453076|0.669472|0.956104|0.676765|1.670013|7.180484|7.000000|0.625618|0.842702|1.035315|1.437466|0.711538|0.489815|0.435420|1.127481|1.020146|0.008547|0.507200|0.369368|0.118071|0.449613|1.130357|1.025595|0.000000|93.000000|0.633773|0.428131|33.000000|0.384122|0.750000|-0.218313|12.000000|0.000000|1.896537|0.314540|0.314540|1.000000|0.454365|20200323.000000|20200323.000000|20181228.000000|20150612.000000|20160616.000000|20260828.000000
BASE|2014-05-01|0.460151|0.747492|0.964667|0.615593|1.670236|7.409002|6.000000|0.655705|1.063330|1.327542|1.475337|0.807205|0.480209|0.438099|1.093275|1.000993|0.027027|0.516876|0.422520|0.112204|0.439601|1.175786|1.026598|0.000000|87.000000|0.595752|0.423603|27.000000|0.436114|0.727273|-0.336172|11.000000|0.000000|1.879052|0.308162|0.308162|1.000000|0.461225|20200323.000000|20200323.000000|20200430.000000|20150609.000000|20160616.000000|20260828.000000
BASE|2014-11-01|0.479176|0.819996|0.988287|0.584364|1.627233|7.531097|7.000000|0.624030|0.738396|0.997798|1.446982|0.660589|0.589668|0.437579|1.264255|1.150285|0.028571|0.624475|0.527735|0.026504|0.559644|1.122903|1.169589|0.000000|81.000000|0.658605|0.508223|21.000000|0.470246|0.727273|-0.428941|11.000000|0.000000|1.795592|0.276005|0.276005|1.000000|0.480635|20200323.000000|20200323.000000|20200430.000000|20150609.000000|20160613.000000|20260828.000000
BASE|2015-05-01|0.480776|0.622013|1.035162|0.772936|1.591968|7.010411|7.000000|0.638292|0.740571|0.951859|1.458566|0.738903|0.608968|0.439527|1.291434|1.184431|0.000000|0.631227|0.564223|0.186105|0.577286|1.127102|1.170456|0.000000|75.000000|0.664195|0.561550|15.000000|0.474455|0.800000|-0.146421|10.000000|0.000000|2.000200|0.350065|0.350065|1.000000|0.482182|20200319.000000|20200319.000000|20200529.000000|20150609.000000|20160518.000000|20260828.000000
BASE|2015-11-01|0.616760|0.574713|1.211256|1.073162|1.648410|7.073630|7.000000|0.644984|0.745609|0.944390|1.474112|0.787614|0.649139|0.441470|1.312567|1.191715|0.000000|0.660862|0.578078|0.464053|0.574713|1.170488|1.201198|0.000000|69.000000|0.734709|0.739714|9.000000|0.585015|0.800000|-0.156067|10.000000|0.000000|2.052453|0.366612|0.366612|1.000000|0.618849|20200319.000000|20200319.000000|20201130.000000|20200114.000000|20200323.000000|20260828.000000
BASE|2016-05-01|0.650141|0.549885|1.281797|1.182322|1.670079|6.026931|6.000000|0.624818|0.740490|0.967177|1.463796|0.701475|0.634954|0.439713|1.334827|1.193221|0.000000|0.639115|0.583057|0.477797|0.549885|1.197286|1.199705|0.000000|63.000000|0.646660|0.649171|3.000000|0.494125|0.888889|-0.150877|9.000000|0.000000|1.974873|0.341730|0.341730|1.000000|0.652720|20200323.000000|20200323.000000|20230131.000000|20200114.000000|20200323.000000|20260828.000000
T0|2009-11-01|0.322851|0.683936|0.774911|0.472048|1.612428|5.885924|6.000000|0.631245|0.972023|1.189282|1.437690|0.697097|0.354198|0.437060|0.799306|0.858973|0.072727|0.382148|0.226106|-0.037203|0.473951|0.831052|0.844637|0.042553|141.000000|0.549298|0.371803|81.000000|0.358636|0.750000|-0.292521|16.000000|0.000000|1.877076|0.307434|0.307434|0.984589|0.324186|20150825.000000|20150825.000000|20160630.000000|20150612.000000|20160616.000000|20260828.000000
T0|2010-05-01|0.330050|0.695819|0.778923|0.474332|1.655002|5.821960|6.000000|0.640060|0.964776|1.193591|1.445692|0.725505|0.352288|0.445541|0.822664|0.855343|0.069182|0.380460|0.214408|-0.038123|0.475510|0.853928|0.866758|0.044444|135.000000|0.469747|0.349617|75.000000|0.403878|0.733333|-0.294741|15.000000|0.000000|1.810037|0.281783|0.281783|1.000000|0.331532|20150825.000000|20150825.000000|20160331.000000|20150612.000000|20160616.000000|20260828.000000
T0|2010-11-01|0.299063|0.723824|0.732022|0.413171|1.611390|6.426285|6.000000|0.638728|0.943379|1.200123|1.421297|0.717243|0.371527|0.437279|0.850722|0.865365|0.091503|0.438893|0.211864|-0.066014|0.438794|1.003692|0.919778|0.077519|129.000000|0.520843|0.358219|69.000000|0.331173|0.733333|-0.295976|15.000000|0.000000|1.744445|0.254778|0.254778|1.000000|0.300175|20150825.000000|20150825.000000|20160630.000000|20150609.000000|20160616.000000|20260828.000000
T0|2011-05-01|0.321143|0.724030|0.769079|0.443550|1.596815|6.419966|6.000000|0.631227|0.905675|1.131012|1.460004|0.705310|0.405856|0.429260|0.953417|0.945252|0.040816|0.445488|0.246720|-0.033546|0.431426|1.037805|0.946431|0.024390|123.000000|0.505502|0.365610|63.000000|0.383925|0.785714|-0.277071|14.000000|0.000000|1.637951|0.206325|0.206325|1.000000|0.322361|20150825.000000|20150825.000000|20160531.000000|20150609.000000|20160215.000000|20260828.000000
T0|2011-11-01|0.352257|0.683035|0.815627|0.515724|1.634894|6.132671|6.000000|0.635832|0.871345|1.018273|1.434675|0.730520|0.378713|0.432191|0.882236|0.905702|0.014184|0.455053|0.286475|0.050557|0.501943|1.009657|0.965178|0.000000|117.000000|0.558392|0.381825|57.000000|0.314047|0.785714|-0.247751|14.000000|0.000000|1.750295|0.257268|0.257268|1.000000|0.353815|20150825.000000|20150825.000000|20161230.000000|20150612.000000|20160616.000000|20260828.000000
T0|2012-05-01|0.353918|0.726358|0.815789|0.487250|1.661725|6.565092|6.000000|0.631244|0.960336|1.209977|1.410606|0.677206|0.426104|0.433780|0.982306|0.976547|0.029630|0.494705|0.285749|0.075491|0.433780|1.142241|0.997022|0.000000|111.000000|0.566165|0.385975|51.000000|0.424304|0.692308|-0.254700|13.000000|0.000000|1.788808|0.273259|0.273259|1.000000|0.355154|20150825.000000|20150825.000000|20170531.000000|20150609.000000|20160616.000000|20260828.000000
T0|2012-11-01|0.356820|0.704988|0.834658|0.506136|1.677865|6.127586|7.000000|0.661257|0.874501|1.098990|1.437090|0.733849|0.358457|0.436496|0.833980|0.857638|0.015504|0.364386|0.297883|0.140778|0.446981|0.832747|0.840445|0.000000|105.000000|0.493674|0.343829|45.000000|0.462105|0.615385|-0.217835|13.000000|0.000000|1.995488|0.348530|0.348530|1.000000|0.358454|20180326.000000|20180326.000000|20200630.000000|20150609.000000|20160203.000000|20260828.000000
T0|2013-05-01|0.432481|0.645575|0.934348|0.669915|1.676827|6.486689|7.000000|0.619056|0.811495|0.937622|1.367579|0.626157|0.507253|0.490448|1.103763|1.066995|0.008130|0.545383|0.416913|0.157074|0.558965|0.988768|1.059785|0.000000|99.000000|0.608508|0.473259|39.000000|0.400073|0.833333|-0.146104|12.000000|0.000000|1.820577|0.285941|0.285941|1.000000|0.433857|20150825.000000|20150825.000000|20200529.000000|20150612.000000|20160201.000000|20260828.000000
T0|2013-11-01|0.443008|0.637239|0.966957|0.695200|1.663551|6.222924|7.000000|0.609607|0.734518|0.929664|1.365934|0.613585|0.503042|0.425219|1.139507|1.056322|0.000000|0.499002|0.445658|0.234090|0.425219|1.157969|1.077199|0.000000|93.000000|0.593114|0.479542|33.000000|0.329648|0.833333|-0.133746|12.000000|0.000000|2.004691|0.351521|0.351521|1.000000|0.444265|20211116.000000|20211116.000000|20181228.000000|20150612.000000|20160128.000000|20260828.000000
T0|2014-05-01|0.454367|0.729516|0.953655|0.622834|1.667411|6.381757|7.000000|0.642491|1.017147|1.247862|1.468557|0.712571|0.533513|0.427674|1.247204|1.106639|0.000000|0.576423|0.467377|0.122324|0.448329|1.291625|1.103602|0.000000|87.000000|0.589112|0.463060|27.000000|0.454226|0.727273|-0.345175|11.000000|0.000000|1.868488|0.304250|0.304250|1.000000|0.455426|20200323.000000|20200323.000000|20200430.000000|20150609.000000|20160203.000000|20260828.000000
T0|2014-11-01|0.468832|0.787609|0.980175|0.595260|1.624978|6.664060|7.000000|0.613340|0.723131|0.974038|1.369953|0.624826|0.565601|0.482866|1.137298|1.136968|0.000000|0.589964|0.514100|0.095523|0.571035|1.110915|1.136509|0.000000|81.000000|0.638869|0.494358|21.000000|0.360902|0.727273|-0.351611|11.000000|0.000000|1.937865|0.329159|0.329159|1.000000|0.470255|20150824.000000|20150824.000000|20200430.000000|20150609.000000|20160530.000000|20260828.000000
T0|2015-05-01|0.443103|0.631511|0.984898|0.701656|1.595527|5.891285|7.000000|0.609234|0.700411|0.849704|1.396100|0.585166|0.564516|0.485274|1.198287|1.143774|0.000000|0.580486|0.514459|0.183948|0.554098|1.135264|1.134786|0.000000|75.000000|0.622457|0.526980|15.000000|0.394377|0.800000|-0.132533|10.000000|0.000000|1.804623|0.279628|0.279628|1.000000|0.444383|20200323.000000|20200323.000000|20200529.000000|20150609.000000|20160530.000000|20260828.000000
T0|2015-11-01|0.521270|0.553604|1.107506|0.941592|1.644298|5.935551|7.000000|0.613138|0.697159|0.838600|1.416594|0.614888|0.574554|0.481461|1.273119|1.169634|0.000000|0.586790|0.549545|0.431703|0.553604|1.141411|1.161434|0.000000|69.000000|0.627831|0.629714|9.000000|0.382948|0.800000|-0.128526|10.000000|0.000000|1.806158|0.280240|0.280240|1.000000|0.522986|20200323.000000|20200323.000000|20241231.000000|20200114.000000|20200323.000000|20260828.000000
T0|2016-05-01|0.592487|0.563010|1.226294|1.052357|1.666617|6.127771|8.000000|0.603438|0.716363|0.945038|1.352842|0.562151|0.579418|0.444029|1.208673|1.134844|0.000000|0.576710|0.524201|0.425589|0.563010|1.056019|1.139107|0.000000|63.000000|0.586495|0.592603|3.000000|0.423082|0.888889|-0.137471|9.000000|0.000000|1.914022|0.320802|0.320802|1.000000|0.594800|20200323.000000|20200323.000000|20230131.000000|20200114.000000|20200323.000000|20260828.000000
T1O|2009-11-01|0.319278|0.684469|0.763802|0.466460|1.618952|5.855489|6.000000|0.642951|0.962966|1.164469|1.416630|0.762779|0.371530|0.430077|0.881950|0.865890|0.066667|0.387805|0.221541|-0.032184|0.487743|0.826612|0.860790|0.028369|141.000000|0.496246|0.366243|81.000000|0.409306|0.812500|-0.285518|16.000000|0.000000|1.855144|0.299246|0.299246|0.984589|0.320596|20150824.000000|20150824.000000|20160229.000000|20150612.000000|20160616.000000|20260828.000000
T1O|2010-05-01|0.302896|0.680225|0.743042|0.445287|1.651877|5.089431|6.000000|0.665650|0.960007|1.163912|1.426036|0.800409|0.351545|0.424614|0.827917|0.836767|0.062893|0.350889|0.237960|-0.030216|0.489065|0.690530|0.817438|0.029630|135.000000|0.424003|0.330290|75.000000|0.357584|0.733333|-0.284810|15.000000|0.000000|1.845499|0.295583|0.295583|1.000000|0.304243|20150824.000000|20150824.000000|20160229.000000|20150612.000000|20160616.000000|20260828.000000
T1O|2010-11-01|0.309668|0.719198|0.749943|0.430574|1.612180|5.634756|6.000000|0.652354|0.951427|1.196018|1.417633|0.770642|0.390457|0.428057|0.921532|0.880837|0.071895|0.414047|0.236427|-0.035827|0.435560|0.979473|0.888277|0.054264|129.000000|0.490334|0.364893|69.000000|0.349364|0.800000|-0.291135|15.000000|0.000000|1.873911|0.306264|0.306264|1.000000|0.310824|20150824.000000|20150824.000000|20160229.000000|20150609.000000|20160616.000000|20260828.000000
T1O|2011-05-01|0.313167|0.713099|0.755276|0.439163|1.593537|5.715457|7.000000|0.646856|0.932206|1.170579|1.422571|0.747149|0.409330|0.431539|0.958659|0.916368|0.034014|0.439346|0.260788|-0.031078|0.432434|1.034918|0.916325|0.024390|123.000000|0.507964|0.372892|63.000000|0.389415|0.857143|-0.292099|14.000000|0.000000|1.861046|0.301468|0.301468|1.000000|0.314351|20150825.000000|20150825.000000|20160531.000000|20150609.000000|20160616.000000|20260828.000000
T1O|2011-11-01|0.294146|0.728379|0.729265|0.403837|1.641855|4.912408|7.000000|0.705293|0.949177|1.202817|1.436799|0.841261|0.331576|0.421749|0.777433|0.815483|0.028369|0.344262|0.269364|0.048855|0.486166|0.753955|0.800103|0.000000|117.000000|0.467480|0.312952|57.000000|0.297274|0.785714|-0.319092|14.000000|0.000000|1.813251|0.283056|0.283056|1.000000|0.295420|20150825.000000|20150825.000000|20161230.000000|20150609.000000|20160203.000000|20260828.000000
T1O|2012-05-01|0.382078|0.709520|0.867659|0.538503|1.660967|5.272047|7.000000|0.646801|0.907004|1.126910|1.431513|0.735463|0.464026|0.417323|1.018273|0.964813|0.014815|0.475786|0.396984|0.159824|0.471143|0.951263|0.973744|0.000000|111.000000|0.576202|0.451673|51.000000|0.422193|0.769231|-0.164791|13.000000|0.000000|1.726567|0.247061|0.247061|1.000000|0.383426|20150825.000000|20150825.000000|20170531.000000|20150609.000000|20160201.000000|20260828.000000
T1O|2012-11-01|0.450919|0.686798|0.951085|0.656553|1.682044|6.531458|7.000000|0.655663|0.882585|1.047612|1.445931|0.758189|0.503088|0.425628|1.179911|1.028792|0.015504|0.502828|0.443854|0.270223|0.425628|1.164391|1.006016|0.000000|105.000000|0.626741|0.481945|45.000000|0.368007|0.769231|-0.241894|13.000000|0.000000|1.730110|0.248603|0.248603|1.000000|0.453050|20150825.000000|20150825.000000|20200630.000000|20150609.000000|20160201.000000|20260828.000000
T1O|2013-05-01|0.431932|0.653321|0.935517|0.661132|1.666045|5.753448|7.000000|0.634447|0.798704|0.952762|1.405571|0.730947|0.509522|0.418336|1.182108|1.046745|0.008130|0.511493|0.457936|0.298618|0.421525|1.184756|1.035223|0.000000|99.000000|0.609829|0.488938|39.000000|0.447520|0.833333|-0.179749|12.000000|0.000000|1.753429|0.258595|0.258595|1.000000|0.433306|20150825.000000|20150825.000000|20200529.000000|20150612.000000|20160201.000000|20260828.000000
T1O|2013-11-01|0.430960|0.647688|0.935476|0.665383|1.665881|5.517403|7.000000|0.632593|0.787511|0.962292|1.430195|0.685897|0.495465|0.437719|1.147382|1.051368|0.000000|0.496258|0.453902|0.236305|0.439267|1.125049|1.038047|0.000000|93.000000|0.589220|0.475429|33.000000|0.317636|0.833333|-0.192847|12.000000|0.000000|1.874906|0.306632|0.306632|1.000000|0.432178|20200323.000000|20200323.000000|20181228.000000|20150612.000000|20160201.000000|20260828.000000
T1O|2014-05-01|0.409002|0.734994|0.903179|0.556469|1.669199|5.667543|7.000000|0.651362|1.023288|1.247334|1.433935|0.741828|0.473494|0.447591|1.064306|1.005020|0.000000|0.477364|0.399317|0.128276|0.447591|1.063235|0.993337|0.000000|87.000000|0.528352|0.412598|27.000000|0.388248|0.727273|-0.358789|11.000000|0.000000|1.887365|0.311209|0.311209|1.000000|0.409940|20200323.000000|20200323.000000|20200430.000000|20150609.000000|20160203.000000|20260828.000000
T1O|2014-11-01|0.511409|0.791254|1.024494|0.646327|1.633307|5.602192|8.000000|0.638651|0.734382|1.048554|1.443968|0.796174|0.595134|0.447047|1.274350|1.173822|0.000000|0.641615|0.547824|0.084976|0.583400|1.108853|1.154047|0.000000|81.000000|0.692286|0.536632|21.000000|0.463120|0.727273|-0.367884|11.000000|0.000000|1.952864|0.334311|0.334311|1.000000|0.512982|20200330.000000|20200330.000000|20200430.000000|20150609.000000|20160530.000000|20260828.000000
T1O|2015-05-01|0.515900|0.603675|1.066798|0.854598|1.596692|6.357889|7.000000|0.651844|0.742255|1.019592|1.475398|0.829541|0.609061|0.448191|1.279306|1.176685|0.000000|0.638486|0.568959|0.214309|0.580963|1.135958|1.160843|0.000000|75.000000|0.690941|0.568712|15.000000|0.490341|0.800000|-0.113769|10.000000|0.000000|1.965837|0.338704|0.338704|1.000000|0.517425|20200319.000000|20200319.000000|20200529.000000|20150609.000000|20160518.000000|20260828.000000
T1O|2015-11-01|0.564624|0.575668|1.142399|0.980817|1.651266|5.447389|7.000000|0.641104|0.739697|0.992243|1.463253|0.818389|0.641139|0.448238|1.287340|1.180425|0.000000|0.638267|0.568614|0.475175|0.575668|1.165313|1.183543|0.000000|69.000000|0.675605|0.676539|9.000000|0.514954|0.800000|-0.132695|10.000000|0.000000|1.978498|0.342936|0.342936|1.000000|0.566508|20200319.000000|20200319.000000|20230131.000000|20200114.000000|20200330.000000|20260828.000000
T1O|2016-05-01|0.650832|0.568145|1.257609|1.145539|1.668306|6.725925|6.000000|0.637468|0.755647|1.037169|1.484548|0.793543|0.599364|0.448244|1.249429|1.126565|0.000000|0.606586|0.537256|0.443117|0.568145|1.089490|1.131794|0.000000|63.000000|0.643858|0.648960|3.000000|0.588026|0.888889|-0.143532|9.000000|0.000000|1.980481|0.343594|0.343594|1.000000|0.653414|20200319.000000|20200319.000000|20230131.000000|20200114.000000|20200330.000000|20260828.000000
T1OC|2009-11-01|0.311396|0.693704|0.758257|0.448889|1.608814|6.467250|6.000000|0.639950|1.005362|1.256309|1.451901|0.742184|0.349963|0.439137|0.836276|0.847995|0.072727|0.385180|0.222707|-0.039307|0.439137|0.790945|0.831817|0.042553|141.000000|0.498959|0.354097|81.000000|0.381882|0.750000|-0.290115|16.000000|0.000000|1.862040|0.301841|0.301841|0.984589|0.312678|20200323.000000|20200323.000000|20160229.000000|20150612.000000|20160616.000000|20260828.000000
T1OC|2010-05-01|0.324821|0.682308|0.771809|0.476062|1.653981|6.418523|6.000000|0.642051|0.990684|1.255544|1.425471|0.743859|0.367796|0.423851|0.900385|0.895372|0.075472|0.391845|0.215270|-0.048130|0.424148|0.923839|0.880554|0.051852|135.000000|0.505287|0.357811|75.000000|0.395403|0.733333|-0.289576|15.000000|0.000000|1.782027|0.270493|0.270493|1.000000|0.326277|20150825.000000|20150825.000000|20160229.000000|20150612.000000|20160616.000000|20260828.000000
T1OC|2010-11-01|0.269344|0.722237|0.682211|0.372931|1.610778|6.153745|6.000000|0.674280|0.968959|1.206782|1.460950|0.792923|0.336143|0.430577|0.796559|0.805301|0.091503|0.355307|0.214823|-0.052645|0.447196|0.810724|0.789200|0.069767|129.000000|0.422930|0.319043|69.000000|0.315747|0.733333|-0.299051|15.000000|0.000000|1.867431|0.303857|0.303857|1.000000|0.270334|20150824.000000|20150824.000000|20160229.000000|20150609.000000|20160616.000000|20260828.000000
T1OC|2011-05-01|0.297406|0.718275|0.731992|0.414057|1.593406|5.668786|6.000000|0.658167|0.958809|1.190116|1.429019|0.761335|0.370471|0.432507|0.882605|0.865887|0.061224|0.395655|0.244076|-0.042056|0.441302|0.903867|0.858198|0.024390|123.000000|0.456689|0.336707|63.000000|0.363355|0.785714|-0.291628|14.000000|0.000000|1.865416|0.303104|0.303104|1.000000|0.298525|20150824.000000|20150824.000000|20160531.000000|20150609.000000|20160616.000000|20260828.000000
T1OC|2011-11-01|0.294717|0.698467|0.733744|0.421948|1.638497|5.292441|7.000000|0.697373|0.907873|1.099157|1.419039|0.825781|0.317868|0.411259|0.759090|0.790337|0.028369|0.345854|0.273343|0.049055|0.468834|0.745969|0.795876|0.000000|117.000000|0.467039|0.307832|57.000000|0.288985|0.642857|-0.264218|14.000000|0.000000|1.839618|0.293331|0.293331|1.000000|0.295993|20150824.000000|20150824.000000|20161230.000000|20150609.000000|20160203.000000|20260828.000000
T1OC|2012-05-01|0.306585|0.724129|0.739836|0.423384|1.664000|6.093159|6.000000|0.643083|0.984095|1.215238|1.434776|0.749856|0.364815|0.448283|0.855800|0.876081|0.037037|0.407385|0.288310|0.088030|0.449644|0.908768|0.866794|0.000000|111.000000|0.478885|0.355187|51.000000|0.355364|0.692308|-0.240021|13.000000|0.000000|1.864882|0.302905|0.302905|1.000000|0.307637|20200330.000000|20200330.000000|20170531.000000|20150609.000000|20160616.000000|20260828.000000
T1OC|2012-11-01|0.460169|0.692673|0.949523|0.664338|1.696335|6.370837|6.000000|0.657101|0.890445|1.076410|1.520893|0.819535|0.503136|0.576107|1.013303|0.998079|0.015504|0.526538|0.386645|0.103529|0.576107|0.916795|1.001083|0.000000|105.000000|0.636360|0.455465|45.000000|0.454123|0.769231|-0.163075|13.000000|0.000000|1.683787|0.227931|0.227931|1.000000|0.462350|20150929.000000|20150929.000000|20200430.000000|20150609.000000|20160201.000000|20260828.000000
T1OC|2013-05-01|0.445688|0.662624|0.934805|0.672612|1.675701|5.978737|6.000000|0.661725|0.836787|1.020726|1.479172|0.831842|0.524523|0.514520|1.100151|1.033037|0.016260|0.539722|0.437357|0.167456|0.583970|0.939815|1.042379|0.000000|99.000000|0.641864|0.480112|39.000000|0.439330|0.833333|-0.189644|12.000000|0.000000|1.710014|0.239773|0.239773|1.000000|0.447113|20150825.000000|20150825.000000|20200430.000000|20150609.000000|20160201.000000|20260828.000000
T1OC|2013-11-01|0.419041|0.647817|0.919543|0.646851|1.669256|5.513415|7.000000|0.636905|0.787168|0.956272|1.442532|0.667308|0.489921|0.427975|1.129702|1.024966|0.008547|0.493982|0.443519|0.220610|0.439086|1.118558|1.013487|0.000000|93.000000|0.583803|0.464168|33.000000|0.386188|0.833333|-0.184565|12.000000|0.000000|2.014397|0.354646|0.354646|1.000000|0.420221|20200323.000000|20200323.000000|20181228.000000|20150612.000000|20160201.000000|20260828.000000
T1OC|2014-05-01|0.417985|0.733063|0.910532|0.570190|1.674123|5.869479|7.000000|0.638055|1.003914|1.255576|1.430659|0.757171|0.486202|0.427219|1.176291|1.028645|0.009009|0.505884|0.419429|0.147829|0.439330|1.160502|1.029550|0.000000|87.000000|0.554632|0.415676|27.000000|0.383848|0.727273|-0.359399|11.000000|0.000000|1.897237|0.314793|0.314793|1.000000|0.418947|20150825.000000|20150825.000000|20200430.000000|20150609.000000|20160616.000000|20260828.000000
T1OC|2014-11-01|0.450531|0.771649|0.972922|0.583855|1.633781|6.550119|7.000000|0.627790|0.700422|0.966928|1.404660|0.674783|0.495119|0.425908|1.163760|1.052435|0.000000|0.491027|0.432985|0.219557|0.436491|1.130793|1.045067|0.000000|81.000000|0.589759|0.475174|21.000000|0.398431|0.818182|-0.388776|11.000000|0.000000|1.917854|0.322159|0.322159|1.000000|0.451890|20200323.000000|20200323.000000|20200630.000000|20150609.000000|20160128.000000|20260828.000000
T1OC|2015-05-01|0.455308|0.639730|0.990012|0.711720|1.590318|6.130728|6.000000|0.628904|0.745977|1.041678|1.483404|0.760060|0.566832|0.448586|1.189287|1.102478|0.000000|0.589851|0.532188|0.137592|0.576398|1.041780|1.123813|0.000000|75.000000|0.618303|0.507361|15.000000|0.476858|0.800000|-0.193648|10.000000|0.000000|1.980404|0.343568|0.343568|1.000000|0.456629|20200319.000000|20200319.000000|20200529.000000|20150609.000000|20160613.000000|20260828.000000
T1OC|2015-11-01|0.551710|0.590880|1.119463|0.933709|1.651666|6.193321|8.000000|0.652578|0.742813|1.027157|1.477393|0.823328|0.624842|0.448571|1.209033|1.143410|0.000000|0.615226|0.533622|0.439692|0.590880|1.079366|1.136084|0.000000|69.000000|0.662273|0.665350|9.000000|0.475163|0.800000|-0.142789|10.000000|0.000000|1.966132|0.338803|0.338803|1.000000|0.553543|20200319.000000|20200319.000000|20241231.000000|20200114.000000|20200330.000000|20260828.000000
T1OC|2016-05-01|0.634336|0.576801|1.243926|1.099749|1.668224|6.794104|6.000000|0.635779|0.760827|1.046436|1.485377|0.785971|0.567762|0.448633|1.139292|1.094954|0.000000|0.578751|0.505159|0.412164|0.576801|1.034278|1.099294|0.000000|63.000000|0.628253|0.632320|3.000000|0.654511|0.888889|-0.149972|9.000000|0.000000|1.977955|0.342756|0.342756|1.000000|0.636841|20200319.000000|20200319.000000|20230131.000000|20200114.000000|20200330.000000|20260828.000000
#EX5|2011-11-01|601088,002128,000933,000651,000338
EX5:BASE|2009-11-01|0.323211|0.747002|0.810373|0.432678|1.518298|6.377823|6.000000|0.622829|0.720456|0.951353|1.366326|0.664653|0.395623|0.544576|0.746949|0.897334|0.151515|0.388681|0.219117|-0.174675|0.544576|0.650737|0.878021|0.106383|141.000000|0.504277|0.349218|81.000000|0.247777|0.625000|-0.346536|16.000000|0.000000|1.680803|0.226560|0.226560|0.984589|0.324548|20200323.000000|20200323.000000|20160229.000000|20110328.000000|20140320.000000|20260828.000000
EX5:BASE|2010-05-01|0.346838|0.746047|0.845730|0.464900|1.552428|6.186945|6.000000|0.624717|0.721419|0.948088|1.377367|0.658790|0.408378|0.544113|0.819885|0.927747|0.119497|0.398709|0.317818|-0.159893|0.544113|0.690511|0.906275|0.081481|135.000000|0.493910|0.366905|75.000000|0.312532|0.666667|-0.346227|15.000000|0.000000|1.681238|0.226760|0.226760|1.000000|0.348405|20200323.000000|20200323.000000|20160229.000000|20110328.000000|20140320.000000|20260828.000000
EX5:BASE|2010-11-01|0.380720|0.607389|0.927596|0.626814|1.477373|5.868668|6.000000|0.613558|0.714445|0.966608|1.335703|0.606126|0.428115|0.459484|0.867119|0.972426|0.084967|0.414977|0.346672|-0.016833|0.545557|0.732668|0.938660|0.007752|129.000000|0.503956|0.392043|69.000000|0.321026|0.666667|-0.202368|15.000000|0.000000|1.679106|0.225779|0.225779|1.000000|0.382177|20200323.000000|20200323.000000|20160229.000000|20150615.000000|20160229.000000|20260828.000000
EX5:BASE|2011-05-01|0.400993|0.647831|0.941686|0.618978|1.527429|6.054928|7.000000|0.616400|0.712927|0.949980|1.359071|0.628790|0.425765|0.446711|0.882031|0.984930|0.040816|0.411690|0.352084|0.035113|0.545588|0.726416|0.936904|0.000000|123.000000|0.509980|0.405457|63.000000|0.364335|0.714286|-0.202480|14.000000|0.000000|1.589673|0.182222|0.182222|1.000000|0.402557|20150825.000000|20150825.000000|20160531.000000|20150615.000000|20160229.000000|20260828.000000
EX5:BASE|2011-11-01|0.429333|0.647953|0.980364|0.662598|1.575303|6.978992|7.000000|0.619761|0.712832|0.950122|1.352471|0.653050|0.450745|0.516050|1.037607|1.045321|0.000000|0.438256|0.370645|0.084642|0.545600|0.796197|1.005347|0.000000|117.000000|0.623396|0.431414|57.000000|0.401376|0.714286|-0.202459|14.000000|0.000000|1.590403|0.182597|0.182597|1.000000|0.431282|20150825.000000|20150825.000000|20161230.000000|20150615.000000|20160229.000000|20260828.000000
EX5:BASE|2012-05-01|0.448899|0.656458|1.024764|0.683820|1.600386|5.846693|7.000000|0.617827|0.706232|0.950754|1.347289|0.634843|0.432466|0.544560|0.940567|1.039117|0.000000|0.428444|0.370227|0.133451|0.544560|0.731777|0.964489|0.000000|111.000000|0.600891|0.410202|51.000000|0.444515|0.769231|-0.129949|13.000000|0.000000|1.680314|0.226335|0.226335|1.000000|0.450518|20200323.000000|20200323.000000|20200529.000000|20150615.000000|20160229.000000|20260828.000000
EX5:BASE|2012-11-01|0.497180|0.671043|1.075410|0.740906|1.641236|5.917698|7.000000|0.612950|0.714097|0.994978|1.331284|0.596486|0.452184|0.545674|1.016826|1.097213|0.007752|0.449818|0.382928|0.125621|0.545674|0.819801|1.028174|0.000000|105.000000|0.609587|0.437944|45.000000|0.462752|0.769231|-0.130043|13.000000|0.000000|1.557060|0.165093|0.165093|1.000000|0.499564|20150825.000000|20150825.000000|20200529.000000|20150615.000000|20160229.000000|20260828.000000
EX5:BASE|2013-05-01|0.437022|0.686305|0.983022|0.636775|1.625549|5.948761|7.000000|0.611569|0.729546|1.060315|1.310438|0.594878|0.408679|0.506177|0.900202|1.005264|0.000000|0.419094|0.319613|0.075892|0.531196|0.788963|0.987759|0.000000|99.000000|0.592817|0.381743|39.000000|0.457579|0.833333|-0.237957|12.000000|0.000000|1.626376|0.200677|0.200677|1.000000|0.438414|20150825.000000|20150825.000000|20200529.000000|20150615.000000|20160229.000000|20260828.000000
EX5:BASE|2013-11-01|0.481404|0.659942|1.049428|0.729463|1.627681|5.915589|7.000000|0.613910|0.711301|0.951783|1.360280|0.624679|0.445793|0.472097|0.974898|1.055954|0.000000|0.470786|0.360838|0.143689|0.546543|0.861389|1.069282|0.000000|93.000000|0.612427|0.436388|33.000000|0.396085|0.833333|-0.174884|12.000000|0.000000|1.671445|0.222230|0.222230|1.000000|0.482787|20150825.000000|20150825.000000|20200529.000000|20150615.000000|20160229.000000|20260828.000000
EX5:BASE|2014-05-01|0.514422|0.716158|1.104067|0.718307|1.610342|6.016768|8.000000|0.609873|0.748387|1.002131|1.321429|0.593062|0.432476|0.465276|1.119944|1.056012|0.000000|0.458432|0.349583|0.075129|0.545385|0.842000|1.066401|0.000000|87.000000|0.601346|0.428146|27.000000|0.444501|0.727273|-0.247844|11.000000|0.000000|1.679333|0.225883|0.225883|1.000000|0.515643|20200323.000000|20200323.000000|20200529.000000|20150615.000000|20160229.000000|20260828.000000
EX5:BASE|2014-11-01|0.494898|0.743455|1.066162|0.665673|1.602770|6.378887|7.000000|0.614217|0.706071|0.950148|1.316273|0.613217|0.462102|0.357899|1.310680|1.140100|0.000000|0.478840|0.374428|0.058450|0.545545|0.877728|1.084905|0.000000|81.000000|0.603864|0.474726|21.000000|0.481892|0.727273|-0.315999|11.000000|0.000000|1.521648|0.145663|0.145663|1.000000|0.496412|20150825.000000|20150825.000000|20200529.000000|20150615.000000|20160128.000000|20260828.000000
EX5:BASE|2015-05-01|0.459130|0.564354|1.124997|0.813550|1.508081|5.998019|7.000000|0.604105|0.692944|0.818276|1.338182|0.535472|0.446562|0.320577|1.508314|1.090102|0.000000|0.482739|0.349240|0.122725|0.474254|1.017891|1.110883|0.000000|75.000000|0.607898|0.449823|15.000000|0.484007|0.800000|-0.272405|10.000000|0.000000|1.785690|0.271990|0.271990|1.000000|0.460464|20200323.000000|20200323.000000|20200529.000000|20150615.000000|20160613.000000|20260828.000000
EX5:BASE|2015-11-01|0.477669|0.478839|1.164295|0.997555|1.567354|5.936524|7.000000|0.603741|0.693867|0.803670|1.331754|0.540437|0.399232|0.320714|1.450706|1.113493|0.000000|0.440863|0.362350|0.213095|0.474550|0.940336|1.065645|0.000000|69.000000|0.573013|0.569529|9.000000|0.427481|0.800000|-0.267057|10.000000|0.000000|1.784613|0.271551|0.271551|1.000000|0.479220|20200323.000000|20200323.000000|20230131.000000|20151225.000000|20160613.000000|20260828.000000
EX5:BASE|2016-05-01|0.622485|0.474701|1.404678|1.311320|1.591794|5.940075|7.000000|0.603761|0.694616|0.826776|1.354213|0.532483|0.468000|0.320116|1.548988|1.211854|0.000000|0.502381|0.429232|0.269597|0.474701|1.079670|1.151692|0.000000|63.000000|0.614575|0.616504|3.000000|0.544806|0.888889|-0.076812|9.000000|0.000000|1.784219|0.271390|0.271390|1.000000|0.624935|20200323.000000|20200323.000000|20230131.000000|20200114.000000|20200323.000000|20260828.000000
EX5:T0|2009-11-01|0.290160|0.739698|0.741484|0.392268|1.530073|5.260129|7.000000|0.606176|0.710358|1.030009|1.331634|0.566692|0.356832|0.531386|0.680038|0.836859|0.163636|0.355393|0.193944|-0.193205|0.531386|0.598777|0.831952|0.134752|141.000000|0.472712|0.315818|81.000000|0.173636|0.625000|-0.341882|16.000000|0.000000|1.495440|0.130691|0.130691|0.984589|0.291346|20150825.000000|20150825.000000|20160229.000000|20110325.000000|20140320.000000|20260828.000000
EX5:T0|2010-05-01|0.284836|0.739229|0.726927|0.385315|1.565440|5.151511|7.000000|0.607182|0.713329|1.037599|1.374003|0.583830|0.349039|0.534933|0.652491|0.823384|0.132075|0.355403|0.277988|-0.192857|0.534933|0.594422|0.820999|0.111111|135.000000|0.445137|0.311962|75.000000|0.144026|0.666667|-0.341847|15.000000|0.000000|1.492076|0.128731|0.128731|1.000000|0.286094|20150825.000000|20150825.000000|20160229.000000|20110325.000000|20140320.000000|20260828.000000
EX5:T0|2010-11-01|0.324014|0.636970|0.829324|0.508680|1.476683|5.030231|7.000000|0.600262|0.692089|0.943267|1.335967|0.508653|0.353531|0.454457|0.707224|0.876156|0.084967|0.370543|0.295818|-0.036692|0.535489|0.623999|0.842626|0.015504|129.000000|0.447691|0.334796|69.000000|0.174768|0.666667|-0.193734|15.000000|0.000000|1.694035|0.232602|0.232602|1.000000|0.325229|20200323.000000|20200323.000000|20160229.000000|20150615.000000|20160229.000000|20260828.000000
EX5:T0|2011-05-01|0.347198|0.732909|0.841925|0.473727|1.534747|5.137903|7.000000|0.602671|0.696538|1.113937|1.379108|0.537178|0.376796|0.532186|0.859240|0.926529|0.054422|0.388574|0.300251|-0.030870|0.532490|0.720580|0.915328|0.016260|123.000000|0.512820|0.371203|63.000000|0.390079|0.714286|-0.239704|14.000000|0.000000|1.465955|0.113206|0.113206|1.000000|0.348527|20150825.000000|20150825.000000|20160531.000000|20150615.000000|20160229.000000|20260828.000000
EX5:T0|2011-11-01|0.386170|0.731934|0.900210|0.527602|1.583716|5.974280|7.000000|0.606489|0.697094|1.111853|1.359881|0.577979|0.386973|0.525902|0.863531|0.946505|0.014184|0.383531|0.307226|0.020813|0.525902|0.705494|0.916815|0.000000|117.000000|0.611958|0.365372|57.000000|0.383244|0.714286|-0.237876|14.000000|0.000000|1.466816|0.113727|0.113727|1.000000|0.387898|20150825.000000|20150825.000000|20161230.000000|20150615.000000|20160229.000000|20260828.000000
EX5:T0|2012-05-01|0.395190|0.730723|0.909931|0.540820|1.619577|5.361159|7.000000|0.605964|0.704533|1.111152|1.385217|0.567396|0.390612|0.542327|0.852264|0.995473|0.014815|0.390379|0.325772|0.078852|0.542327|0.703426|0.918123|0.000000|111.000000|0.569772|0.368805|51.000000|0.436460|0.769231|-0.236548|13.000000|0.000000|1.466632|0.113615|0.113615|1.000000|0.396590|20150825.000000|20150825.000000|20200529.000000|20150615.000000|20160229.000000|20260828.000000
EX5:T0|2012-11-01|0.469127|0.607927|1.066878|0.771684|1.632811|5.305106|7.000000|0.611198|0.689958|0.898270|1.371990|0.595415|0.374248|0.530853|0.844963|0.950272|0.000000|0.407252|0.350048|0.158839|0.530853|0.712790|0.954498|0.000000|105.000000|0.557139|0.391993|45.000000|0.473422|0.846154|-0.112165|13.000000|0.000000|1.700525|0.235530|0.235530|1.000000|0.471357|20200323.000000|20200323.000000|20200529.000000|20150615.000000|20160229.000000|20260828.000000
EX5:T0|2013-05-01|0.446526|0.609706|1.042634|0.732362|1.609208|5.296826|7.000000|0.599939|0.676796|0.900398|1.349214|0.494139|0.399812|0.505185|0.894182|1.007222|0.000000|0.427077|0.346306|0.141681|0.534118|0.758577|0.993104|0.000000|99.000000|0.569700|0.407250|39.000000|0.461512|0.833333|-0.237663|12.000000|0.000000|1.705024|0.237547|0.237547|1.000000|0.447953|20200323.000000|20200323.000000|20200529.000000|20150615.000000|20160526.000000|20260828.000000
EX5:T0|2013-11-01|0.438044|0.671894|0.993266|0.651954|1.622670|5.261225|7.000000|0.601367|0.688945|0.916616|1.361182|0.518744|0.417159|0.477888|0.856242|0.989177|0.000000|0.424349|0.347271|0.142649|0.541450|0.776542|1.019559|0.000000|93.000000|0.559252|0.413487|33.000000|0.403499|0.833333|-0.199915|12.000000|0.000000|1.685118|0.228541|0.228541|1.000000|0.439285|20200323.000000|20200323.000000|20200529.000000|20150615.000000|20160229.000000|20260828.000000
EX5:T0|2014-05-01|0.503900|0.703307|1.097877|0.716472|1.602831|5.772187|7.000000|0.602625|0.729406|0.957454|1.307066|0.530844|0.425236|0.451697|1.210862|1.031774|0.000000|0.433569|0.351672|0.092549|0.541420|0.800800|1.040052|0.000000|87.000000|0.587591|0.431721|27.000000|0.445344|0.727273|-0.248325|11.000000|0.000000|1.684981|0.228478|0.228478|1.000000|0.505092|20200323.000000|20200323.000000|20200529.000000|20150615.000000|20160229.000000|20260828.000000
EX5:T0|2014-11-01|0.501560|0.755878|1.097726|0.663546|1.610434|5.305429|8.000000|0.599339|0.685406|0.943543|1.202792|0.478442|0.487086|0.359115|1.269372|1.199886|0.000000|0.526226|0.412217|0.034532|0.540793|0.982821|1.187786|0.000000|81.000000|0.630239|0.497670|21.000000|0.476504|0.727273|-0.370897|11.000000|0.000000|1.500828|0.133812|0.133812|1.000000|0.503098|20150825.000000|20150825.000000|20200529.000000|20150615.000000|20160128.000000|20260828.000000
EX5:T0|2015-05-01|0.472313|0.568588|1.162208|0.830678|1.501281|5.958394|7.000000|0.599382|0.680050|0.795213|1.352832|0.484357|0.484400|0.314048|1.499586|1.207656|0.000000|0.518317|0.369761|0.132029|0.468028|1.120945|1.187721|0.000000|75.000000|0.628123|0.456955|15.000000|0.535303|0.800000|-0.278431|10.000000|0.000000|1.794935|0.275740|0.275740|1.000000|0.473690|20200323.000000|20200323.000000|20200529.000000|20150615.000000|20160513.000000|20260828.000000
EX5:T0|2015-11-01|0.449381|0.476712|1.131669|0.942668|1.561496|5.808696|7.000000|0.598234|0.676072|0.795463|1.330057|0.468020|0.362295|0.314005|1.541985|1.107115|0.000000|0.404061|0.338433|0.186139|0.468227|0.878039|1.027060|0.000000|69.000000|0.543298|0.538909|9.000000|0.392883|0.800000|-0.256213|10.000000|0.000000|1.794120|0.275411|0.275411|1.000000|0.450827|20200323.000000|20200323.000000|20230131.000000|20151225.000000|20160513.000000|20260828.000000
EX5:T0|2016-05-01|0.588776|0.468633|1.379098|1.256367|1.588759|5.510349|7.000000|0.599808|0.695202|0.796133|1.328511|0.489243|0.436632|0.314245|1.490856|1.126020|0.000000|0.482032|0.406711|0.252181|0.468633|1.041604|1.138130|0.000000|63.000000|0.585289|0.586839|3.000000|0.474565|0.888889|-0.068237|9.000000|0.000000|1.793179|0.275030|0.275030|1.000000|0.591071|20200323.000000|20200323.000000|20230131.000000|20200114.000000|20200323.000000|20260828.000000
EX5:T1O|2009-11-01|0.307091|0.738645|0.781730|0.415749|1.519176|5.579285|6.000000|0.616455|0.730936|0.975894|1.347053|0.649799|0.382497|0.543855|0.734616|0.870482|0.151515|0.376858|0.202915|-0.172108|0.543855|0.619648|0.848681|0.106383|141.000000|0.522779|0.348618|81.000000|0.209778|0.687500|-0.351022|16.000000|0.000000|1.657061|0.215478|0.215478|0.984589|0.308354|20200330.000000|20200330.000000|20160229.000000|20110328.000000|20121129.000000|20260828.000000
EX5:T1O|2010-05-01|0.308207|0.738509|0.778462|0.417336|1.539151|6.118228|6.000000|0.618868|0.718980|0.976845|1.361261|0.667792|0.383861|0.543890|0.803852|0.905883|0.119497|0.389791|0.284457|-0.171984|0.543890|0.649620|0.883741|0.088889|135.000000|0.518651|0.356206|75.000000|0.363822|0.733333|-0.351032|15.000000|0.000000|1.656996|0.215448|0.215448|1.000000|0.309580|20200330.000000|20200330.000000|20160229.000000|20110328.000000|20121129.000000|20260828.000000
EX5:T1O|2010-11-01|0.349876|0.713312|0.851218|0.490496|1.474248|6.102139|6.000000|0.617287|0.703937|0.980919|1.362962|0.656369|0.396458|0.513677|0.761383|0.880185|0.084967|0.389282|0.308059|-0.068661|0.545408|0.673239|0.861864|0.038760|129.000000|0.517957|0.362382|69.000000|0.371515|0.733333|-0.188716|15.000000|0.000000|1.498295|0.132347|0.132347|1.000000|0.351201|20150825.000000|20150825.000000|20160229.000000|20150615.000000|20160229.000000|20260828.000000
EX5:T1O|2011-05-01|0.367941|0.714848|0.878195|0.514712|1.520877|5.554899|6.000000|0.615343|0.704127|0.978245|1.367526|0.630595|0.393471|0.518405|0.854679|0.933975|0.054422|0.389125|0.321711|-0.002268|0.544314|0.693433|0.901222|0.008130|123.000000|0.516384|0.373443|63.000000|0.373342|0.785714|-0.188807|14.000000|0.000000|1.497094|0.131651|0.131651|1.000000|0.369360|20150825.000000|20150825.000000|20160531.000000|20150615.000000|20160229.000000|20260828.000000
EX5:T1O|2011-11-01|0.387958|0.713448|0.907535|0.543779|1.573459|5.744707|7.000000|0.616687|0.704037|0.978167|1.346320|0.643121|0.406652|0.543421|0.899014|0.971902|0.007092|0.397914|0.334991|0.052674|0.544344|0.708625|0.922479|0.000000|117.000000|0.588473|0.382060|57.000000|0.365971|0.785714|-0.188900|14.000000|0.000000|1.498511|0.132472|0.132472|1.000000|0.389695|20150825.000000|20150825.000000|20161230.000000|20150615.000000|20160229.000000|20260828.000000
EX5:T1O|2012-05-01|0.436131|0.717073|0.976586|0.608211|1.609331|5.647313|7.000000|0.617401|0.713470|0.980923|1.372444|0.639458|0.432223|0.545388|0.920654|1.011644|0.014815|0.406986|0.343331|0.092112|0.545388|0.735684|0.928501|0.000000|111.000000|0.616636|0.395920|51.000000|0.452485|0.846154|-0.185495|13.000000|0.000000|1.492364|0.128899|0.128899|1.000000|0.437698|20150825.000000|20150825.000000|20200529.000000|20150615.000000|20160229.000000|20260828.000000
EX5:T1O|2012-11-01|0.508002|0.602538|1.110185|0.843103|1.639256|6.308206|7.000000|0.613559|0.703878|0.976338|1.366172|0.618821|0.456491|0.544114|0.963194|1.049057|0.000000|0.477439|0.402154|0.148863|0.544114|0.806775|1.008506|0.000000|105.000000|0.582648|0.448012|45.000000|0.455926|0.846154|-0.097409|13.000000|0.000000|1.655889|0.214923|0.214923|1.000000|0.510446|20200330.000000|20200330.000000|20200529.000000|20150615.000000|20160229.000000|20260828.000000
EX5:T1O|2013-05-01|0.467184|0.586512|1.084546|0.796546|1.610199|5.569835|7.000000|0.605060|0.704480|0.977818|1.299558|0.535329|0.429287|0.506892|1.004155|1.081537|0.000000|0.459986|0.361166|0.105134|0.544110|0.845391|1.063581|0.000000|99.000000|0.589240|0.425705|39.000000|0.518541|0.833333|-0.254178|12.000000|0.000000|1.658473|0.216146|0.216146|1.000000|0.468688|20200330.000000|20200330.000000|20200529.000000|20150615.000000|20160513.000000|20260828.000000
EX5:T1O|2013-11-01|0.491957|0.662172|1.067390|0.742945|1.634573|5.765097|7.000000|0.615075|0.714499|0.979681|1.346017|0.611538|0.459971|0.476913|1.060927|1.097720|0.000000|0.494736|0.376990|0.137173|0.545239|0.915777|1.101191|0.000000|93.000000|0.612630|0.456286|33.000000|0.430677|0.833333|-0.149063|12.000000|0.000000|1.653940|0.213998|0.213998|1.000000|0.493375|20200330.000000|20200330.000000|20200529.000000|20150615.000000|20160229.000000|20260828.000000
EX5:T1O|2014-05-01|0.497677|0.699465|1.078649|0.711511|1.592649|6.031765|7.000000|0.614209|0.774134|0.978995|1.340678|0.620747|0.455667|0.447205|1.112315|1.037345|0.000000|0.459900|0.365722|0.083953|0.545159|0.843953|1.048317|0.000000|87.000000|0.572634|0.432814|27.000000|0.509762|0.727273|-0.241966|11.000000|0.000000|1.645411|0.209924|0.209924|1.000000|0.498852|20150825.000000|20150825.000000|20200529.000000|20150615.000000|20160229.000000|20260828.000000
EX5:T1O|2014-11-01|0.498630|0.719418|1.080331|0.693102|1.620406|5.808878|7.000000|0.608007|0.702742|0.980220|1.325681|0.565217|0.464016|0.354522|1.308455|1.128138|0.000000|0.486344|0.385229|0.076920|0.545119|0.898411|1.093767|0.000000|81.000000|0.592480|0.472459|21.000000|0.452476|0.727273|-0.265176|11.000000|0.000000|1.547200|0.159773|0.159773|1.000000|0.500157|20150825.000000|20150825.000000|20200529.000000|20150615.000000|20160128.000000|20260828.000000
EX5:T1O|2015-05-01|0.423422|0.517241|1.064915|0.818616|1.506734|6.197939|7.000000|0.603888|0.677135|0.803564|1.373259|0.541101|0.383685|0.317584|1.067124|0.976409|0.000000|0.383827|0.321469|0.205102|0.410911|0.994201|0.970300|0.000000|75.000000|0.549583|0.392553|15.000000|0.421965|0.800000|-0.223270|10.000000|0.000000|1.882898|0.309575|0.309575|1.000000|0.424637|20200323.000000|20200323.000000|20230131.000000|20150615.000000|20160513.000000|20260828.000000
EX5:T1O|2015-11-01|0.487714|0.460713|1.167998|1.058607|1.576455|5.610761|8.000000|0.592110|0.671857|0.803842|1.354545|0.427969|0.438278|0.323470|1.245717|1.077106|0.000000|0.450857|0.380124|0.264222|0.410986|1.193059|1.090763|0.000000|69.000000|0.575879|0.574994|9.000000|0.450329|0.800000|-0.232037|10.000000|0.000000|1.882823|0.309548|0.309548|1.000000|0.489304|20200323.000000|20200323.000000|20230131.000000|20151225.000000|20160513.000000|20260828.000000
EX5:T1O|2016-05-01|0.559053|0.411184|1.320856|1.359619|1.593635|5.553090|7.000000|0.598283|0.680963|0.803969|1.357691|0.489438|0.370569|0.331449|1.090022|0.975880|0.000000|0.385975|0.321289|0.197789|0.411184|0.987297|0.988795|0.000000|63.000000|0.555288|0.553637|3.000000|0.486725|0.888889|-0.063260|9.000000|0.000000|1.882503|0.309430|0.309430|1.000000|0.561213|20200323.000000|20200323.000000|20230131.000000|20200305.000000|20200323.000000|20260828.000000
EX5:T1OC|2009-11-01|0.284843|0.741119|0.732191|0.384343|1.529476|5.524993|6.000000|0.622885|0.739735|0.978435|1.382870|0.674723|0.354574|0.544166|0.683361|0.824846|0.163636|0.361706|0.192166|-0.199047|0.544166|0.581328|0.823815|0.127660|141.000000|0.484581|0.323801|81.000000|0.211554|0.687500|-0.353091|16.000000|0.000000|1.566949|0.170362|0.170362|0.984589|0.286005|20150825.000000|20150825.000000|20160229.000000|20110328.000000|20121129.000000|20260828.000000
EX5:T1OC|2010-05-01|0.312239|0.741246|0.785572|0.421236|1.549923|5.876431|6.000000|0.621239|0.733262|0.976880|1.349530|0.665714|0.387642|0.543910|0.806226|0.889854|0.119497|0.383693|0.280258|-0.178719|0.543910|0.640318|0.874285|0.096296|135.000000|0.510658|0.343368|75.000000|0.278430|0.733333|-0.353154|15.000000|0.000000|1.657066|0.215481|0.215481|1.000000|0.313633|20200330.000000|20200330.000000|20160229.000000|20110328.000000|20121129.000000|20260828.000000
EX5:T1OC|2010-11-01|0.349350|0.703725|0.858717|0.496429|1.483576|5.663438|6.000000|0.615267|0.712454|0.978702|1.350865|0.624661|0.389810|0.503008|0.815109|0.917259|0.091503|0.390608|0.303341|-0.075019|0.544400|0.674597|0.881369|0.038760|129.000000|0.520511|0.362352|69.000000|0.307596|0.733333|-0.201185|15.000000|0.000000|1.562086|0.167780|0.167780|1.000000|0.350672|20150825.000000|20150825.000000|20160229.000000|20150615.000000|20160229.000000|20260828.000000
EX5:T1OC|2011-05-01|0.361797|0.691701|0.877237|0.523054|1.519220|5.551349|7.000000|0.617009|0.707217|0.981288|1.364710|0.639660|0.398745|0.479769|0.828067|0.906099|0.054422|0.383177|0.318892|-0.004053|0.545626|0.679689|0.894515|0.008130|123.000000|0.503318|0.370458|63.000000|0.359360|0.785714|-0.201235|14.000000|0.000000|1.562253|0.167869|0.167869|1.000000|0.363189|20150825.000000|20150825.000000|20160531.000000|20150615.000000|20160229.000000|20260828.000000
EX5:T1OC|2011-11-01|0.382109|0.683291|0.896615|0.559219|1.582797|5.904038|7.000000|0.615353|0.716694|1.029937|1.359672|0.619574|0.410055|0.539291|0.912646|0.967224|0.007092|0.403397|0.334821|0.052568|0.545633|0.722931|0.924988|0.000000|117.000000|0.574496|0.384098|57.000000|0.374055|0.785714|-0.201328|14.000000|0.000000|1.557019|0.165071|0.165071|1.000000|0.383816|20150825.000000|20150825.000000|20161230.000000|20150615.000000|20160229.000000|20260828.000000
EX5:T1OC|2012-05-01|0.406830|0.685025|0.937918|0.593890|1.610365|5.802287|7.000000|0.618371|0.717472|0.979293|1.361130|0.652437|0.409327|0.544521|0.881056|0.986390|0.007407|0.394293|0.341873|0.094299|0.544521|0.701945|0.905118|0.000000|111.000000|0.559783|0.380906|51.000000|0.441912|0.846154|-0.141950|13.000000|0.000000|1.566861|0.170315|0.170315|1.000000|0.408277|20150825.000000|20150825.000000|20200529.000000|20150615.000000|20160229.000000|20260828.000000
EX5:T1OC|2012-11-01|0.497559|0.606930|1.096251|0.819797|1.639585|5.813505|6.000000|0.620745|0.708009|0.978519|1.371403|0.621799|0.447808|0.544414|0.911151|1.015457|0.000000|0.457193|0.386777|0.145761|0.544414|0.783703|0.997790|0.000000|105.000000|0.579194|0.434640|45.000000|0.441945|0.846154|-0.100200|13.000000|0.000000|1.654871|0.214440|0.214440|1.000000|0.499945|20200330.000000|20200330.000000|20200529.000000|20150615.000000|20160229.000000|20260828.000000
EX5:T1OC|2013-05-01|0.435418|0.684174|0.982074|0.636414|1.627159|5.691022|7.000000|0.610510|0.730980|0.996613|1.326030|0.580376|0.432585|0.513810|0.902938|1.021848|0.000000|0.427380|0.314582|0.070501|0.543765|0.785965|1.002673|0.000000|99.000000|0.589912|0.394479|39.000000|0.442438|0.833333|-0.234837|12.000000|0.000000|1.636739|0.205738|0.205738|1.000000|0.436805|20150825.000000|20150825.000000|20200529.000000|20150615.000000|20160229.000000|20260828.000000
EX5:T1OC|2013-11-01|0.477496|0.622361|1.059026|0.767234|1.632549|5.738347|7.000000|0.613875|0.712551|0.976950|1.345725|0.584295|0.442281|0.433822|0.996186|1.064394|0.000000|0.468328|0.360909|0.121496|0.545503|0.866262|1.049646|0.000000|93.000000|0.601713|0.432092|33.000000|0.391669|0.833333|-0.171381|12.000000|0.000000|1.653066|0.213582|0.213582|1.000000|0.478866|20200330.000000|20200330.000000|20200529.000000|20150615.000000|20160229.000000|20260828.000000
EX5:T1OC|2014-05-01|0.528844|0.706112|1.126338|0.748952|1.608049|5.722400|8.000000|0.609274|0.771770|0.991088|1.329385|0.586057|0.487109|0.454949|1.175439|1.098020|0.000000|0.491267|0.371617|0.074005|0.545184|0.907563|1.092371|0.000000|87.000000|0.620982|0.449166|27.000000|0.468726|0.727273|-0.240186|11.000000|0.000000|1.633734|0.204277|0.204277|1.000000|0.530105|20150825.000000|20150825.000000|20200529.000000|20150615.000000|20160229.000000|20260828.000000
EX5:T1OC|2014-11-01|0.482974|0.723757|1.054398|0.667315|1.619096|5.646932|7.000000|0.610683|0.709327|0.979033|1.310925|0.573913|0.464422|0.353914|1.267637|1.115570|0.000000|0.474601|0.370341|0.063695|0.544612|0.871449|1.067019|0.000000|81.000000|0.581453|0.464453|21.000000|0.445145|0.727273|-0.288919|11.000000|0.000000|1.528401|0.149438|0.149438|1.000000|0.484446|20150825.000000|20150825.000000|20200529.000000|20150615.000000|20160128.000000|20260828.000000
EX5:T1OC|2015-05-01|0.428253|0.531734|1.082461|0.805391|1.510870|5.226840|7.000000|0.598703|0.699962|0.845954|1.346389|0.490196|0.459248|0.318129|1.441468|1.149529|0.000000|0.478035|0.361083|0.138434|0.473933|1.016934|1.100773|0.000000|75.000000|0.561569|0.435519|15.000000|0.489156|0.800000|-0.238565|10.000000|0.000000|1.785994|0.272114|0.272114|1.000000|0.429485|20200323.000000|20200323.000000|20200529.000000|20150615.000000|20160613.000000|20260828.000000
EX5:T1OC|2015-11-01|0.523151|0.473845|1.224610|1.104054|1.566613|5.663128|7.000000|0.599284|0.699228|0.900990|1.347669|0.493103|0.485003|0.363089|1.505381|1.227899|0.000000|0.499327|0.417842|0.284746|0.473845|1.055713|1.131101|0.000000|69.000000|0.625852|0.620340|9.000000|0.523349|0.800000|-0.251585|10.000000|0.000000|1.785451|0.271892|0.271892|1.000000|0.524874|20200323.000000|20200323.000000|20230131.000000|20200114.000000|20200323.000000|20260828.000000
EX5:T1OC|2016-05-01|0.573932|0.474429|1.338834|1.209732|1.590747|5.583042|7.000000|0.603154|0.700396|0.838312|1.362648|0.524512|0.436128|0.315302|1.502674|1.133377|0.000000|0.474547|0.404461|0.249655|0.474429|1.020269|1.101621|0.000000|63.000000|0.568479|0.571208|3.000000|0.539892|0.888889|-0.069965|9.000000|0.000000|1.784410|0.271468|0.271468|1.000000|0.576159|20200323.000000|20200323.000000|20230131.000000|20200114.000000|20200323.000000|20260828.000000
