BASE|2009-11-01|0.259474|0.845572|0.432924|0.306862|1.640029|8.472432|5.000000|0.697290|1.343428|2.100873|1.512618|0.877389|0.289462|0.498265|0.566016|0.531270|0.139394|0.287709|0.142862|-0.106527|0.525723|0.547264|0.525812|0.070922|141.000000|0.436637|0.259203|81.000000|0.228189|0.812500|-0.543590|16.000000
BASE|2010-05-01|0.283583|0.779553|0.500994|0.363777|1.651536|8.386414|5.000000|0.739101|1.155040|1.510475|1.516951|0.916325|0.302660|0.448434|0.685474|0.561168|0.119497|0.307137|0.170526|-0.089577|0.465272|0.674275|0.533897|0.059259|135.000000|0.451938|0.278957|75.000000|0.234206|0.666667|-0.466549|15.000000
BASE|2010-11-01|0.238625|0.820493|0.407973|0.290831|1.641437|7.831541|5.000000|0.687917|1.251112|1.807522|1.514333|0.917934|0.300886|0.441704|0.647493|0.570138|0.176471|0.313050|0.124169|-0.136052|0.501397|0.655032|0.543061|0.124031|129.000000|0.445692|0.242511|69.000000|0.083695|0.733333|-0.501429|15.000000
BASE|2011-05-01|0.252126|0.812886|0.433625|0.310162|1.619555|8.335736|5.000000|0.714145|1.265574|1.733961|1.523506|0.900918|0.309260|0.453217|0.682367|0.583927|0.136054|0.340801|0.137681|-0.108376|0.495206|0.713601|0.636853|0.081301|123.000000|0.437527|0.253850|63.000000|0.249840|0.642857|-0.495909|14.000000
BASE|2011-11-01|0.271516|0.863759|0.437005|0.314342|1.705023|8.391951|5.000000|0.705500|1.495269|2.380974|1.521346|0.857022|0.335216|0.446692|0.692119|0.635808|0.134752|0.361125|0.134219|-0.030329|0.524136|0.720321|0.650747|0.051282|117.000000|0.483299|0.255118|57.000000|0.246063|0.714286|-0.555673|14.000000
BASE|2012-05-01|0.282000|0.813511|0.476312|0.346646|1.696736|7.682890|5.000000|0.702506|1.291125|1.739971|1.531326|0.904776|0.333586|0.459752|0.730896|0.631820|0.148148|0.381108|0.157709|0.014850|0.494782|0.795785|0.682661|0.000000|111.000000|0.495884|0.276865|51.000000|0.410317|0.615385|-0.493339|13.000000
BASE|2012-11-01|0.326830|0.818998|0.552486|0.399061|1.723339|6.269941|6.000000|0.706837|1.336540|1.793053|1.531977|0.910066|0.348402|0.453648|0.748574|0.658252|0.139535|0.396182|0.164217|0.018950|0.501709|0.855568|0.740276|0.000000|105.000000|0.505799|0.278825|45.000000|0.411170|0.615385|-0.504005|13.000000
BASE|2013-05-01|0.307932|0.810631|0.521106|0.379867|1.708796|7.005452|6.000000|0.692717|1.306134|1.713601|1.522503|0.900339|0.358769|0.452806|0.767359|0.671957|0.121951|0.410185|0.208998|0.011285|0.492502|0.887608|0.745379|0.000000|99.000000|0.507266|0.287906|39.000000|0.431682|0.666667|-0.491777|12.000000
BASE|2013-11-01|0.317198|0.811706|0.532803|0.390780|1.713474|7.767057|6.000000|0.692225|1.321186|1.725259|1.522844|0.901282|0.362113|0.453378|0.801376|0.689004|0.076923|0.408626|0.283770|-0.014740|0.495475|0.895832|0.776552|0.010753|93.000000|0.495667|0.300909|33.000000|0.414393|0.666667|-0.506050|12.000000
BASE|2014-05-01|0.357781|0.861022|0.562214|0.415530|1.757273|8.127593|6.000000|0.667491|1.587973|2.334400|1.507571|0.867578|0.414558|0.472564|0.868116|0.764067|0.045045|0.432507|0.335412|-0.007345|0.525947|0.876310|0.781253|0.034483|87.000000|0.499184|0.328512|27.000000|0.368266|0.818182|-0.558708|11.000000
BASE|2014-11-01|0.363093|0.773312|0.676851|0.469529|1.646920|8.554040|6.000000|0.653331|0.760459|1.011762|1.457162|0.787478|0.376232|0.436649|0.884667|0.726391|0.028571|0.387406|0.330847|0.095112|0.438180|0.884124|0.760250|0.000000|81.000000|0.490221|0.405699|21.000000|0.408204|0.545455|-0.467068|11.000000
BASE|2015-05-01|0.455184|0.601742|0.920963|0.756445|1.600470|8.742620|6.000000|0.654815|0.756923|0.845188|1.500544|0.844461|0.558320|0.458632|1.174843|1.031043|0.000000|0.525695|0.469612|0.288781|0.478817|1.113741|1.012701|0.000000|75.000000|0.632069|0.531262|15.000000|0.401562|0.700000|-0.178733|10.000000
BASE|2015-11-01|0.525074|0.505706|1.060671|1.038300|1.654596|8.761458|6.000000|0.663478|0.759373|0.839060|1.485937|0.896277|0.563175|0.458026|1.195330|1.078215|0.000000|0.543473|0.494718|0.368804|0.505706|1.112807|1.054577|0.000000|69.000000|0.637402|0.654493|9.000000|0.422227|0.700000|-0.187950|10.000000
BASE|2016-05-01|0.561232|0.491088|1.141973|1.142834|1.668567|7.325211|6.000000|0.655311|0.746757|0.852745|1.482050|0.823436|0.571725|0.440343|1.308825|1.127594|0.000000|0.581076|0.527809|0.410965|0.440343|1.288708|1.090056|0.000000|63.000000|0.565425|0.562024|3.000000|0.406656|0.888889|-0.169758|9.000000
B2ALL|2009-11-01|0.286644|0.829868|0.490595|0.345409|1.623828|7.368284|5.000000|0.694325|1.300216|1.907671|1.546431|0.914619|0.312476|0.496475|0.629389|0.602774|0.109091|0.302296|0.154311|-0.086965|0.512383|0.609268|0.577783|0.063830|141.000000|0.432896|0.321034|81.000000|0.255293|0.812500|-0.532326|16.000000
B2ALL|2010-05-01|0.300603|0.778686|0.535917|0.386039|1.651894|7.947999|5.000000|0.747648|1.174540|1.505228|1.542226|0.926049|0.317815|0.456683|0.710721|0.604860|0.113208|0.306990|0.161374|-0.079291|0.460355|0.672216|0.562748|0.059259|135.000000|0.486301|0.283377|75.000000|0.268581|0.666667|-0.470186|15.000000
B2ALL|2010-11-01|0.241889|0.793026|0.423379|0.305020|1.627661|8.509234|5.000000|0.732386|1.154269|1.589075|1.506873|0.913066|0.308665|0.453408|0.680806|0.591823|0.169935|0.329809|0.142045|-0.122005|0.469840|0.712951|0.568431|0.108527|129.000000|0.464922|0.257616|69.000000|0.065410|0.666667|-0.481016|15.000000
B2ALL|2011-05-01|0.263813|0.790222|0.465211|0.333847|1.612108|7.909974|5.000000|0.727879|1.185502|1.572752|1.521470|0.905372|0.310674|0.452977|0.695679|0.599839|0.136054|0.350255|0.149783|-0.103112|0.467655|0.757660|0.633015|0.081301|123.000000|0.481398|0.258210|63.000000|0.225432|0.642857|-0.476222|14.000000
B2ALL|2011-11-01|0.295368|0.829458|0.494454|0.356098|1.674138|7.164643|5.000000|0.664183|1.322003|1.902249|1.500760|0.856178|0.364233|0.497247|0.747169|0.722938|0.092199|0.420892|0.165910|-0.013985|0.508241|0.844195|0.718803|0.017094|117.000000|0.509954|0.306461|57.000000|0.324647|0.785714|-0.517921|14.000000
B2ALL|2012-05-01|0.298357|0.776560|0.522348|0.384203|1.674012|8.723040|5.000000|0.723620|1.160674|1.491945|1.538016|0.918009|0.339071|0.456985|0.753436|0.630463|0.111111|0.390710|0.193392|0.034183|0.458859|0.851481|0.696973|0.000000|111.000000|0.507077|0.293837|51.000000|0.407923|0.615385|-0.459178|13.000000
B2ALL|2012-11-01|0.331389|0.777786|0.582258|0.426067|1.697972|8.675428|5.000000|0.726831|1.166322|1.499453|1.523525|0.920488|0.334004|0.452910|0.746508|0.622303|0.131783|0.381613|0.198867|0.053972|0.459808|0.842580|0.716397|0.000000|105.000000|0.499660|0.290604|45.000000|0.391992|0.615385|-0.466814|13.000000
B2ALL|2013-05-01|0.316793|0.776462|0.551293|0.407996|1.686751|8.744102|5.000000|0.716739|1.176691|1.491162|1.523572|0.907745|0.354654|0.456699|0.803506|0.670024|0.097561|0.414333|0.252296|0.044974|0.458740|0.907234|0.745709|0.000000|99.000000|0.503077|0.304563|39.000000|0.425683|0.666667|-0.459526|12.000000
B2ALL|2013-11-01|0.313843|0.784645|0.540338|0.399980|1.694177|8.592545|5.000000|0.711285|1.206522|1.542704|1.532492|0.905769|0.350502|0.452156|0.779877|0.691879|0.076923|0.389478|0.278728|0.006052|0.468823|0.861002|0.741582|0.000000|93.000000|0.481251|0.302747|33.000000|0.415437|0.666667|-0.481299|12.000000
B2ALL|2014-05-01|0.412503|0.785990|0.705571|0.524820|1.702953|7.016412|5.000000|0.669033|1.237462|1.546732|1.542610|0.898933|0.469126|0.489479|0.963038|0.940386|0.036036|0.535599|0.419744|0.062098|0.489479|1.082524|0.975060|0.000000|87.000000|0.543772|0.405697|27.000000|0.255489|0.818182|-0.476213|11.000000
B2ALL|2014-11-01|0.403111|0.749600|0.734226|0.537769|1.654993|7.005280|6.000000|0.652412|0.760034|0.864423|1.495934|0.822609|0.477445|0.462253|1.057655|0.921244|0.028571|0.495596|0.423977|0.099424|0.462253|1.052322|0.894799|0.000000|81.000000|0.519478|0.424570|21.000000|0.255194|0.727273|-0.365507|11.000000
B2ALL|2015-05-01|0.427096|0.578907|0.837662|0.737764|1.590075|7.615810|5.000000|0.665641|0.744086|0.875001|1.518749|0.877574|0.545937|0.511966|1.187982|1.079817|0.000000|0.554872|0.502615|0.190651|0.530453|1.061979|1.012834|0.000000|75.000000|0.578341|0.490809|15.000000|0.304854|0.800000|-0.186245|10.000000
B2ALL|2015-11-01|0.477529|0.532814|0.939459|0.896241|1.643296|7.693487|6.000000|0.667059|0.747829|0.877657|1.519042|0.870061|0.565347|0.511983|1.215195|1.091875|0.000000|0.575996|0.529601|0.404789|0.532814|1.083862|1.056196|0.000000|69.000000|0.574832|0.596067|9.000000|0.304855|0.800000|-0.177072|10.000000
B2ALL|2016-05-01|0.526698|0.454402|1.092954|1.159103|1.655903|8.946423|6.000000|0.657358|0.760820|0.943022|1.469665|0.822240|0.474675|0.444179|1.053221|0.856350|0.000000|0.462821|0.412318|0.305389|0.454402|1.018527|0.888346|0.000000|63.000000|0.523877|0.526776|3.000000|0.462352|0.777778|-0.191608|9.000000
B2RAW|2009-11-01|0.314444|0.764770|0.566099|0.411161|1.614859|7.288876|5.000000|0.706780|1.147029|1.423345|1.541385|0.892777|0.316086|0.462871|0.710191|0.675757|0.096970|0.315774|0.180449|-0.064270|0.493328|0.695685|0.576879|0.056738|141.000000|0.467267|0.352831|81.000000|0.294062|0.750000|-0.447297|16.000000
B2RAW|2010-05-01|0.283881|0.783417|0.502849|0.362363|1.649829|8.520639|5.000000|0.747121|1.181699|1.534774|1.548890|0.926305|0.299910|0.447357|0.687629|0.570698|0.125786|0.295141|0.155951|-0.079863|0.467750|0.621666|0.527247|0.059259|135.000000|0.451187|0.269563|75.000000|0.287237|0.666667|-0.477771|15.000000
B2RAW|2010-11-01|0.248669|0.824623|0.421972|0.301555|1.638720|7.288153|5.000000|0.672113|1.288573|1.850174|1.490419|0.875360|0.322961|0.468845|0.692313|0.646484|0.143791|0.371622|0.156510|-0.121547|0.503590|0.760403|0.662900|0.085271|129.000000|0.488326|0.289250|69.000000|0.264538|0.800000|-0.515045|15.000000
B2RAW|2011-05-01|0.257452|0.776507|0.457984|0.331551|1.604255|7.947697|5.000000|0.732480|1.149418|1.491062|1.535178|0.910103|0.291571|0.448607|0.652822|0.558792|0.115646|0.331806|0.162826|-0.092816|0.461882|0.739636|0.593623|0.065041|123.000000|0.471208|0.252855|63.000000|0.212497|0.642857|-0.457146|14.000000
B2RAW|2011-11-01|0.295050|0.838537|0.487081|0.351863|1.677854|6.955405|5.000000|0.684458|1.401350|2.009245|1.542838|0.900366|0.354475|0.504897|0.729328|0.675889|0.127660|0.457980|0.150591|-0.018796|0.523773|0.894660|0.796733|0.025641|117.000000|0.512910|0.314401|57.000000|0.258097|0.785714|-0.529893|14.000000
B2RAW|2012-05-01|0.286622|0.776435|0.502206|0.369151|1.672065|8.701949|5.000000|0.725687|1.157923|1.490984|1.535682|0.914557|0.315677|0.450101|0.704871|0.603233|0.118519|0.362774|0.181573|0.031836|0.461965|0.786875|0.668660|0.000000|111.000000|0.488476|0.277482|51.000000|0.391362|0.615385|-0.460853|13.000000
B2RAW|2012-11-01|0.324821|0.776869|0.571661|0.418116|1.696838|8.028705|5.000000|0.727976|1.165842|1.493926|1.524379|0.917510|0.311393|0.448620|0.699345|0.597314|0.124031|0.363862|0.193073|0.048713|0.462096|0.811070|0.667375|0.000000|105.000000|0.489422|0.277685|45.000000|0.390730|0.615385|-0.462202|13.000000
B2RAW|2013-05-01|0.344905|0.761508|0.602060|0.452924|1.681360|7.284092|5.000000|0.681219|1.108699|1.404152|1.529817|0.874730|0.428343|0.458286|0.944843|0.901707|0.097561|0.513531|0.256863|0.056282|0.498419|1.097268|0.945119|0.000000|99.000000|0.547198|0.365452|39.000000|0.335306|0.750000|-0.445947|12.000000
B2RAW|2013-11-01|0.314462|0.775755|0.545303|0.405363|1.686834|8.722062|5.000000|0.711724|1.179882|1.486693|1.530511|0.908333|0.337911|0.448685|0.766433|0.676912|0.059829|0.372476|0.270185|0.018889|0.461589|0.830151|0.697212|0.000000|93.000000|0.474522|0.303289|33.000000|0.369941|0.666667|-0.457377|12.000000
B2RAW|2014-05-01|0.394874|0.785990|0.677241|0.502390|1.696290|7.473118|5.000000|0.673647|1.237462|1.546732|1.540488|0.909606|0.449540|0.488713|0.939125|0.909771|0.036036|0.506087|0.402251|0.062430|0.488713|1.031131|0.932901|0.000000|87.000000|0.519217|0.393863|27.000000|0.255254|0.818182|-0.476213|11.000000
B2RAW|2014-11-01|0.419307|0.781402|0.770134|0.536608|1.624276|7.688417|6.000000|0.665074|0.757157|0.864660|1.505167|0.821913|0.523627|0.467401|1.086880|1.020921|0.009524|0.547156|0.488537|0.069061|0.517404|1.105980|0.999493|0.000000|81.000000|0.577478|0.451844|21.000000|0.277385|0.727273|-0.372650|11.000000
B2RAW|2015-05-01|0.414360|0.604009|0.817513|0.686015|1.593212|7.700520|6.000000|0.666508|0.742141|0.826472|1.515420|0.859276|0.527901|0.481537|1.152548|1.010054|0.000000|0.542291|0.476109|0.181560|0.497664|1.089673|0.996476|0.000000|75.000000|0.563843|0.475662|15.000000|0.334635|0.800000|-0.213599|10.000000
B2RAW|2015-11-01|0.482837|0.533095|0.954989|0.905724|1.642820|8.126673|5.000000|0.664910|0.749705|0.879265|1.501597|0.841945|0.558815|0.493326|1.213505|1.126710|0.000000|0.566497|0.524581|0.410284|0.533095|1.108357|1.060840|0.000000|69.000000|0.582344|0.605478|9.000000|0.352863|0.800000|-0.217413|10.000000
B2RAW|2016-05-01|0.528018|0.448153|1.094414|1.178209|1.669696|8.100615|6.000000|0.656227|0.758813|0.938161|1.481670|0.811080|0.459542|0.443637|1.032981|0.839166|0.000000|0.458259|0.401022|0.298239|0.448153|1.022551|0.877887|0.000000|63.000000|0.525313|0.524582|3.000000|0.450104|0.777778|-0.200057|9.000000
MAXBOTH|2009-11-01|0.268302|0.776245|0.477454|0.345641|1.617585|8.002700|5.000000|0.740152|1.166239|1.489876|1.533275|0.927029|0.283731|0.458192|0.648647|0.535225|0.157576|0.284711|0.155451|-0.106334|0.461097|0.621379|0.490079|0.078014|141.000000|0.483942|0.269326|81.000000|0.224595|0.687500|-0.459461|16.000000
MAXBOTH|2010-05-01|0.278855|0.777027|0.492939|0.358874|1.646315|8.557337|5.000000|0.744629|1.168863|1.495381|1.536026|0.926817|0.296766|0.448023|0.702375|0.557431|0.150943|0.305118|0.155955|-0.108241|0.458681|0.681032|0.553220|0.081481|135.000000|0.471641|0.270135|75.000000|0.240955|0.666667|-0.464542|15.000000
MAXBOTH|2010-11-01|0.274768|0.765167|0.489085|0.359096|1.619519|6.960351|5.000000|0.706522|1.071464|1.425301|1.528654|0.914114|0.329816|0.458218|0.745435|0.654299|0.137255|0.438191|0.163353|-0.100757|0.504964|0.904059|0.813089|0.085271|129.000000|0.448321|0.339790|69.000000|0.282152|0.733333|-0.443286|15.000000
MAXBOTH|2011-05-01|0.268397|0.777112|0.475724|0.345377|1.601638|8.644567|5.000000|0.728391|1.147316|1.494840|1.520801|0.898970|0.318367|0.448179|0.715998|0.605932|0.108844|0.360275|0.170246|-0.089867|0.458615|0.785571|0.645356|0.056911|123.000000|0.470479|0.269660|63.000000|0.246250|0.642857|-0.455197|14.000000
MAXBOTH|2011-11-01|0.297678|0.823529|0.506629|0.361466|1.662866|7.996576|5.000000|0.675442|1.302224|1.838893|1.498173|0.868280|0.360506|0.491231|0.751605|0.707233|0.092199|0.414229|0.171980|-0.008814|0.504781|0.837343|0.717306|0.008547|117.000000|0.508058|0.305568|57.000000|0.309829|0.785714|-0.517489|14.000000
MAXBOTH|2012-05-01|0.290490|0.776497|0.507775|0.374103|1.671387|8.676498|5.000000|0.716077|1.154974|1.491184|1.540837|0.907652|0.328375|0.448111|0.726862|0.623214|0.111111|0.372669|0.187680|0.030564|0.458396|0.813416|0.699533|0.000000|111.000000|0.493949|0.287344|51.000000|0.410794|0.615385|-0.453920|13.000000
MAXBOTH|2012-11-01|0.331537|0.777954|0.582478|0.426165|1.693237|8.641676|5.000000|0.731948|1.159360|1.500618|1.530235|0.917510|0.343926|0.453263|0.766414|0.649191|0.131783|0.401356|0.195962|0.050601|0.459025|0.885481|0.723810|0.000000|105.000000|0.500286|0.294765|45.000000|0.411123|0.615385|-0.467146|13.000000
MAXBOTH|2013-05-01|0.309116|0.778883|0.538670|0.396871|1.686929|8.196472|5.000000|0.710837|1.172517|1.506150|1.522645|0.902808|0.343210|0.448059|0.765993|0.652648|0.097561|0.394168|0.230151|0.035282|0.459447|0.879724|0.712655|0.000000|99.000000|0.502063|0.290404|39.000000|0.412506|0.666667|-0.470306|12.000000
MAXBOTH|2013-11-01|0.315665|0.784645|0.542908|0.402303|1.689637|8.715731|5.000000|0.719036|1.205515|1.542704|1.541449|0.908654|0.354686|0.450303|0.787420|0.674089|0.076923|0.391061|0.270923|0.009077|0.463784|0.860284|0.720697|0.000000|93.000000|0.483774|0.302248|33.000000|0.426357|0.666667|-0.481299|12.000000
MAXBOTH|2014-05-01|0.404391|0.785990|0.695347|0.514499|1.698285|8.022806|6.000000|0.661350|1.238851|1.546732|1.505246|0.864576|0.475508|0.490597|0.979755|0.898644|0.036036|0.502588|0.411029|0.062578|0.490597|1.031421|0.922217|0.000000|87.000000|0.530131|0.405525|27.000000|0.352853|0.818182|-0.476213|11.000000
MAXBOTH|2014-11-01|0.394283|0.751361|0.717011|0.524759|1.657454|6.939293|5.000000|0.654281|0.762738|0.863584|1.501435|0.823652|0.474828|0.456318|1.043083|0.905459|0.028571|0.491279|0.417310|0.095940|0.456318|1.039278|0.887754|0.000000|81.000000|0.511207|0.413911|21.000000|0.258322|0.727273|-0.367059|11.000000
MAXBOTH|2015-05-01|0.474712|0.585806|0.948457|0.810357|1.594392|9.156403|5.000000|0.665788|0.765637|0.862283|1.478252|0.892630|0.571483|0.461893|1.205836|1.055311|0.000000|0.563205|0.505974|0.251674|0.518557|1.130564|1.044639|0.000000|75.000000|0.643795|0.536490|15.000000|0.436195|0.700000|-0.190580|10.000000
MAXBOTH|2015-11-01|0.530445|0.518649|1.061528|1.022744|1.647004|9.014170|5.000000|0.665704|0.765916|0.862601|1.478736|0.894377|0.579321|0.461887|1.246427|1.069194|0.000000|0.572710|0.513595|0.398082|0.518649|1.156478|1.062330|0.000000|69.000000|0.642633|0.660279|9.000000|0.441433|0.700000|-0.183823|10.000000
MAXBOTH|2016-05-01|0.529631|0.456890|1.096755|1.159210|1.656572|8.838299|6.000000|0.658900|0.768486|0.942289|1.458149|0.820646|0.484830|0.444141|1.061152|0.876662|0.000000|0.472205|0.419161|0.314207|0.456890|1.033521|0.902281|0.000000|63.000000|0.527510|0.529854|3.000000|0.467769|0.777778|-0.192948|9.000000
MAXRAW|2009-11-01|0.277401|0.771636|0.496731|0.359497|1.615343|7.959365|5.000000|0.740222|1.132567|1.464790|1.524372|0.917597|0.289990|0.448057|0.655291|0.549577|0.121212|0.284864|0.164915|-0.090807|0.459447|0.622330|0.490396|0.063830|141.000000|0.492760|0.271980|81.000000|0.217294|0.687500|-0.462174|16.000000
MAXRAW|2010-05-01|0.304072|0.767884|0.538956|0.395987|1.647508|6.822178|5.000000|0.715898|1.126659|1.442758|1.544618|0.913511|0.321342|0.457822|0.711601|0.668677|0.119497|0.402276|0.169227|-0.089355|0.508607|0.809195|0.739840|0.066667|135.000000|0.433235|0.336313|75.000000|0.259245|0.733333|-0.456000|15.000000
MAXRAW|2010-11-01|0.243604|0.821825|0.411660|0.296418|1.643852|6.488025|5.000000|0.675391|1.284231|1.821404|1.493513|0.867939|0.322368|0.472900|0.671113|0.624284|0.143791|0.371255|0.156552|-0.122100|0.502768|0.752649|0.648389|0.085271|129.000000|0.487958|0.289609|69.000000|0.273235|0.800000|-0.515236|15.000000
MAXRAW|2011-05-01|0.269969|0.774697|0.479249|0.348484|1.608840|7.349818|5.000000|0.734062|1.142448|1.480769|1.526257|0.901475|0.310185|0.450295|0.692116|0.588046|0.108844|0.348108|0.168196|-0.094915|0.459173|0.773066|0.621904|0.073171|123.000000|0.499145|0.264424|63.000000|0.221332|0.642857|-0.450925|14.000000
MAXRAW|2011-11-01|0.292364|0.834173|0.490704|0.350484|1.665489|7.960539|5.000000|0.689259|1.374926|1.956595|1.529362|0.895018|0.356240|0.481212|0.750399|0.720917|0.113475|0.439058|0.153532|-0.021758|0.501214|0.886094|0.753834|0.025641|117.000000|0.509507|0.305738|57.000000|0.250235|0.785714|-0.531091|14.000000
MAXRAW|2012-05-01|0.285609|0.776603|0.501617|0.367767|1.676305|8.035158|5.000000|0.717690|1.152621|1.492599|1.528651|0.909379|0.307903|0.446685|0.689306|0.590716|0.111111|0.349039|0.184335|0.032938|0.460753|0.762393|0.660228|0.000000|111.000000|0.486483|0.272764|51.000000|0.393103|0.615385|-0.460989|13.000000
MAXRAW|2012-11-01|0.314849|0.776869|0.554971|0.405280|1.689841|8.961172|5.000000|0.694201|1.158208|1.493926|1.534762|0.930911|0.316757|0.444913|0.723152|0.636985|0.124031|0.348688|0.196466|0.052417|0.460734|0.783721|0.639104|0.000000|105.000000|0.474207|0.270637|45.000000|0.372395|0.692308|-0.462202|13.000000
MAXRAW|2013-05-01|0.308458|0.776599|0.538820|0.397191|1.682494|8.702213|5.000000|0.715643|1.170723|1.492379|1.516763|0.909596|0.337273|0.450315|0.771419|0.655583|0.097561|0.383017|0.239801|0.042474|0.460685|0.850555|0.692159|0.000000|99.000000|0.492727|0.293169|39.000000|0.445042|0.666667|-0.458464|12.000000
MAXRAW|2013-11-01|0.321013|0.775992|0.556912|0.413681|1.690168|8.066632|5.000000|0.711710|1.175591|1.488011|1.531994|0.910577|0.337058|0.446653|0.781599|0.678454|0.059829|0.374351|0.269852|0.021298|0.460366|0.838126|0.698188|0.000000|93.000000|0.486234|0.304903|33.000000|0.371889|0.666667|-0.458092|12.000000
MAXRAW|2014-05-01|0.399772|0.785990|0.687599|0.508622|1.698033|7.485879|5.000000|0.671754|1.238851|1.546732|1.551042|0.891928|0.470151|0.479021|0.969261|0.926092|0.036036|0.514043|0.403673|0.063090|0.489420|1.064210|0.939615|0.000000|87.000000|0.525514|0.400256|27.000000|0.316644|0.818182|-0.476213|11.000000
MAXRAW|2014-11-01|0.447864|0.780249|0.826578|0.574002|1.631608|7.593963|6.000000|0.655505|0.738863|0.864660|1.491301|0.851130|0.560127|0.508770|1.101363|1.012204|0.000000|0.563692|0.488634|0.120349|0.526380|1.077428|1.021792|0.000000|81.000000|0.618459|0.484370|21.000000|0.257971|0.727273|-0.383951|11.000000
MAXRAW|2015-05-01|0.492068|0.602628|0.987615|0.816536|1.602654|8.608864|6.000000|0.658968|0.764354|0.848723|1.489366|0.867587|0.571593|0.458624|1.215784|1.055214|0.000000|0.560335|0.502758|0.259786|0.508975|1.141517|1.061634|0.000000|75.000000|0.665459|0.548391|15.000000|0.431339|0.700000|-0.185400|10.000000
MAXRAW|2015-11-01|0.539800|0.508937|1.080707|1.060643|1.650989|9.158977|6.000000|0.666241|0.763252|0.850371|1.492997|0.891717|0.590291|0.458192|1.234639|1.051785|0.000000|0.574917|0.514240|0.389484|0.508937|1.168816|1.073074|0.000000|69.000000|0.653567|0.672325|9.000000|0.427198|0.700000|-0.190185|10.000000
MAXRAW|2016-05-01|0.532538|0.447529|1.101368|1.189952|1.670780|8.188274|6.000000|0.658967|0.760417|0.937036|1.479648|0.817059|0.456757|0.443236|1.029032|0.835879|0.000000|0.456437|0.399774|0.298406|0.447529|1.019905|0.873505|0.000000|63.000000|0.529753|0.529227|3.000000|0.466320|0.777778|-0.204109|9.000000
UNIBASE|2009-11-01|0.260078|0.862657|0.427704|0.301486|1.656776|7.969466|5.000000|0.696518|1.395855|2.362047|1.504972|0.882105|0.261195|0.509131|0.545128|0.500488|0.139394|0.292594|0.128759|-0.113382|0.526557|0.563241|0.517970|0.092199|141.000000|0.476440|0.256295|81.000000|0.233767|0.750000|-0.558614|16.000000
UNIBASE|2010-05-01|0.277470|0.805983|0.485360|0.344263|1.659685|7.600952|5.000000|0.727318|1.176171|1.676390|1.513083|0.909161|0.296898|0.456100|0.670916|0.583140|0.138365|0.301114|0.150798|-0.099792|0.489551|0.643769|0.549784|0.066667|135.000000|0.431957|0.272062|75.000000|0.256917|0.666667|-0.496691|15.000000
UNIBASE|2010-11-01|0.248506|0.817458|0.427322|0.303998|1.642634|7.899568|5.000000|0.714545|1.238916|1.777667|1.518136|0.912166|0.297676|0.451135|0.662453|0.578173|0.169935|0.335522|0.130555|-0.128954|0.496682|0.685210|0.576637|0.108527|129.000000|0.470904|0.256430|69.000000|0.109859|0.666667|-0.493359|15.000000
UNIBASE|2011-05-01|0.256696|0.808491|0.445693|0.317500|1.621866|7.829004|5.000000|0.718584|1.249228|1.694743|1.519610|0.904537|0.312213|0.450293|0.684042|0.583262|0.129252|0.342178|0.148385|-0.100610|0.490098|0.719508|0.637696|0.073171|123.000000|0.442189|0.257098|63.000000|0.243782|0.642857|-0.489228|14.000000
UNIBASE|2011-11-01|0.264848|0.863369|0.424953|0.306762|1.703814|8.041127|5.000000|0.688359|1.500220|2.374340|1.506448|0.879820|0.323520|0.433406|0.735286|0.601968|0.127660|0.340808|0.139590|-0.025138|0.525108|0.707976|0.607197|0.059829|117.000000|0.469194|0.250970|57.000000|0.217592|0.714286|-0.557092|14.000000
UNIBASE|2012-05-01|0.271126|0.865501|0.427705|0.313259|1.731164|8.830321|6.000000|0.682669|1.497960|2.411307|1.517778|0.880322|0.345403|0.436359|0.755789|0.655296|0.140741|0.373649|0.144591|-0.003536|0.522641|0.800519|0.660193|0.018018|111.000000|0.473258|0.267706|51.000000|0.368787|0.692308|-0.553399|13.000000
UNIBASE|2012-11-01|0.313694|0.821150|0.529074|0.382018|1.718872|8.352041|6.000000|0.710561|1.326862|1.814027|1.524438|0.910959|0.335029|0.451056|0.740316|0.640298|0.139535|0.386209|0.169149|0.026727|0.499316|0.855261|0.734709|0.000000|105.000000|0.480199|0.278071|45.000000|0.391750|0.615385|-0.495248|13.000000
UNIBASE|2013-05-01|0.290184|0.815371|0.487999|0.355892|1.705732|8.440500|6.000000|0.693345|1.327667|1.757558|1.512428|0.904042|0.351087|0.454686|0.763073|0.661997|0.121951|0.410982|0.202709|0.004990|0.498044|0.875066|0.741977|0.000000|99.000000|0.482398|0.285219|39.000000|0.422519|0.666667|-0.498290|12.000000
UNIBASE|2013-11-01|0.304192|0.808757|0.512570|0.376123|1.708587|8.353557|6.000000|0.695655|1.308040|1.699011|1.520253|0.898718|0.361577|0.450138|0.807450|0.689957|0.076923|0.407397|0.283482|-0.013981|0.492081|0.899871|0.775604|0.010753|93.000000|0.477850|0.301386|33.000000|0.412801|0.666667|-0.505230|12.000000
UNIBASE|2014-05-01|0.327030|0.861022|0.514918|0.379816|1.751608|8.593559|6.000000|0.674340|1.587973|2.334400|1.496709|0.871247|0.373103|0.433468|0.803718|0.736353|0.045045|0.400734|0.304930|-0.007345|0.525947|0.873751|0.741785|0.034483|87.000000|0.457150|0.310615|27.000000|0.377993|0.727273|-0.558708|11.000000
UNIBASE|2014-11-01|0.459850|0.786374|0.855941|0.584773|1.639955|8.281440|6.000000|0.659270|0.761010|0.996120|1.495113|0.866714|0.539750|0.456827|1.092498|0.999342|0.000000|0.532646|0.474699|0.148701|0.506999|1.072360|1.017264|0.000000|81.000000|0.652417|0.516123|21.000000|0.399543|0.636364|-0.462092|11.000000
UNIBASE|2015-05-01|0.459276|0.601742|0.932671|0.763245|1.600638|8.904546|6.000000|0.656470|0.760938|0.844629|1.498328|0.845207|0.553273|0.456993|1.185523|1.060658|0.000000|0.524911|0.470459|0.288781|0.478817|1.127501|1.036773|0.000000|75.000000|0.637196|0.537986|15.000000|0.423697|0.700000|-0.178733|10.000000
UNIBASE|2015-11-01|0.517001|0.505706|1.047793|1.022336|1.654502|8.807065|6.000000|0.663084|0.759065|0.838313|1.477981|0.897036|0.552845|0.456294|1.200984|1.075447|0.000000|0.540862|0.490520|0.369363|0.505706|1.109799|1.043093|0.000000|69.000000|0.629764|0.645808|9.000000|0.426105|0.700000|-0.187950|10.000000
UNIBASE|2016-05-01|0.494717|0.450307|1.026465|1.098621|1.665496|8.384790|6.000000|0.640061|0.731847|0.821596|1.440095|0.749701|0.463383|0.448274|1.074773|0.897511|0.000000|0.474432|0.427741|0.316082|0.448274|1.082245|0.918237|0.000000|63.000000|0.490445|0.490285|3.000000|0.385663|0.777778|-0.221599|9.000000
#EX5|2011-11-01|688516,000933,002466,002128,601328
EX5:BASE|2009-11-01|0.321072|0.656458|0.653834|0.489096|1.617577|4.325980|5.000000|0.667974|0.997194|1.261646|1.514163|0.772152|0.416128|0.395751|1.105107|0.872378|0.054545|0.410197|0.256734|-0.018201|0.395751|0.992140|0.811598|0.007092|141.000000|0.527031|0.392637|81.000000|0.308637|0.812500|-0.257830|16.000000
EX5:BASE|2010-05-01|0.351584|0.656081|0.710104|0.535885|1.649108|4.835214|5.000000|0.671979|1.001355|1.261133|1.525086|0.798362|0.418539|0.395144|1.115729|0.879309|0.050314|0.424165|0.324088|-0.018425|0.395144|1.042455|0.818743|0.007407|135.000000|0.517002|0.395974|75.000000|0.369791|0.800000|-0.257813|15.000000
EX5:BASE|2010-11-01|0.269716|0.714246|0.536424|0.377624|1.616238|4.422365|5.000000|0.670303|0.929540|1.168484|1.499375|0.794442|0.400432|0.429267|1.095173|0.882293|0.091503|0.416986|0.207453|-0.072947|0.429267|0.987409|0.881981|0.077519|129.000000|0.488947|0.343127|69.000000|0.232540|0.733333|-0.305538|15.000000
EX5:BASE|2011-05-01|0.293387|0.717922|0.603895|0.408661|1.577432|4.362413|5.000000|0.672250|0.924987|1.182449|1.490790|0.734205|0.413474|0.416270|1.089897|0.890258|0.040816|0.427227|0.238991|-0.045358|0.416270|1.035255|0.902967|0.024390|123.000000|0.495478|0.352900|63.000000|0.321887|0.785714|-0.256868|14.000000
EX5:BASE|2011-11-01|0.323051|0.703151|0.663505|0.459433|1.623867|4.344182|5.000000|0.667134|0.905378|1.109636|1.491008|0.730650|0.416858|0.398909|1.130680|0.875713|0.028369|0.432344|0.283527|0.054063|0.404061|1.080633|0.897779|0.000000|117.000000|0.516057|0.358399|57.000000|0.310305|0.785714|-0.238120|14.000000
EX5:BASE|2012-05-01|0.326690|0.675679|0.676568|0.483499|1.643384|4.647016|5.000000|0.651766|0.863616|1.028515|1.493214|0.705984|0.414059|0.395729|1.151611|0.896131|0.014815|0.426539|0.349511|0.131196|0.395729|1.077856|0.893985|0.000000|111.000000|0.494557|0.392106|51.000000|0.372685|0.692308|-0.194662|13.000000
EX5:BASE|2012-11-01|0.382371|0.673882|0.792751|0.567416|1.665732|4.372656|5.000000|0.664489|0.839463|1.019393|1.488217|0.706968|0.437058|0.396236|1.195974|0.938338|0.015504|0.449752|0.363401|0.195873|0.396236|1.138290|0.940901|0.000000|105.000000|0.518098|0.422918|45.000000|0.375582|0.692308|-0.199956|13.000000
EX5:BASE|2013-05-01|0.420641|0.600321|0.880249|0.700693|1.676962|4.260513|6.000000|0.638422|0.750205|0.890158|1.465777|0.645480|0.488354|0.392831|1.304762|1.028997|0.000000|0.485036|0.429688|0.287253|0.395168|1.190445|0.999478|0.000000|99.000000|0.555342|0.481164|39.000000|0.389380|0.916667|-0.184301|12.000000
EX5:BASE|2013-11-01|0.395822|0.658588|0.802555|0.601017|1.676627|4.656328|6.000000|0.644232|0.766680|0.985863|1.478256|0.734936|0.471753|0.394471|1.254407|1.001413|0.000000|0.458852|0.414849|0.187021|0.395713|1.148691|0.995181|0.000000|93.000000|0.524269|0.446964|33.000000|0.350768|0.833333|-0.198487|12.000000
EX5:BASE|2014-05-01|0.402328|0.701392|0.799227|0.573614|1.697570|5.801589|6.000000|0.626536|0.895234|1.106832|1.445904|0.671114|0.452086|0.402451|1.158928|0.951940|0.000000|0.449714|0.384801|0.191969|0.420491|1.103707|0.964342|0.000000|87.000000|0.488018|0.415333|27.000000|0.303940|0.818182|-0.293554|11.000000
EX5:BASE|2014-11-01|0.336343|0.844334|0.654784|0.398354|1.660910|4.313166|6.000000|0.613374|0.719284|1.157541|1.404093|0.579130|0.489964|0.402857|1.295426|1.026570|0.066667|0.483481|0.427138|0.027767|0.402857|1.192346|1.041771|0.000000|81.000000|0.516497|0.400294|21.000000|0.443398|0.727273|-0.566649|11.000000
EX5:BASE|2015-05-01|0.450435|0.601742|1.035558|0.748552|1.598518|4.983932|6.000000|0.632741|0.714830|0.893867|1.472860|0.678851|0.555142|0.361734|1.662062|1.284875|0.000000|0.546074|0.493276|0.342100|0.395941|1.377214|1.211407|0.000000|75.000000|0.624932|0.537724|15.000000|0.440210|0.800000|-0.178733|10.000000
EX5:BASE|2015-11-01|0.533552|0.452804|1.219232|1.178328|1.652081|5.677176|6.000000|0.641529|0.715310|0.889850|1.467363|0.760638|0.599485|0.361866|1.662027|1.284149|0.000000|0.553727|0.518586|0.446879|0.392759|1.454782|1.262862|0.000000|69.000000|0.642419|0.641291|9.000000|0.459484|0.800000|-0.187950|10.000000
EX5:BASE|2016-05-01|0.511212|0.406718|1.173496|1.256921|1.675888|4.090069|6.000000|0.620651|0.725639|0.829350|1.449290|0.597848|0.486975|0.398641|1.331561|1.022198|0.000000|0.473742|0.427873|0.337884|0.398641|1.173507|1.016471|0.000000|63.000000|0.510721|0.510312|3.000000|0.522197|0.888889|-0.170792|9.000000
EX5:B2ALL|2009-11-01|0.336224|0.647620|0.687289|0.519168|1.619854|4.981370|5.000000|0.657549|1.022915|1.281239|1.501326|0.755026|0.424444|0.410194|1.140255|0.900431|0.048485|0.440315|0.257944|-0.014104|0.410194|1.054556|0.837791|0.007092|141.000000|0.552234|0.402034|81.000000|0.373642|0.812500|-0.247457|16.000000
EX5:B2ALL|2010-05-01|0.365759|0.647427|0.739722|0.564942|1.650825|4.964842|5.000000|0.666332|1.028396|1.283332|1.507928|0.783009|0.438646|0.404068|1.176060|0.952323|0.044025|0.451460|0.323876|-0.014886|0.407450|1.111142|0.903318|0.007407|135.000000|0.565486|0.412782|75.000000|0.386908|0.800000|-0.247304|15.000000
EX5:B2ALL|2010-11-01|0.277605|0.731435|0.564952|0.379535|1.606553|4.238314|5.000000|0.677040|0.929285|1.216613|1.475917|0.751506|0.420747|0.428047|1.114497|0.904152|0.084967|0.439177|0.216085|-0.089346|0.430728|1.061727|0.931072|0.077519|129.000000|0.508302|0.357983|69.000000|0.339625|0.800000|-0.321544|15.000000
EX5:B2ALL|2011-05-01|0.306193|0.683109|0.623088|0.448235|1.589447|4.385534|5.000000|0.653262|0.886369|1.062244|1.482992|0.739215|0.424925|0.430368|1.127640|0.923260|0.034014|0.436517|0.246425|-0.034348|0.430368|1.047461|0.915163|0.024390|123.000000|0.503854|0.364108|63.000000|0.368881|0.785714|-0.259488|14.000000
EX5:B2ALL|2011-11-01|0.345009|0.685137|0.694185|0.503562|1.638248|3.928778|6.000000|0.658047|0.854188|1.093468|1.459534|0.696313|0.442095|0.397046|1.210292|0.956688|0.014184|0.455767|0.340593|0.074561|0.411280|1.144764|0.941393|0.000000|117.000000|0.524862|0.401018|57.000000|0.364853|0.785714|-0.241113|14.000000
EX5:B2ALL|2012-05-01|0.362959|0.666988|0.738248|0.544176|1.655797|4.410015|5.000000|0.647486|0.845466|1.003581|1.464410|0.728423|0.454907|0.396310|1.271052|1.014077|0.014815|0.473011|0.358269|0.144715|0.409675|1.175703|0.982624|0.000000|111.000000|0.546004|0.421126|51.000000|0.424469|0.769231|-0.234291|13.000000
EX5:B2ALL|2012-11-01|0.415243|0.663734|0.844766|0.625616|1.682728|4.597798|6.000000|0.655084|0.829967|0.995815|1.466528|0.740024|0.478520|0.395752|1.323521|1.030514|0.015504|0.485468|0.374912|0.233695|0.409784|1.212434|1.026855|0.000000|105.000000|0.566390|0.439849|45.000000|0.420081|0.769231|-0.223819|13.000000
EX5:B2ALL|2013-05-01|0.411606|0.605377|0.857245|0.679917|1.667266|5.003660|6.000000|0.642382|0.743953|0.859369|1.451856|0.709966|0.483460|0.396517|1.357242|1.038472|0.000000|0.486874|0.425449|0.232675|0.409888|1.221156|1.038109|0.000000|99.000000|0.544665|0.468507|39.000000|0.445432|0.833333|-0.168966|12.000000
EX5:B2ALL|2013-11-01|0.409357|0.650841|0.827042|0.628966|1.679786|4.390711|6.000000|0.645035|0.762356|0.966376|1.465182|0.766026|0.485293|0.396440|1.371738|1.042624|0.000000|0.492745|0.425290|0.173781|0.410095|1.215058|1.037588|0.000000|93.000000|0.544805|0.457139|33.000000|0.391074|0.833333|-0.206906|12.000000
EX5:B2ALL|2014-05-01|0.386412|0.748818|0.773732|0.516029|1.679322|4.323688|6.000000|0.647550|1.061999|1.334485|1.474447|0.688793|0.484827|0.396350|1.282344|1.069459|0.036036|0.494373|0.418666|0.124036|0.445796|1.197486|1.050114|0.000000|87.000000|0.516000|0.403822|27.000000|0.417715|0.727273|-0.377429|11.000000
EX5:B2ALL|2014-11-01|0.323492|0.828021|0.622776|0.390681|1.680240|4.181099|6.000000|0.616205|0.743489|0.864833|1.419201|0.560348|0.443251|0.401154|1.148266|0.919415|0.057143|0.439018|0.401707|0.041452|0.401154|1.082417|0.934902|0.000000|81.000000|0.473128|0.395055|21.000000|0.336259|0.727273|-0.578141|11.000000
EX5:B2ALL|2015-05-01|0.366946|0.578907|0.825265|0.633860|1.601575|4.270690|6.000000|0.643857|0.727913|0.809046|1.477653|0.685137|0.455361|0.393693|1.125998|0.991166|0.000000|0.444289|0.403666|0.225294|0.449248|1.039454|0.974059|0.000000|75.000000|0.503014|0.427341|15.000000|0.326604|0.800000|-0.186245|10.000000
EX5:B2ALL|2015-11-01|0.417796|0.457658|0.950722|0.912900|1.655878|4.176049|6.000000|0.641929|0.728782|0.818342|1.477990|0.663754|0.465015|0.397470|1.171493|1.014655|0.000000|0.457993|0.402949|0.338715|0.457658|1.067238|1.000165|0.000000|69.000000|0.505243|0.502089|9.000000|0.327070|0.800000|-0.177072|10.000000
EX5:B2ALL|2016-05-01|0.525166|0.414353|1.211838|1.267435|1.671109|4.257279|6.000000|0.624541|0.723543|0.891838|1.441232|0.608210|0.518949|0.397801|1.406183|1.086329|0.000000|0.506270|0.464147|0.379549|0.397801|1.256751|1.096283|0.000000|63.000000|0.524617|0.524537|3.000000|0.521371|0.888889|-0.182132|9.000000
EX5:B2RAW|2009-11-01|0.333998|0.654729|0.673381|0.510131|1.630916|4.365228|5.000000|0.659286|1.022215|1.279089|1.490593|0.803922|0.426184|0.414075|1.129478|0.890330|0.042424|0.421815|0.260139|-0.019967|0.425501|1.028194|0.827292|0.007092|141.000000|0.513940|0.397375|81.000000|0.358191|0.812500|-0.247507|16.000000
EX5:B2RAW|2010-05-01|0.344663|0.647550|0.697729|0.532257|1.650737|4.325681|5.000000|0.661520|1.026912|1.279206|1.528393|0.761003|0.429723|0.403781|1.166528|0.931061|0.037736|0.440156|0.324527|-0.013416|0.411623|1.049698|0.881288|0.007407|135.000000|0.527448|0.408117|75.000000|0.392702|0.800000|-0.247303|15.000000
EX5:B2RAW|2010-11-01|0.280661|0.666885|0.571131|0.420854|1.614254|4.469709|5.000000|0.649212|0.857024|1.007812|1.440170|0.711181|0.383715|0.410965|1.075038|0.839756|0.071895|0.411560|0.290513|-0.049096|0.410965|1.001973|0.854222|0.069767|129.000000|0.480804|0.375932|69.000000|0.266103|0.800000|-0.297398|15.000000
EX5:B2RAW|2011-05-01|0.317913|0.684192|0.639830|0.464654|1.600538|4.559050|5.000000|0.659684|0.890810|1.093396|1.481608|0.753131|0.448969|0.431888|1.178849|0.969064|0.027211|0.458088|0.251595|-0.033277|0.431888|1.090918|0.946720|0.024390|123.000000|0.524117|0.379608|63.000000|0.378783|0.714286|-0.245839|14.000000
EX5:B2RAW|2011-11-01|0.327821|0.725593|0.669928|0.451797|1.634522|4.408308|5.000000|0.660047|0.912094|1.190665|1.485958|0.730087|0.448588|0.410314|1.183230|0.983571|0.028369|0.459930|0.266671|0.041326|0.431957|1.101625|0.969220|0.000000|117.000000|0.519755|0.374247|57.000000|0.366428|0.857143|-0.306634|14.000000
EX5:B2RAW|2012-05-01|0.336272|0.717648|0.686316|0.468575|1.657193|4.288705|5.000000|0.648627|0.879206|1.157276|1.493292|0.725259|0.444831|0.399900|1.237593|0.997067|0.029630|0.463201|0.319764|0.109686|0.428579|1.126729|0.977348|0.000000|111.000000|0.509333|0.398085|51.000000|0.423632|0.769231|-0.266967|13.000000
EX5:B2RAW|2012-11-01|0.377409|0.688541|0.746558|0.548128|1.697260|4.199550|6.000000|0.652172|0.880254|1.099103|1.496840|0.720667|0.460486|0.402670|1.268330|1.023725|0.023256|0.474907|0.318621|0.169821|0.431466|1.150197|0.989240|0.000000|105.000000|0.524587|0.408584|45.000000|0.419478|0.692308|-0.231101|13.000000
EX5:B2RAW|2013-05-01|0.396183|0.605443|0.826389|0.654369|1.668347|4.825291|6.000000|0.642114|0.747035|0.858158|1.452992|0.737118|0.472517|0.394877|1.333570|1.012718|0.000000|0.474427|0.413112|0.227099|0.411703|1.192958|1.008075|0.000000|99.000000|0.524651|0.453697|39.000000|0.442524|0.833333|-0.172050|12.000000
EX5:B2RAW|2013-11-01|0.380707|0.642750|0.768465|0.592310|1.683176|4.059995|6.000000|0.634576|0.740127|0.947090|1.437709|0.701282|0.454846|0.403157|1.201578|0.959106|0.000000|0.446301|0.398765|0.178535|0.411680|1.097380|0.962500|0.000000|93.000000|0.499946|0.437854|33.000000|0.327184|0.833333|-0.188128|12.000000
EX5:B2RAW|2014-05-01|0.384679|0.751126|0.766865|0.512136|1.681652|4.777897|6.000000|0.656515|1.072707|1.346799|1.499565|0.718145|0.474106|0.403437|1.256607|1.044213|0.036036|0.489639|0.419898|0.115271|0.448057|1.159170|1.017978|0.000000|87.000000|0.512655|0.396742|27.000000|0.418826|0.727273|-0.375949|11.000000
EX5:B2RAW|2014-11-01|0.392385|0.841181|0.771968|0.466469|1.643270|5.898015|5.000000|0.646979|0.737199|0.825882|1.463112|0.719652|0.525376|0.366156|1.443489|1.151383|0.047619|0.529253|0.484439|0.077125|0.417105|1.335740|1.166036|0.000000|81.000000|0.592347|0.465720|21.000000|0.432166|0.727273|-0.575565|11.000000
EX5:B2RAW|2015-05-01|0.388038|0.604009|0.865268|0.642437|1.603263|4.479176|6.000000|0.641353|0.731001|0.820419|1.481021|0.677865|0.486274|0.400701|1.248180|1.049290|0.000000|0.488873|0.430467|0.204368|0.455378|1.116986|1.065585|0.000000|75.000000|0.532142|0.445812|15.000000|0.418915|0.800000|-0.213599|10.000000
EX5:B2RAW|2015-11-01|0.444753|0.468960|1.002344|0.948382|1.655182|4.674446|6.000000|0.642546|0.730795|0.820130|1.478487|0.684271|0.499623|0.400729|1.266230|1.093324|0.000000|0.503578|0.445020|0.364123|0.457142|1.148196|1.085674|0.000000|69.000000|0.538019|0.536715|9.000000|0.420314|0.800000|-0.217413|10.000000
EX5:B2RAW|2016-05-01|0.542168|0.427823|1.239359|1.267271|1.678438|5.499541|6.000000|0.633373|0.725948|0.878723|1.447102|0.695496|0.514394|0.395780|1.395412|1.084548|0.000000|0.505763|0.473529|0.371622|0.395780|1.269359|1.089625|0.000000|63.000000|0.540269|0.539844|3.000000|0.559976|0.888889|-0.203884|9.000000
EX5:MAXBOTH|2009-11-01|0.327472|0.655625|0.659948|0.499480|1.622352|4.650516|5.000000|0.655454|0.995205|1.262308|1.493591|0.754281|0.411708|0.413097|1.143366|0.895485|0.066667|0.431047|0.252615|-0.033796|0.415365|1.021764|0.842172|0.007092|141.000000|0.524250|0.399746|81.000000|0.351777|0.812500|-0.248691|16.000000
EX5:MAXBOTH|2010-05-01|0.352831|0.647330|0.710985|0.545056|1.647140|5.479516|5.000000|0.664760|1.001130|1.261859|1.535770|0.794268|0.415568|0.395640|1.098744|0.877014|0.056604|0.432144|0.320225|-0.020794|0.406537|1.034493|0.848078|0.007407|135.000000|0.537316|0.394338|75.000000|0.369121|0.800000|-0.248727|15.000000
EX5:MAXBOTH|2010-11-01|0.267637|0.723031|0.541646|0.370160|1.608296|4.928791|5.000000|0.656984|0.908679|1.179652|1.462967|0.730558|0.370371|0.416178|0.998729|0.823411|0.084967|0.400626|0.225881|-0.072309|0.429307|0.992728|0.852478|0.069767|129.000000|0.483888|0.341343|69.000000|0.268011|0.800000|-0.296945|15.000000
EX5:MAXBOTH|2011-05-01|0.298264|0.718445|0.603823|0.415152|1.589615|6.159105|5.000000|0.642084|0.912081|1.161211|1.469613|0.729196|0.397963|0.431454|1.054281|0.881633|0.040816|0.428984|0.236412|-0.041623|0.431454|1.017449|0.887243|0.024390|123.000000|0.499715|0.343515|63.000000|0.288604|0.785714|-0.275264|14.000000
EX5:MAXBOTH|2011-11-01|0.337565|0.720788|0.687635|0.468328|1.632052|5.199378|6.000000|0.660611|0.916177|1.169773|1.483504|0.732057|0.453302|0.407615|1.200199|0.998340|0.028369|0.465090|0.261700|0.039472|0.429222|1.134603|0.968902|0.000000|117.000000|0.536753|0.373362|57.000000|0.382447|0.857143|-0.292679|14.000000
EX5:MAXBOTH|2012-05-01|0.338415|0.704156|0.684368|0.480597|1.657971|4.628878|6.000000|0.635925|0.880292|1.105147|1.462096|0.689586|0.434432|0.400743|1.111046|0.942183|0.022222|0.445826|0.324116|0.103917|0.423942|1.090036|0.938058|0.000000|111.000000|0.514215|0.381567|51.000000|0.344763|0.769231|-0.240736|13.000000
EX5:MAXBOTH|2012-11-01|0.375745|0.707275|0.753742|0.531258|1.685675|4.211173|6.000000|0.652437|0.879653|1.116819|1.485529|0.726623|0.455268|0.402883|1.190322|0.996981|0.023256|0.468606|0.329235|0.176496|0.430841|1.143437|0.982646|0.000000|105.000000|0.517361|0.410693|45.000000|0.418679|0.769231|-0.248211|13.000000
EX5:MAXBOTH|2013-05-01|0.388848|0.642923|0.774157|0.604813|1.684383|5.407580|6.000000|0.634649|0.786185|0.949952|1.473699|0.722308|0.449102|0.409440|1.141103|0.934418|0.000000|0.443291|0.379951|0.196902|0.421823|1.082096|0.909058|0.000000|99.000000|0.514434|0.408488|39.000000|0.389813|0.750000|-0.192000|12.000000
EX5:MAXBOTH|2013-11-01|0.407524|0.650840|0.824703|0.626151|1.678919|4.373401|6.000000|0.641930|0.761186|0.966401|1.466083|0.725962|0.487917|0.403687|1.363485|1.046690|0.000000|0.494852|0.427945|0.175003|0.408921|1.210141|1.041175|0.000000|93.000000|0.542192|0.461902|33.000000|0.375488|0.833333|-0.206784|12.000000
EX5:MAXBOTH|2014-05-01|0.407839|0.748818|0.811186|0.544643|1.680990|4.615124|5.000000|0.655505|1.055659|1.334485|1.473021|0.736825|0.496101|0.402561|1.265370|1.065554|0.036036|0.499187|0.422251|0.126508|0.443517|1.194664|1.027910|0.000000|87.000000|0.545324|0.405992|27.000000|0.420345|0.727273|-0.377429|11.000000
EX5:MAXBOTH|2014-11-01|0.321018|0.835373|0.618109|0.384281|1.668103|4.310517|6.000000|0.604192|0.688100|0.786744|1.409494|0.527652|0.464290|0.403303|1.244618|0.979936|0.085714|0.467590|0.421600|-0.011686|0.403303|1.124147|0.995627|0.024691|81.000000|0.483396|0.383850|21.000000|0.418237|0.727273|-0.572893|11.000000
EX5:MAXBOTH|2015-05-01|0.419924|0.585806|0.938361|0.716831|1.609308|4.792289|5.000000|0.640303|0.730208|0.799060|1.475859|0.724280|0.511227|0.402591|1.329411|1.078430|0.000000|0.497425|0.445535|0.292016|0.417834|1.188235|1.084106|0.000000|75.000000|0.569903|0.482107|15.000000|0.411340|0.800000|-0.190580|10.000000
EX5:MAXBOTH|2015-11-01|0.466010|0.448897|1.051001|1.038123|1.661005|4.693228|5.000000|0.639698|0.730207|0.803414|1.477121|0.708967|0.512807|0.402568|1.357442|1.093033|0.000000|0.486119|0.446990|0.363674|0.418355|1.190784|1.067949|0.000000|69.000000|0.563439|0.558280|9.000000|0.408889|0.800000|-0.183823|10.000000
EX5:MAXBOTH|2016-05-01|0.534414|0.415577|1.223836|1.285958|1.671260|4.610394|6.000000|0.633404|0.727492|0.890954|1.448809|0.657234|0.518270|0.396003|1.361176|1.069181|0.000000|0.508942|0.466810|0.373644|0.396003|1.248486|1.093769|0.000000|63.000000|0.534506|0.534314|3.000000|0.554588|0.888889|-0.183194|9.000000
EX5:MAXRAW|2009-11-01|0.309614|0.647883|0.627959|0.477887|1.618005|4.805616|5.000000|0.646308|1.000350|1.264496|1.526846|0.746091|0.388466|0.410384|0.993720|0.801596|0.060606|0.400283|0.259602|-0.019756|0.410384|0.882413|0.782597|0.007092|141.000000|0.476668|0.376663|81.000000|0.271847|0.812500|-0.248765|16.000000
EX5:MAXRAW|2010-05-01|0.355964|0.647938|0.718098|0.549381|1.649305|5.608348|5.000000|0.667003|1.005970|1.264318|1.542203|0.807830|0.431316|0.403655|1.126265|0.905511|0.056604|0.434425|0.323182|-0.020187|0.410327|1.047297|0.857024|0.007407|135.000000|0.542609|0.403130|75.000000|0.375459|0.800000|-0.248744|15.000000
EX5:MAXRAW|2010-11-01|0.279791|0.713222|0.564769|0.392292|1.616453|4.323408|5.000000|0.672383|0.918130|1.139422|1.463416|0.746077|0.422942|0.427653|1.112568|0.909260|0.084967|0.443222|0.230394|-0.075318|0.430324|1.056210|0.927011|0.069767|129.000000|0.502121|0.364723|69.000000|0.294711|0.800000|-0.322970|15.000000
EX5:MAXRAW|2011-05-01|0.284884|0.730422|0.584267|0.390027|1.588169|4.147665|5.000000|0.638832|0.911036|1.211606|1.464097|0.697189|0.379303|0.431068|1.044775|0.856014|0.040816|0.417586|0.239247|-0.048609|0.431068|1.033581|0.882717|0.024390|123.000000|0.471564|0.349308|63.000000|0.301323|0.857143|-0.298959|14.000000
EX5:MAXRAW|2011-11-01|0.320185|0.715463|0.650473|0.447521|1.635551|4.408532|5.000000|0.658528|0.912044|1.149086|1.479728|0.722488|0.440455|0.408620|1.171886|0.956658|0.028369|0.450339|0.262677|0.039364|0.430303|1.074474|0.939704|0.000000|117.000000|0.509584|0.367181|57.000000|0.354335|0.857143|-0.316601|14.000000
EX5:MAXRAW|2012-05-01|0.331753|0.703827|0.672773|0.471357|1.662878|4.187127|6.000000|0.636129|0.876343|1.102966|1.463523|0.701669|0.416834|0.393826|1.105403|0.913001|0.022222|0.434412|0.325702|0.109685|0.428659|1.069619|0.920114|0.000000|111.000000|0.500349|0.376360|51.000000|0.315108|0.769231|-0.235949|13.000000
EX5:MAXRAW|2012-11-01|0.391533|0.702813|0.787727|0.557094|1.685586|4.631812|6.000000|0.652805|0.864468|1.100142|1.482915|0.737641|0.465830|0.403022|1.190618|1.011825|0.015504|0.476731|0.337793|0.184369|0.430319|1.167422|0.988456|0.000000|105.000000|0.534994|0.415850|45.000000|0.418931|0.769231|-0.240941|13.000000
EX5:MAXRAW|2013-05-01|0.413424|0.629561|0.845523|0.656686|1.680173|4.503248|6.000000|0.639214|0.740767|0.881441|1.460369|0.734341|0.478750|0.402783|1.302770|1.016016|0.000000|0.487018|0.413405|0.227949|0.424179|1.180162|1.008256|0.000000|99.000000|0.533821|0.452765|39.000000|0.506688|0.750000|-0.196976|12.000000
EX5:MAXRAW|2013-11-01|0.391594|0.642750|0.791333|0.609248|1.680252|4.206399|6.000000|0.633582|0.740079|0.947090|1.438045|0.708013|0.463458|0.398535|1.207659|0.967097|0.000000|0.454042|0.402679|0.179824|0.411297|1.137894|0.994178|0.000000|93.000000|0.514907|0.439910|33.000000|0.326477|0.833333|-0.188128|12.000000
EX5:MAXRAW|2014-05-01|0.392169|0.751126|0.784854|0.522108|1.681800|5.077718|6.000000|0.643559|1.065433|1.346799|1.488427|0.710140|0.488361|0.394093|1.261849|1.055231|0.036036|0.492453|0.419302|0.123614|0.446617|1.186128|1.034508|0.000000|87.000000|0.522176|0.398548|27.000000|0.419973|0.727273|-0.375949|11.000000
EX5:MAXRAW|2014-11-01|0.322286|0.855165|0.626438|0.376870|1.653512|4.349436|6.000000|0.613988|0.731482|0.853676|1.404341|0.572174|0.492677|0.393989|1.322414|1.054167|0.085714|0.493190|0.433429|-0.008330|0.393989|1.181835|1.044155|0.024691|81.000000|0.507530|0.388429|21.000000|0.423747|0.727273|-0.575352|11.000000
EX5:MAXRAW|2015-05-01|0.451656|0.602628|1.024736|0.749478|1.601646|5.735559|6.000000|0.644528|0.725179|0.850037|1.498973|0.712048|0.550470|0.363328|1.602612|1.250833|0.000000|0.548187|0.489280|0.320607|0.395229|1.390446|1.186084|0.000000|75.000000|0.611794|0.516988|15.000000|0.443771|0.800000|-0.185400|10.000000
EX5:MAXRAW|2015-11-01|0.528464|0.454789|1.209637|1.161998|1.652583|6.099902|6.000000|0.650185|0.724737|0.882443|1.477123|0.767857|0.595532|0.363393|1.694360|1.295149|0.000000|0.555497|0.521980|0.428432|0.394257|1.425638|1.246955|0.000000|69.000000|0.636220|0.633169|9.000000|0.519141|0.800000|-0.190185|10.000000
EX5:MAXRAW|2016-05-01|0.530297|0.429129|1.217230|1.235753|1.678924|5.052562|6.000000|0.624190|0.728986|0.888934|1.463108|0.633719|0.518201|0.396107|1.346661|1.075301|0.000000|0.506255|0.469465|0.368966|0.396107|1.264667|1.092544|0.000000|63.000000|0.527829|0.527634|3.000000|0.554823|0.888889|-0.206254|9.000000
EX5:UNIBASE|2009-11-01|0.312782|0.661305|0.638253|0.472977|1.612542|5.288570|5.000000|0.674945|0.998436|1.226258|1.521675|0.807148|0.370085|0.396331|1.057437|0.828624|0.030303|0.389742|0.257792|-0.020189|0.396331|0.903821|0.748650|0.007092|141.000000|0.501635|0.370097|81.000000|0.311212|0.812500|-0.257830|16.000000
EX5:UNIBASE|2010-05-01|0.322054|0.657158|0.650887|0.490070|1.643979|5.516220|5.000000|0.676930|1.000999|1.225294|1.534229|0.797083|0.394350|0.394390|1.093135|0.851102|0.025157|0.394923|0.321084|-0.019660|0.394390|0.966994|0.794227|0.007407|135.000000|0.464078|0.377246|75.000000|0.358510|0.800000|-0.257813|15.000000
EX5:UNIBASE|2010-11-01|0.295231|0.650123|0.617903|0.454115|1.596947|5.113002|5.000000|0.664458|0.819460|0.951866|1.480297|0.776350|0.400106|0.389156|1.162721|0.904795|0.071895|0.413608|0.312874|-0.039312|0.389156|1.059478|0.879392|0.031008|129.000000|0.470904|0.389390|69.000000|0.330176|0.733333|-0.305538|15.000000
EX5:UNIBASE|2011-05-01|0.335307|0.653232|0.708468|0.513305|1.574076|5.177712|6.000000|0.661660|0.825229|0.959181|1.480172|0.783468|0.420830|0.390300|1.200246|0.945725|0.027211|0.429529|0.319902|0.010675|0.390300|1.151875|0.910135|0.000000|123.000000|0.542415|0.391547|63.000000|0.345615|0.785714|-0.153971|14.000000
EX5:UNIBASE|2011-11-01|0.331714|0.654003|0.694541|0.507205|1.617232|5.420328|5.000000|0.661664|0.830977|0.956553|1.487287|0.759358|0.411668|0.367672|1.187283|0.944704|0.014184|0.418116|0.343516|0.091512|0.390731|1.122221|0.895631|0.000000|117.000000|0.496878|0.390195|57.000000|0.340440|0.785714|-0.154591|14.000000
EX5:UNIBASE|2012-05-01|0.332162|0.635470|0.688162|0.522703|1.649253|4.927805|6.000000|0.657520|0.807756|0.915334|1.492226|0.754315|0.364819|0.396218|0.977371|0.803149|0.014815|0.386892|0.331530|0.164430|0.396218|0.908118|0.799270|0.000000|111.000000|0.478838|0.369838|51.000000|0.269689|0.769231|-0.160526|13.000000
EX5:UNIBASE|2012-11-01|0.383894|0.647430|0.801578|0.592951|1.663473|5.532618|5.000000|0.668588|0.812831|0.939121|1.493002|0.739726|0.436122|0.395074|1.169873|0.927066|0.015504|0.424568|0.371476|0.230437|0.395074|1.109911|0.895590|0.000000|105.000000|0.502231|0.414058|45.000000|0.318811|0.692308|-0.167425|13.000000
EX5:UNIBASE|2013-05-01|0.384455|0.583221|0.805184|0.659192|1.658150|5.529850|6.000000|0.641624|0.740457|0.894163|1.445353|0.717371|0.455173|0.390286|1.198487|0.958596|0.000000|0.450896|0.391708|0.270873|0.394789|1.102049|0.937178|0.000000|99.000000|0.477530|0.440753|39.000000|0.358497|0.916667|-0.146906|12.000000
EX5:UNIBASE|2013-11-01|0.386255|0.656500|0.782359|0.588355|1.670034|5.498138|6.000000|0.654536|0.767013|0.979404|1.492609|0.796154|0.455478|0.383569|1.230116|0.986590|0.000000|0.448800|0.396197|0.187004|0.392215|1.181403|0.974522|0.000000|93.000000|0.514052|0.438684|33.000000|0.330162|0.833333|-0.195626|12.000000
EX5:UNIBASE|2014-05-01|0.390374|0.711346|0.783071|0.548782|1.684914|5.514582|6.000000|0.646796|0.906310|1.134236|1.483675|0.762842|0.440225|0.360163|1.226396|0.981190|0.000000|0.444949|0.376748|0.188894|0.424099|1.159619|0.969531|0.000000|87.000000|0.480533|0.409495|27.000000|0.313574|0.727273|-0.279358|11.000000
EX5:UNIBASE|2014-11-01|0.350822|0.785981|0.697518|0.446349|1.668775|5.509948|6.000000|0.617458|0.734882|1.050866|1.374666|0.562783|0.462807|0.358269|1.346283|1.007226|0.047619|0.455505|0.402727|0.082724|0.358269|1.259524|1.011792|0.000000|81.000000|0.497931|0.402901|21.000000|0.395677|0.727273|-0.452353|11.000000
EX5:UNIBASE|2015-05-01|0.442572|0.601742|1.013463|0.735485|1.593765|6.094866|6.000000|0.636319|0.717522|0.893867|1.492365|0.715405|0.564879|0.341956|1.635709|1.255100|0.000000|0.546074|0.486517|0.342100|0.395941|1.403006|1.197546|0.000000|75.000000|0.613495|0.533909|15.000000|0.431076|0.800000|-0.178733|10.000000
EX5:UNIBASE|2015-11-01|0.499215|0.452804|1.142704|1.102497|1.647929|6.106820|6.000000|0.643150|0.733153|0.889850|1.492650|0.739742|0.566355|0.342012|1.642451|1.245280|0.000000|0.534662|0.474393|0.371856|0.392759|1.402211|1.171126|0.000000|69.000000|0.604116|0.599107|9.000000|0.422879|0.800000|-0.187950|10.000000
EX5:UNIBASE|2016-05-01|0.402692|0.450568|0.959760|0.893744|1.669963|4.668232|6.000000|0.618456|0.709131|0.829223|1.445488|0.611000|0.403846|0.360618|1.055599|0.897675|0.000000|0.364025|0.313842|0.236814|0.360618|0.957027|0.822916|0.000000|63.000000|0.399724|0.399681|3.000000|0.302796|0.888889|-0.221980|9.000000
