BASE|2009-11-01|0.259474|0.845572|0.432924|0.306862|1.640029|8.472432|5.000000|0.697290|1.343428|2.100873|1.512618|0.877389|0.289462|0.498265|0.566016|0.531270|0.139394|0.287709|0.142862|-0.106527|0.525723|0.547264|0.525812|0.070922|141.000000|0.436637|0.259203|81.000000|0.228189|0.812500|-0.543590|16.000000
BASE|2010-05-01|0.283583|0.779553|0.500994|0.363777|1.651536|8.386414|5.000000|0.739101|1.155040|1.510475|1.516951|0.916325|0.302660|0.448434|0.685474|0.561168|0.119497|0.307137|0.170526|-0.089577|0.465272|0.674275|0.533897|0.059259|135.000000|0.451938|0.278957|75.000000|0.234206|0.666667|-0.466549|15.000000
BASE|2010-11-01|0.238625|0.820493|0.407973|0.290831|1.641437|7.831541|5.000000|0.687917|1.251112|1.807522|1.514333|0.917934|0.300886|0.441704|0.647493|0.570138|0.176471|0.313050|0.124169|-0.136052|0.501397|0.655032|0.543061|0.124031|129.000000|0.445692|0.242511|69.000000|0.083695|0.733333|-0.501429|15.000000
BASE|2011-05-01|0.252126|0.812886|0.433625|0.310162|1.619555|8.335736|5.000000|0.714145|1.265574|1.733961|1.523506|0.900918|0.309260|0.453217|0.682367|0.583927|0.136054|0.340801|0.137681|-0.108376|0.495206|0.713601|0.636853|0.081301|123.000000|0.437527|0.253850|63.000000|0.249840|0.642857|-0.495909|14.000000
BASE|2011-11-01|0.271516|0.863759|0.437005|0.314342|1.705023|8.391951|5.000000|0.705500|1.495269|2.380974|1.521346|0.857022|0.335216|0.446692|0.692119|0.635808|0.134752|0.361125|0.134219|-0.030329|0.524136|0.720321|0.650747|0.051282|117.000000|0.483299|0.255118|57.000000|0.246063|0.714286|-0.555673|14.000000
BASE|2012-05-01|0.282000|0.813511|0.476312|0.346646|1.696736|7.682890|5.000000|0.702506|1.291125|1.739971|1.531326|0.904776|0.333586|0.459752|0.730896|0.631820|0.148148|0.381108|0.157709|0.014850|0.494782|0.795785|0.682661|0.000000|111.000000|0.495884|0.276865|51.000000|0.410317|0.615385|-0.493339|13.000000
BASE|2012-11-01|0.326830|0.818998|0.552486|0.399061|1.723339|6.269941|6.000000|0.706837|1.336540|1.793053|1.531977|0.910066|0.348402|0.453648|0.748574|0.658252|0.139535|0.396182|0.164217|0.018950|0.501709|0.855568|0.740276|0.000000|105.000000|0.505799|0.278825|45.000000|0.411170|0.615385|-0.504005|13.000000
BASE|2013-05-01|0.307932|0.810631|0.521106|0.379867|1.708796|7.005452|6.000000|0.692717|1.306134|1.713601|1.522503|0.900339|0.358769|0.452806|0.767359|0.671957|0.121951|0.410185|0.208998|0.011285|0.492502|0.887608|0.745379|0.000000|99.000000|0.507266|0.287906|39.000000|0.431682|0.666667|-0.491777|12.000000
BASE|2013-11-01|0.317198|0.811706|0.532803|0.390780|1.713474|7.767057|6.000000|0.692225|1.321186|1.725259|1.522844|0.901282|0.362113|0.453378|0.801376|0.689004|0.076923|0.408626|0.283770|-0.014740|0.495475|0.895832|0.776552|0.010753|93.000000|0.495667|0.300909|33.000000|0.414393|0.666667|-0.506050|12.000000
BASE|2014-05-01|0.357781|0.861022|0.562214|0.415530|1.757273|8.127593|6.000000|0.667491|1.587973|2.334400|1.507571|0.867578|0.414558|0.472564|0.868116|0.764067|0.045045|0.432507|0.335412|-0.007345|0.525947|0.876310|0.781253|0.034483|87.000000|0.499184|0.328512|27.000000|0.368266|0.818182|-0.558708|11.000000
BASE|2014-11-01|0.363093|0.773312|0.676851|0.469529|1.646920|8.554040|6.000000|0.653331|0.760459|1.011762|1.457162|0.787478|0.376232|0.436649|0.884667|0.726391|0.028571|0.387406|0.330847|0.095112|0.438180|0.884124|0.760250|0.000000|81.000000|0.490221|0.405699|21.000000|0.408204|0.545455|-0.467068|11.000000
BASE|2015-05-01|0.455184|0.601742|0.920963|0.756445|1.600470|8.742620|6.000000|0.654815|0.756923|0.845188|1.500544|0.844461|0.558320|0.458632|1.174843|1.031043|0.000000|0.525695|0.469612|0.288781|0.478817|1.113741|1.012701|0.000000|75.000000|0.632069|0.531262|15.000000|0.401562|0.700000|-0.178733|10.000000
BASE|2015-11-01|0.525074|0.505706|1.060671|1.038300|1.654596|8.761458|6.000000|0.663478|0.759373|0.839060|1.485937|0.896277|0.563175|0.458026|1.195330|1.078215|0.000000|0.543473|0.494718|0.368804|0.505706|1.112807|1.054577|0.000000|69.000000|0.637402|0.654493|9.000000|0.422227|0.700000|-0.187950|10.000000
BASE|2016-05-01|0.561232|0.491088|1.141973|1.142834|1.668567|7.325211|6.000000|0.655311|0.746757|0.852745|1.482050|0.823436|0.571725|0.440343|1.308825|1.127594|0.000000|0.581076|0.527809|0.410965|0.440343|1.288708|1.090056|0.000000|63.000000|0.565425|0.562024|3.000000|0.406656|0.888889|-0.169758|9.000000
C072|2009-11-01|0.267425|0.846765|0.451117|0.315820|1.647567|6.881073|5.000000|0.716374|1.354070|2.117555|1.500817|0.875403|0.270680|0.496665|0.578978|0.532703|0.145455|0.286362|0.136150|-0.108519|0.525751|0.544672|0.523706|0.070922|141.000000|0.465128|0.260225|81.000000|0.224340|0.750000|-0.544163|16.000000
C072|2010-05-01|0.287130|0.804012|0.499763|0.357121|1.664441|6.687229|5.000000|0.728070|1.186920|1.673163|1.527094|0.900461|0.295115|0.465441|0.666432|0.578272|0.157233|0.322205|0.144329|-0.106819|0.496525|0.654850|0.553010|0.074074|135.000000|0.476524|0.271536|75.000000|0.237158|0.666667|-0.495016|15.000000
C072|2010-11-01|0.247173|0.817578|0.422360|0.302323|1.645442|6.805768|5.000000|0.714071|1.240863|1.778891|1.515458|0.903251|0.291463|0.458146|0.644005|0.577866|0.176471|0.331656|0.123975|-0.135455|0.502410|0.695100|0.590185|0.124031|129.000000|0.478126|0.253337|69.000000|0.107236|0.666667|-0.501532|15.000000
C072|2011-05-01|0.255075|0.813412|0.436724|0.313586|1.626968|6.841753|5.000000|0.721189|1.264027|1.738853|1.522038|0.892569|0.311572|0.457773|0.666717|0.585119|0.136054|0.351951|0.138685|-0.108706|0.499500|0.715373|0.619473|0.081301|123.000000|0.435337|0.260428|63.000000|0.255294|0.714286|-0.492746|14.000000
C072|2011-11-01|0.267604|0.861963|0.430139|0.310458|1.707195|7.189583|6.000000|0.674718|1.504117|2.350374|1.511735|0.853645|0.309877|0.459088|0.674984|0.580403|0.134752|0.315185|0.130564|-0.032880|0.526311|0.615366|0.551022|0.059829|117.000000|0.483002|0.233399|57.000000|0.273414|0.785714|-0.559127|14.000000
C072|2012-05-01|0.283546|0.816506|0.477459|0.347268|1.701273|5.818942|5.000000|0.705307|1.299646|1.768940|1.522378|0.888665|0.331992|0.459916|0.711990|0.634488|0.148148|0.379115|0.154968|0.013512|0.501640|0.794083|0.686929|0.000000|111.000000|0.503108|0.271960|51.000000|0.410630|0.615385|-0.500471|13.000000
C072|2012-11-01|0.335041|0.816459|0.568799|0.410358|1.723964|5.747973|6.000000|0.701379|1.323043|1.768057|1.523124|0.884455|0.349013|0.457641|0.744800|0.655945|0.139535|0.406429|0.168210|0.021783|0.501826|0.846073|0.734711|0.000000|105.000000|0.518410|0.284859|45.000000|0.411360|0.615385|-0.500762|13.000000
C072|2013-05-01|0.303225|0.814280|0.509258|0.372384|1.712729|6.892588|6.000000|0.689208|1.320003|1.747179|1.513437|0.879358|0.357900|0.457035|0.764344|0.660050|0.121951|0.406366|0.204277|0.009626|0.500864|0.874669|0.756085|0.000000|99.000000|0.503623|0.286306|39.000000|0.441318|0.666667|-0.499159|12.000000
C072|2013-11-01|0.326053|0.808076|0.548174|0.403493|1.715475|7.086135|6.000000|0.686712|1.303900|1.703345|1.526928|0.877564|0.365482|0.458110|0.815531|0.723044|0.076923|0.422695|0.283714|-0.014445|0.498697|0.900753|0.796398|0.010753|93.000000|0.510351|0.303681|33.000000|0.420352|0.666667|-0.505023|12.000000
C072|2014-05-01|0.355021|0.861517|0.554376|0.412088|1.762413|7.355807|6.000000|0.657931|1.588231|2.342631|1.506276|0.853235|0.402457|0.475393|0.832359|0.738238|0.045045|0.415354|0.321928|-0.008721|0.526046|0.834705|0.737643|0.034483|87.000000|0.497348|0.319955|27.000000|0.368417|0.727273|-0.558833|11.000000
C072|2014-11-01|0.464595|0.798214|0.857507|0.582043|1.645330|7.264951|6.000000|0.658070|0.764996|1.020872|1.494942|0.851956|0.544316|0.458665|1.102327|1.011507|0.000000|0.530398|0.477581|0.147581|0.513738|1.079166|1.003181|0.000000|81.000000|0.666161|0.516803|21.000000|0.399688|0.636364|-0.474688|11.000000
C072|2015-05-01|0.479519|0.626056|0.963527|0.765937|1.610427|6.076071|6.000000|0.656965|0.762569|0.842203|1.497094|0.850056|0.557041|0.458575|1.172863|1.094650|0.000000|0.543276|0.491420|0.270338|0.513860|1.111352|1.051455|0.000000|75.000000|0.672862|0.540393|15.000000|0.451984|0.700000|-0.156610|10.000000
C072|2015-11-01|0.555049|0.515176|1.113715|1.077396|1.666255|7.337069|6.000000|0.663005|0.767123|0.847388|1.509799|0.874620|0.581025|0.458353|1.212969|1.095474|0.000000|0.561831|0.503296|0.383824|0.515176|1.136604|1.076224|0.000000|69.000000|0.675303|0.676231|9.000000|0.436953|0.700000|-0.156463|10.000000
C072|2016-05-01|0.601920|0.490946|1.217686|1.226042|1.663810|6.166620|6.000000|0.653577|0.747334|0.863789|1.505173|0.856915|0.628768|0.450365|1.406529|1.142688|0.000000|0.603451|0.550289|0.439290|0.450365|1.272103|1.139591|0.000000|63.000000|0.609175|0.602883|3.000000|0.406985|0.888889|-0.067821|9.000000
C076|2009-11-01|0.273547|0.809336|0.479396|0.337989|1.630518|6.511471|5.000000|0.713441|1.205301|1.711524|1.518077|0.887565|0.279243|0.481222|0.623416|0.565795|0.163636|0.271316|0.140622|-0.109573|0.512776|0.529111|0.498907|0.070922|141.000000|0.493600|0.260032|81.000000|0.239442|0.687500|-0.496826|16.000000
C076|2010-05-01|0.290603|0.806797|0.507738|0.360194|1.663614|5.464731|6.000000|0.725998|1.206697|1.692219|1.516329|0.868219|0.289895|0.463975|0.659646|0.582838|0.163522|0.325781|0.138072|-0.110043|0.498389|0.660246|0.562036|0.074074|135.000000|0.499092|0.269251|75.000000|0.246566|0.666667|-0.497672|15.000000
C076|2010-11-01|0.247122|0.811441|0.426175|0.304547|1.643678|6.443287|6.000000|0.712532|1.224280|1.727544|1.496887|0.877294|0.288070|0.464062|0.636790|0.568332|0.183007|0.329653|0.114441|-0.138572|0.500866|0.675137|0.585982|0.124031|129.000000|0.492051|0.248258|69.000000|0.098925|0.666667|-0.500027|15.000000
C076|2011-05-01|0.270762|0.792149|0.473011|0.341808|1.621351|6.604578|6.000000|0.710855|1.209852|1.590528|1.508049|0.876705|0.311414|0.457825|0.685786|0.593676|0.136054|0.350104|0.143235|-0.100514|0.490541|0.724666|0.651612|0.081301|123.000000|0.488146|0.263343|63.000000|0.258876|0.714286|-0.471413|14.000000
C076|2011-11-01|0.293089|0.866659|0.471129|0.338182|1.720351|6.523393|6.000000|0.710496|1.510764|2.431928|1.501850|0.878694|0.327780|0.456386|0.705960|0.644114|0.134752|0.398494|0.121934|-0.034043|0.530365|0.774131|0.691181|0.034188|117.000000|0.525779|0.265680|57.000000|0.319930|0.785714|-0.551305|14.000000
C076|2012-05-01|0.296870|0.813721|0.504712|0.364830|1.702530|6.531398|6.000000|0.690749|1.302065|1.742325|1.520047|0.857307|0.348964|0.459968|0.753618|0.701854|0.148148|0.398616|0.151638|0.004857|0.500800|0.840468|0.746562|0.000000|111.000000|0.528381|0.285105|51.000000|0.471627|0.615385|-0.497407|13.000000
C076|2012-11-01|0.337691|0.790259|0.578749|0.427317|1.716697|6.689202|6.000000|0.700471|1.236341|1.577694|1.489184|0.875521|0.362550|0.452541|0.807154|0.720887|0.131783|0.421231|0.177124|0.038826|0.488871|0.906481|0.785587|0.000000|105.000000|0.522988|0.299577|45.000000|0.408713|0.615385|-0.472854|13.000000
C076|2013-05-01|0.436501|0.702893|0.816197|0.621007|1.691297|5.573798|6.000000|0.647011|0.871329|1.103948|1.463231|0.769824|0.532077|0.447987|1.163782|1.029779|0.040650|0.567182|0.432459|0.203324|0.491886|1.198495|1.080367|0.000000|99.000000|0.661676|0.480326|39.000000|0.373747|0.833333|-0.326097|12.000000
C076|2013-11-01|0.338629|0.811173|0.568202|0.417456|1.717897|6.604839|6.000000|0.694127|1.341746|1.725979|1.504237|0.879808|0.398825|0.465727|0.870156|0.776658|0.076923|0.451841|0.283078|-0.023031|0.500680|0.937340|0.832825|0.021505|93.000000|0.531619|0.317211|33.000000|0.386015|0.666667|-0.504147|12.000000
C076|2014-05-01|0.380791|0.860650|0.611538|0.442446|1.759974|6.602338|6.000000|0.665321|1.588776|2.328224|1.458602|0.832221|0.411135|0.461307|0.884648|0.834624|0.045045|0.461252|0.357617|-0.015710|0.527194|0.945221|0.863823|0.034483|87.000000|0.536621|0.334042|27.000000|0.367284|0.818182|-0.559610|11.000000
C076|2014-11-01|0.461577|0.767282|0.846404|0.601574|1.653219|5.718810|7.000000|0.650987|0.757474|0.943429|1.477820|0.800000|0.567612|0.445993|1.261274|1.085433|0.000000|0.609749|0.507892|0.131979|0.445993|1.259177|1.106925|0.000000|81.000000|0.612633|0.486953|21.000000|0.379278|0.727273|-0.371802|11.000000
C076|2015-05-01|0.415989|0.649072|0.842687|0.640898|1.595402|7.141777|6.000000|0.651308|0.758778|0.939288|1.487524|0.813017|0.498342|0.447044|1.094460|0.933073|0.000000|0.486767|0.427372|0.210649|0.457376|1.064259|0.948074|0.000000|75.000000|0.581939|0.471471|15.000000|0.451564|0.700000|-0.191594|10.000000
C076|2015-11-01|0.460750|0.459626|0.961374|1.002446|1.646374|6.636281|7.000000|0.665876|0.750705|0.933030|1.466851|0.858283|0.446605|0.440222|0.987621|0.841558|0.000000|0.443685|0.391712|0.297883|0.459626|0.965317|0.887006|0.000000|69.000000|0.552143|0.561429|9.000000|0.441013|0.700000|-0.185588|10.000000
C076|2016-05-01|0.587768|0.453885|1.218234|1.294970|1.674629|6.735265|7.000000|0.654199|0.762430|0.945291|1.491303|0.812276|0.493454|0.444426|1.087178|0.894251|0.000000|0.474479|0.417829|0.329203|0.453885|1.045373|0.904111|0.000000|63.000000|0.578976|0.585467|3.000000|0.530853|0.777778|-0.163449|9.000000
C080|2009-11-01|0.306433|0.723700|0.584481|0.423426|1.607407|4.544543|6.000000|0.688455|1.062498|1.262142|1.493067|0.825019|0.322984|0.434765|0.778893|0.665104|0.072727|0.353817|0.234907|-0.055821|0.483806|0.693398|0.628135|0.042553|141.000000|0.494990|0.340658|81.000000|0.239285|0.812500|-0.333666|16.000000
C080|2010-05-01|0.381669|0.672276|0.720154|0.567727|1.641198|5.564440|6.000000|0.695774|0.975774|1.261149|1.519342|0.870010|0.388160|0.446248|0.868064|0.810194|0.069182|0.461331|0.295438|-0.035470|0.505627|0.993107|0.879166|0.014815|135.000000|0.456101|0.455313|75.000000|0.292685|0.800000|-0.235118|15.000000
C080|2010-11-01|0.284672|0.705732|0.540810|0.403372|1.614299|5.013687|6.000000|0.713604|0.924527|1.138706|1.474789|0.856319|0.340787|0.461757|0.759993|0.661029|0.084967|0.361689|0.209612|-0.063525|0.461757|0.795430|0.687288|0.077519|129.000000|0.480297|0.317822|69.000000|0.098925|0.666667|-0.305538|15.000000
C080|2011-05-01|0.284719|0.705068|0.538424|0.403818|1.595167|4.659045|6.000000|0.671761|0.930641|1.138047|1.482487|0.817144|0.322506|0.469755|0.733295|0.674739|0.054422|0.360135|0.216272|-0.045119|0.470523|0.773102|0.656395|0.024390|123.000000|0.442680|0.310771|63.000000|0.297181|0.857143|-0.283158|14.000000
C080|2011-11-01|0.300853|0.745794|0.565623|0.403399|1.646098|5.787552|6.000000|0.686006|0.992962|1.281658|1.460161|0.867999|0.313261|0.470360|0.702419|0.582146|0.042553|0.318156|0.227180|0.022681|0.470360|0.675877|0.584641|0.000000|117.000000|0.497158|0.269857|57.000000|0.237815|0.857143|-0.368460|14.000000
C080|2012-05-01|0.392538|0.669408|0.748429|0.586396|1.674648|4.566737|7.000000|0.645587|0.863306|1.016482|1.452771|0.681243|0.471909|0.450804|1.018137|0.872038|0.014815|0.500121|0.403561|0.129606|0.461845|1.052460|0.930591|0.000000|111.000000|0.614418|0.457079|51.000000|0.361609|0.769231|-0.203513|13.000000
C080|2012-11-01|0.467205|0.653268|0.883508|0.715181|1.700177|4.543299|7.000000|0.647485|0.852516|0.991412|1.454092|0.740322|0.513148|0.445068|1.175721|1.000372|0.015504|0.534545|0.453696|0.281742|0.483215|1.181257|1.041250|0.000000|105.000000|0.658124|0.491191|45.000000|0.362647|0.769231|-0.208613|13.000000
C080|2013-05-01|0.432102|0.629902|0.829740|0.685983|1.689499|5.508870|7.000000|0.634830|0.717364|0.794341|1.454151|0.739278|0.500594|0.425688|1.133319|0.981266|0.008130|0.518830|0.442659|0.272836|0.469096|1.120102|0.996073|0.000000|99.000000|0.598352|0.487460|39.000000|0.330746|0.833333|-0.211251|12.000000
C080|2013-11-01|0.472009|0.635683|0.883275|0.742523|1.691788|5.365216|7.000000|0.647881|0.746672|0.867604|1.463904|0.837821|0.532193|0.449287|1.152303|1.053331|0.000000|0.600879|0.463112|0.176027|0.449287|1.301156|1.104620|0.000000|93.000000|0.620496|0.509497|33.000000|0.379919|0.833333|-0.163694|12.000000
C080|2014-05-01|0.396999|0.755040|0.728180|0.525798|1.688056|4.631064|7.000000|0.670474|1.076457|1.332744|1.489008|0.850901|0.447505|0.473824|1.002536|0.916627|0.027027|0.477102|0.395287|0.094121|0.473824|1.016999|0.906536|0.000000|87.000000|0.517047|0.387690|27.000000|0.296749|0.818182|-0.439084|11.000000
C080|2014-11-01|0.385345|0.807161|0.721740|0.477407|1.657998|5.304070|8.000000|0.641151|0.759964|1.072457|1.426411|0.729739|0.433747|0.429363|0.998546|0.806920|0.028571|0.435461|0.376127|0.096935|0.452008|0.981421|0.857990|0.000000|81.000000|0.525458|0.422113|21.000000|0.411162|0.727273|-0.488534|11.000000
C080|2015-05-01|0.450321|0.617785|0.923540|0.728928|1.611346|5.369758|8.000000|0.636177|0.722460|0.867507|1.460731|0.759791|0.574224|0.443578|1.306043|1.138503|0.000000|0.596278|0.507065|0.250785|0.443578|1.275669|1.113745|0.000000|75.000000|0.629112|0.529922|15.000000|0.360982|0.800000|-0.170833|10.000000
C080|2015-11-01|0.558122|0.481254|1.161905|1.159726|1.670367|4.547436|8.000000|0.635120|0.702203|0.850936|1.431454|0.746960|0.626631|0.444573|1.433109|1.261123|0.000000|0.633704|0.568527|0.447189|0.444573|1.396277|1.220039|0.000000|69.000000|0.673932|0.665955|9.000000|0.378884|0.800000|-0.152666|10.000000
C080|2016-05-01|0.580098|0.465282|1.206879|1.246766|1.675876|5.581821|7.000000|0.652536|0.765389|0.923809|1.465225|0.782383|0.496600|0.459257|1.082437|0.901985|0.000000|0.485286|0.428037|0.339676|0.465282|1.042993|0.924773|0.000000|63.000000|0.572077|0.576035|3.000000|0.552290|0.777778|-0.164328|9.000000
C084|2009-11-01|0.350093|0.692445|0.664799|0.505589|1.621940|5.275188|6.000000|0.693779|1.000653|1.248239|1.518219|0.885083|0.363910|0.447440|0.817375|0.722197|0.060606|0.405005|0.244455|-0.050491|0.501710|0.905051|0.811972|0.021277|141.000000|0.460491|0.427781|81.000000|0.324596|0.750000|-0.269170|16.000000
C084|2010-05-01|0.338434|0.718182|0.640010|0.471237|1.659109|5.687078|6.000000|0.682003|1.046250|1.248916|1.458470|0.847492|0.358275|0.426250|0.849632|0.736418|0.056604|0.404338|0.258328|-0.052482|0.513907|0.841856|0.735808|0.022222|135.000000|0.521897|0.368188|75.000000|0.372491|0.800000|-0.318369|15.000000
C084|2010-11-01|0.305783|0.708221|0.582042|0.431762|1.615330|5.196231|6.000000|0.716781|0.937708|1.148456|1.470815|0.862349|0.340220|0.461572|0.756220|0.669888|0.091503|0.366691|0.208341|-0.067844|0.461572|0.796570|0.684552|0.077519|129.000000|0.567229|0.320365|69.000000|0.086120|0.666667|-0.305538|15.000000
C084|2011-05-01|0.316338|0.710349|0.605947|0.445327|1.595617|5.695869|6.000000|0.710272|0.943709|1.156448|1.489004|0.828834|0.345138|0.446548|0.790282|0.700936|0.054422|0.396234|0.232947|-0.047031|0.460709|0.860052|0.702976|0.024390|123.000000|0.546675|0.322955|63.000000|0.266988|0.714286|-0.270100|14.000000
C084|2011-11-01|0.332144|0.743970|0.625212|0.446449|1.646744|6.410971|7.000000|0.670618|0.989296|1.273647|1.424285|0.843513|0.366657|0.470634|0.845853|0.702488|0.042553|0.384382|0.236810|0.016394|0.470634|0.822561|0.720993|0.000000|117.000000|0.552753|0.313917|57.000000|0.357928|0.857143|-0.361166|14.000000
C084|2012-05-01|0.408994|0.672158|0.778026|0.608479|1.679475|4.425804|7.000000|0.642591|0.867616|1.019002|1.452161|0.692463|0.486631|0.438571|1.108050|0.946206|0.014815|0.516321|0.413138|0.126822|0.497077|1.120812|1.001845|0.000000|111.000000|0.643048|0.470442|51.000000|0.371857|0.769231|-0.212235|13.000000
C084|2012-11-01|0.448591|0.657890|0.842068|0.681864|1.702173|4.428962|7.000000|0.647746|0.856916|1.005839|1.494355|0.713818|0.502627|0.434953|1.108669|0.964557|0.015504|0.529747|0.448925|0.280049|0.525162|1.110182|1.012043|0.000000|105.000000|0.627192|0.488689|45.000000|0.269840|0.769231|-0.193459|13.000000
C084|2013-05-01|0.466622|0.629964|0.896997|0.740713|1.687022|6.955773|7.000000|0.637012|0.746243|0.954537|1.422864|0.711817|0.502550|0.449001|1.094328|0.944245|0.008130|0.519640|0.462160|0.278045|0.465852|1.108863|0.981321|0.000000|99.000000|0.652091|0.488942|39.000000|0.401063|0.750000|-0.180013|12.000000
C084|2013-11-01|0.475677|0.630175|0.889967|0.754832|1.697832|5.512787|8.000000|0.653444|0.750954|0.840116|1.494910|0.837821|0.551549|0.440505|1.288801|1.092897|0.000000|0.611801|0.494705|0.188109|0.440505|1.297207|1.184108|0.000000|93.000000|0.626084|0.533379|33.000000|0.338167|0.833333|-0.161348|12.000000
C084|2014-05-01|0.434598|0.746959|0.811377|0.581824|1.688888|6.668351|7.000000|0.656354|1.072932|1.294942|1.415607|0.812875|0.463978|0.430666|1.053307|0.935950|0.027027|0.503217|0.415080|0.096073|0.475361|1.153333|0.969468|0.000000|87.000000|0.565131|0.401791|27.000000|0.368756|0.818182|-0.406515|11.000000
C084|2014-11-01|0.434435|0.807161|0.809549|0.538227|1.656882|5.850932|7.000000|0.646403|0.772452|1.072457|1.418926|0.750957|0.482723|0.434813|1.057274|0.888656|0.028571|0.483275|0.417924|0.100006|0.458729|1.071679|0.949012|0.000000|81.000000|0.588042|0.475301|21.000000|0.401185|0.727273|-0.488534|11.000000
C084|2015-05-01|0.473550|0.622420|0.978660|0.760821|1.613886|5.599010|8.000000|0.635767|0.702697|0.850804|1.423649|0.760164|0.596199|0.446929|1.343227|1.193520|0.000000|0.613894|0.534316|0.264863|0.446929|1.349710|1.178394|0.000000|75.000000|0.662341|0.552951|15.000000|0.385316|0.800000|-0.153631|10.000000
C084|2015-11-01|0.539019|0.494975|1.118562|1.088983|1.669030|5.371244|8.000000|0.636441|0.705293|0.869078|1.419803|0.753799|0.617087|0.446669|1.381533|1.228439|0.000000|0.618713|0.547302|0.435558|0.446669|1.341435|1.190627|0.000000|69.000000|0.652394|0.649938|9.000000|0.376980|0.800000|-0.168487|10.000000
C084|2016-05-01|0.570443|0.472262|1.187084|1.207893|1.675319|5.328283|7.000000|0.652287|0.764390|0.856236|1.464325|0.787963|0.499483|0.459665|1.101837|0.926554|0.000000|0.495628|0.442972|0.349354|0.472262|1.060713|0.947618|0.000000|63.000000|0.562993|0.563718|3.000000|0.520412|0.777778|-0.163975|9.000000
C088|2009-11-01|0.314762|0.720325|0.595714|0.436972|1.626403|4.505772|6.000000|0.684779|1.049297|1.248358|1.484480|0.823281|0.341319|0.437424|0.822947|0.659268|0.066667|0.366432|0.232166|-0.050491|0.482042|0.773961|0.682273|0.035461|141.000000|0.513910|0.358749|81.000000|0.265264|0.812500|-0.336691|16.000000
C088|2010-05-01|0.377592|0.678738|0.709564|0.556315|1.666130|4.392384|6.000000|0.703458|0.987916|1.248995|1.510311|0.836745|0.405319|0.441741|0.929417|0.847595|0.062893|0.471370|0.281825|-0.033028|0.508436|0.978538|0.927768|0.014815|135.000000|0.461946|0.453573|75.000000|0.372673|0.800000|-0.276125|15.000000
C088|2010-11-01|0.299529|0.708221|0.569342|0.422932|1.614949|5.750002|6.000000|0.714520|0.937708|1.148456|1.475981|0.875197|0.340757|0.460671|0.754163|0.672519|0.091503|0.366085|0.208384|-0.067844|0.460671|0.796831|0.687630|0.077519|129.000000|0.543229|0.319313|69.000000|0.086120|0.666667|-0.305538|15.000000
C088|2011-05-01|0.308715|0.710349|0.587375|0.434597|1.595422|5.246908|7.000000|0.711718|0.943802|1.156448|1.477537|0.835235|0.344762|0.446357|0.779720|0.677536|0.054422|0.389227|0.232883|-0.047031|0.465007|0.837033|0.711770|0.024390|123.000000|0.512991|0.322945|63.000000|0.237611|0.714286|-0.270100|14.000000
C088|2011-11-01|0.328036|0.743970|0.622642|0.440926|1.646875|5.238412|7.000000|0.667877|0.989266|1.273647|1.409878|0.796791|0.377637|0.461687|0.904679|0.743345|0.042553|0.404042|0.236807|0.016426|0.461687|0.880376|0.729211|0.000000|117.000000|0.545440|0.326460|57.000000|0.380899|0.857143|-0.361166|14.000000
C088|2012-05-01|0.401849|0.672158|0.763179|0.597850|1.678759|5.219620|7.000000|0.643596|0.867597|1.019002|1.445885|0.702244|0.486644|0.439462|1.068264|0.925707|0.014815|0.513454|0.413147|0.126836|0.498704|1.104134|0.994619|0.000000|111.000000|0.632006|0.468529|51.000000|0.357415|0.769231|-0.212235|13.000000
C088|2012-11-01|0.455112|0.657890|0.854717|0.691775|1.701697|4.506110|7.000000|0.648516|0.856916|1.005839|1.496295|0.715307|0.505614|0.442975|1.108697|0.983395|0.015504|0.531846|0.455146|0.280354|0.514349|1.154106|1.032112|0.000000|105.000000|0.637858|0.493285|45.000000|0.286814|0.769231|-0.193459|13.000000
C088|2013-05-01|0.453427|0.629964|0.876802|0.719767|1.684041|5.386170|7.000000|0.634063|0.748752|0.956431|1.407947|0.684974|0.499932|0.448048|1.096934|0.942442|0.008130|0.509909|0.457158|0.277669|0.460097|1.095659|0.962626|0.000000|99.000000|0.634447|0.480839|39.000000|0.370337|0.750000|-0.179205|12.000000
C088|2013-11-01|0.481177|0.630175|0.902536|0.763560|1.698549|5.277883|8.000000|0.652237|0.745913|0.845169|1.500458|0.836859|0.551205|0.440999|1.317387|1.089677|0.000000|0.619679|0.500857|0.187685|0.440999|1.324871|1.191008|0.000000|93.000000|0.630851|0.537010|33.000000|0.364524|0.833333|-0.161081|12.000000
C088|2014-05-01|0.429251|0.746959|0.798123|0.574665|1.689995|6.210838|7.000000|0.659155|1.073007|1.294942|1.413906|0.813542|0.466829|0.433652|1.029776|0.945874|0.027027|0.507826|0.408773|0.096058|0.475376|1.120801|0.972876|0.000000|87.000000|0.555614|0.405442|27.000000|0.367843|0.818182|-0.406515|11.000000
C088|2014-11-01|0.410446|0.807161|0.775888|0.508506|1.660034|5.349768|8.000000|0.638330|0.738172|1.072457|1.404781|0.751304|0.461027|0.407278|1.134665|0.932249|0.028571|0.456961|0.402248|0.100553|0.419465|1.120951|0.925078|0.000000|81.000000|0.557112|0.449337|21.000000|0.355032|0.818182|-0.488534|11.000000
C088|2015-05-01|0.449909|0.622420|0.930811|0.722838|1.613023|5.556824|8.000000|0.631713|0.702647|0.859834|1.422380|0.728833|0.579796|0.441344|1.279109|1.150709|0.000000|0.588583|0.511616|0.245339|0.441344|1.289088|1.130762|0.000000|75.000000|0.628923|0.529609|15.000000|0.377059|0.800000|-0.172102|10.000000
C088|2015-11-01|0.520001|0.491482|1.075035|1.058025|1.668048|5.626708|8.000000|0.638905|0.722331|0.869133|1.466603|0.764438|0.601599|0.444170|1.370552|1.161426|0.000000|0.599450|0.527405|0.415336|0.444170|1.315872|1.146163|0.000000|69.000000|0.628497|0.629910|9.000000|0.376195|0.800000|-0.169736|10.000000
C088|2016-05-01|0.604971|0.496189|1.254587|1.219235|1.678758|5.108874|7.000000|0.651267|0.753615|0.847834|1.438823|0.803906|0.587675|0.465040|1.206511|0.996270|0.000000|0.548962|0.497564|0.400446|0.496189|1.134599|1.051814|0.000000|63.000000|0.599383|0.603105|3.000000|0.555738|0.777778|-0.164069|9.000000
C092|2009-11-01|0.316287|0.720325|0.601517|0.439089|1.627136|4.575069|6.000000|0.668238|1.049252|1.248358|1.443274|0.833954|0.341319|0.437419|0.807251|0.677216|0.066667|0.362825|0.232184|-0.050491|0.506482|0.736314|0.702954|0.035461|141.000000|0.516818|0.356341|81.000000|0.295696|0.812500|-0.336691|16.000000
C092|2010-05-01|0.378577|0.678738|0.711868|0.557767|1.665916|5.485152|6.000000|0.703437|0.987916|1.248995|1.507302|0.851331|0.405103|0.443207|0.928836|0.858602|0.062893|0.470673|0.281802|-0.033028|0.507510|0.996645|0.927545|0.014815|135.000000|0.458406|0.454448|75.000000|0.372673|0.800000|-0.276125|15.000000
C092|2010-11-01|0.298493|0.708221|0.566172|0.421468|1.615397|5.719503|6.000000|0.717092|0.937708|1.148456|1.484196|0.878081|0.339810|0.461553|0.754163|0.664082|0.091503|0.361263|0.208381|-0.067844|0.461553|0.794814|0.684280|0.077519|129.000000|0.537074|0.316947|69.000000|0.086120|0.666667|-0.305538|15.000000
C092|2011-05-01|0.314718|0.710349|0.601737|0.443046|1.595598|5.431962|7.000000|0.714296|0.943802|1.156448|1.488772|0.841358|0.343849|0.446357|0.784761|0.688855|0.054422|0.392523|0.232840|-0.047031|0.455544|0.861659|0.707291|0.024390|123.000000|0.530727|0.323406|63.000000|0.265890|0.714286|-0.270100|14.000000
C092|2011-11-01|0.333203|0.743970|0.631051|0.447871|1.645128|5.457352|7.000000|0.669189|0.989270|1.273647|1.423420|0.818463|0.374295|0.454103|0.862049|0.731152|0.042553|0.399456|0.236824|0.016414|0.454103|0.883274|0.732747|0.000000|117.000000|0.555049|0.324334|57.000000|0.354118|0.857143|-0.361166|14.000000
C092|2012-05-01|0.406309|0.672158|0.769032|0.604484|1.676449|4.482477|6.500000|0.649458|0.867592|1.019002|1.487478|0.720944|0.482080|0.445868|1.036692|0.970729|0.014815|0.524704|0.417710|0.126783|0.511675|1.114730|1.022065|0.000000|111.000000|0.641924|0.484346|51.000000|0.276152|0.769231|-0.212235|13.000000
C092|2012-11-01|0.470274|0.657890|0.895600|0.714821|1.699146|4.526033|7.000000|0.647247|0.856916|1.005839|1.441513|0.755211|0.514597|0.448204|1.139762|1.023706|0.015504|0.543414|0.458464|0.271330|0.479654|1.205612|1.077865|0.000000|105.000000|0.662938|0.500214|45.000000|0.370241|0.769231|-0.193459|13.000000
C092|2013-05-01|0.445390|0.629964|0.864285|0.707010|1.689282|5.146509|7.000000|0.633481|0.749417|0.955321|1.422704|0.685591|0.492205|0.449315|1.069380|0.908661|0.008130|0.504204|0.445708|0.273266|0.465041|1.071324|0.957150|0.000000|99.000000|0.622377|0.479187|39.000000|0.413302|0.750000|-0.186874|12.000000
C092|2013-11-01|0.475822|0.630134|0.889190|0.755114|1.699236|5.360909|8.000000|0.654753|0.751513|0.863835|1.489018|0.844231|0.541028|0.442622|1.289521|1.074616|0.000000|0.619147|0.491501|0.181069|0.442622|1.281152|1.181150|0.000000|93.000000|0.626533|0.532764|33.000000|0.353313|0.833333|-0.163652|12.000000
C092|2014-05-01|0.409313|0.746959|0.754088|0.547973|1.692703|6.149463|7.000000|0.661979|1.073013|1.294942|1.442846|0.815877|0.456495|0.475413|0.992947|0.929272|0.027027|0.507441|0.400377|0.096012|0.475413|1.078178|0.961051|0.000000|87.000000|0.532603|0.407602|27.000000|0.359648|0.818182|-0.406515|11.000000
C092|2014-11-01|0.389090|0.807161|0.726018|0.482047|1.664551|4.711402|8.000000|0.645262|0.767191|1.072457|1.400351|0.754087|0.423985|0.434959|0.976164|0.828822|0.028571|0.437160|0.391401|0.073437|0.467436|0.935230|0.867861|0.000000|81.000000|0.530023|0.423207|21.000000|0.460986|0.727273|-0.488534|11.000000
C092|2015-05-01|0.444063|0.643017|0.895851|0.690593|1.595602|6.995756|7.000000|0.650098|0.752277|0.847805|1.445862|0.788939|0.531315|0.464924|1.183406|0.977795|0.000000|0.541219|0.479593|0.181912|0.495807|1.113696|1.029380|0.000000|75.000000|0.613592|0.502354|15.000000|0.484403|0.700000|-0.208311|10.000000
C092|2015-11-01|0.526670|0.513441|1.086770|1.025766|1.669171|4.555119|8.000000|0.640120|0.727915|0.868440|1.469829|0.749240|0.632064|0.448788|1.361399|1.185867|0.000000|0.623690|0.542853|0.430453|0.448788|1.332055|1.174832|0.000000|69.000000|0.640180|0.633118|9.000000|0.360935|0.800000|-0.168453|10.000000
C092|2016-05-01|0.619688|0.496259|1.263978|1.248720|1.678145|5.906814|7.000000|0.658232|0.755210|0.853078|1.457059|0.807892|0.591187|0.466291|1.207419|0.995357|0.000000|0.553082|0.496177|0.385563|0.496259|1.123149|1.034783|0.000000|63.000000|0.611491|0.615330|3.000000|0.451126|0.777778|-0.163878|9.000000
C096|2009-11-01|0.324962|0.720325|0.618388|0.451133|1.628904|4.521932|6.000000|0.682632|1.049252|1.248358|1.464621|0.833457|0.341319|0.437446|0.819784|0.676182|0.066667|0.377802|0.232216|-0.050491|0.481883|0.821015|0.720110|0.035461|141.000000|0.505472|0.369334|81.000000|0.292489|0.812500|-0.336691|16.000000
C096|2010-05-01|0.378577|0.678738|0.711868|0.557767|1.665916|5.485152|6.000000|0.703437|0.987916|1.248995|1.507302|0.851331|0.405103|0.443207|0.928836|0.858602|0.062893|0.470673|0.281802|-0.033028|0.507510|0.996645|0.927545|0.014815|135.000000|0.458406|0.454448|75.000000|0.372673|0.800000|-0.276125|15.000000
C096|2010-11-01|0.294873|0.708221|0.560229|0.416356|1.611598|5.227243|6.000000|0.715991|0.937708|1.148456|1.469073|0.855270|0.332762|0.456372|0.755483|0.659411|0.091503|0.364963|0.208335|-0.067844|0.456372|0.799704|0.685453|0.077519|129.000000|0.528253|0.317875|69.000000|0.086120|0.666667|-0.305538|15.000000
C096|2011-05-01|0.314718|0.710349|0.601737|0.443046|1.595598|5.431962|7.000000|0.714296|0.943802|1.156448|1.488772|0.841358|0.343849|0.446357|0.784761|0.688855|0.054422|0.392523|0.232840|-0.047031|0.455544|0.861659|0.707291|0.024390|123.000000|0.530727|0.323406|63.000000|0.265890|0.714286|-0.270100|14.000000
C096|2011-11-01|0.321409|0.743972|0.608797|0.432018|1.644404|5.303942|7.000000|0.672676|0.989274|1.273654|1.423462|0.826907|0.369056|0.454082|0.852370|0.700192|0.042553|0.387335|0.236824|0.016414|0.454082|0.867721|0.716473|0.000000|117.000000|0.533351|0.310590|57.000000|0.305602|0.857143|-0.361184|14.000000
C096|2012-05-01|0.406309|0.672158|0.769032|0.604484|1.676449|4.482477|6.500000|0.649458|0.867592|1.019002|1.487478|0.720944|0.482080|0.445868|1.036692|0.970729|0.014815|0.524704|0.417710|0.126783|0.511675|1.114730|1.022065|0.000000|111.000000|0.641924|0.484346|51.000000|0.276152|0.769231|-0.212235|13.000000
C096|2012-11-01|0.475260|0.657890|0.898135|0.722400|1.698858|6.802133|8.000000|0.654352|0.856916|1.005839|1.434651|0.727516|0.504743|0.464570|1.108982|0.943816|0.015504|0.527387|0.450935|0.269314|0.464570|1.137950|0.980709|0.000000|105.000000|0.665338|0.477681|45.000000|0.423736|0.769231|-0.193459|13.000000
C096|2013-05-01|0.445390|0.629964|0.864285|0.707010|1.689282|5.146509|7.000000|0.633481|0.749417|0.955321|1.422704|0.685591|0.492205|0.449315|1.069380|0.908661|0.008130|0.504204|0.445708|0.273266|0.465041|1.071324|0.957150|0.000000|99.000000|0.622377|0.479187|39.000000|0.413302|0.750000|-0.186874|12.000000
C096|2013-11-01|0.442785|0.628428|0.823815|0.704591|1.690745|5.524311|8.000000|0.661497|0.756077|0.866010|1.493348|0.842949|0.499191|0.445973|1.092150|1.018819|0.000000|0.569846|0.431164|0.154169|0.445973|1.202542|1.086687|0.000000|93.000000|0.596465|0.485327|33.000000|0.324176|0.750000|-0.166470|12.000000
C096|2014-05-01|0.434047|0.746959|0.811586|0.581086|1.689071|6.630313|7.000000|0.656293|1.072903|1.294942|1.418390|0.810540|0.461748|0.428215|1.049641|0.937313|0.027027|0.503240|0.415037|0.096071|0.475392|1.156393|0.973219|0.000000|87.000000|0.564366|0.401662|27.000000|0.368156|0.818182|-0.406515|11.000000
C096|2014-11-01|0.371343|0.810243|0.693446|0.458311|1.672940|5.023338|8.000000|0.645109|0.758613|1.072457|1.389245|0.740174|0.363273|0.407312|0.861759|0.707963|0.028571|0.377705|0.327701|0.115860|0.479005|0.799023|0.730448|0.000000|81.000000|0.508410|0.404132|21.000000|0.339335|0.818182|-0.488039|11.000000
C096|2015-05-01|0.462171|0.621170|0.961812|0.744034|1.613096|4.584122|8.000000|0.629503|0.698088|0.846249|1.425586|0.723611|0.582765|0.445299|1.308704|1.162938|0.000000|0.595681|0.520322|0.243170|0.445299|1.305178|1.140160|0.000000|75.000000|0.644157|0.535131|15.000000|0.382312|0.800000|-0.169349|10.000000
C096|2015-11-01|0.526585|0.476255|1.099156|1.105679|1.667140|5.572487|8.000000|0.637221|0.701146|0.858065|1.425715|0.749620|0.603299|0.448283|1.364495|1.194840|0.000000|0.604046|0.536410|0.427623|0.448283|1.345889|1.185486|0.000000|69.000000|0.637840|0.639452|9.000000|0.378741|0.800000|-0.168877|10.000000
C096|2016-05-01|0.621873|0.496069|1.272714|1.253602|1.677923|5.958966|7.000000|0.654794|0.754611|0.853137|1.454073|0.797529|0.590539|0.466326|1.214079|0.994427|0.000000|0.552739|0.498592|0.390904|0.496069|1.135250|1.034229|0.000000|63.000000|0.614151|0.618726|3.000000|0.481208|0.777778|-0.163874|9.000000
C100|2009-11-01|0.324962|0.720325|0.618388|0.451133|1.628904|4.521932|6.000000|0.682632|1.049252|1.248358|1.464621|0.833457|0.341319|0.437446|0.819784|0.676182|0.066667|0.377802|0.232216|-0.050491|0.481883|0.821015|0.720110|0.035461|141.000000|0.505472|0.369334|81.000000|0.292489|0.812500|-0.336691|16.000000
C100|2010-05-01|0.378577|0.678738|0.711868|0.557767|1.665916|5.485152|6.000000|0.703437|0.987916|1.248995|1.507302|0.851331|0.405103|0.443207|0.928836|0.858602|0.062893|0.470673|0.281802|-0.033028|0.507510|0.996645|0.927545|0.014815|135.000000|0.458406|0.454448|75.000000|0.372673|0.800000|-0.276125|15.000000
C100|2010-11-01|0.294873|0.708221|0.560229|0.416356|1.611598|5.227243|6.000000|0.715991|0.937708|1.148456|1.469073|0.855270|0.332762|0.456372|0.755483|0.659411|0.091503|0.364963|0.208335|-0.067844|0.456372|0.799704|0.685453|0.077519|129.000000|0.528253|0.317875|69.000000|0.086120|0.666667|-0.305538|15.000000
C100|2011-05-01|0.314718|0.710349|0.601737|0.443046|1.595598|5.431962|7.000000|0.714296|0.943802|1.156448|1.488772|0.841358|0.343849|0.446357|0.784761|0.688855|0.054422|0.392523|0.232840|-0.047031|0.455544|0.861659|0.707291|0.024390|123.000000|0.530727|0.323406|63.000000|0.265890|0.714286|-0.270100|14.000000
C100|2011-11-01|0.321409|0.743972|0.608797|0.432018|1.644404|5.303942|7.000000|0.672676|0.989274|1.273654|1.423462|0.826907|0.369056|0.454082|0.852370|0.700192|0.042553|0.387335|0.236824|0.016414|0.454082|0.867721|0.716473|0.000000|117.000000|0.533351|0.310590|57.000000|0.305602|0.857143|-0.361184|14.000000
C100|2012-05-01|0.406309|0.672158|0.769032|0.604484|1.676449|4.482477|6.500000|0.649458|0.867592|1.019002|1.487478|0.720944|0.482080|0.445868|1.036692|0.970729|0.014815|0.524704|0.417710|0.126783|0.511675|1.114730|1.022065|0.000000|111.000000|0.641924|0.484346|51.000000|0.276152|0.769231|-0.212235|13.000000
C100|2012-11-01|0.475260|0.657890|0.898135|0.722400|1.698858|6.802133|8.000000|0.654352|0.856916|1.005839|1.434651|0.727516|0.504743|0.464570|1.108982|0.943816|0.015504|0.527387|0.450935|0.269314|0.464570|1.137950|0.980709|0.000000|105.000000|0.665338|0.477681|45.000000|0.423736|0.769231|-0.193459|13.000000
C100|2013-05-01|0.445390|0.629964|0.864285|0.707010|1.689282|5.146509|7.000000|0.633481|0.749417|0.955321|1.422704|0.685591|0.492205|0.449315|1.069380|0.908661|0.008130|0.504204|0.445708|0.273266|0.465041|1.071324|0.957150|0.000000|99.000000|0.622377|0.479187|39.000000|0.413302|0.750000|-0.186874|12.000000
C100|2013-11-01|0.442785|0.628428|0.823815|0.704591|1.690745|5.524311|8.000000|0.661497|0.756077|0.866010|1.493348|0.842949|0.499191|0.445973|1.092150|1.018819|0.000000|0.569846|0.431164|0.154169|0.445973|1.202542|1.086687|0.000000|93.000000|0.596465|0.485327|33.000000|0.324176|0.750000|-0.166470|12.000000
C100|2014-05-01|0.434047|0.746959|0.811586|0.581086|1.689071|6.630313|7.000000|0.656293|1.072903|1.294942|1.418390|0.810540|0.461748|0.428215|1.049641|0.937313|0.027027|0.503240|0.415037|0.096071|0.475392|1.156393|0.973219|0.000000|87.000000|0.564366|0.401662|27.000000|0.368156|0.818182|-0.406515|11.000000
C100|2014-11-01|0.371343|0.810243|0.693446|0.458311|1.672940|5.023338|8.000000|0.645109|0.758613|1.072457|1.389245|0.740174|0.363273|0.407312|0.861759|0.707963|0.028571|0.377705|0.327701|0.115860|0.479005|0.799023|0.730448|0.000000|81.000000|0.508410|0.404132|21.000000|0.339335|0.818182|-0.488039|11.000000
C100|2015-05-01|0.462171|0.621170|0.961812|0.744034|1.613096|4.584122|8.000000|0.629503|0.698088|0.846249|1.425586|0.723611|0.582765|0.445299|1.308704|1.162938|0.000000|0.595681|0.520322|0.243170|0.445299|1.305178|1.140160|0.000000|75.000000|0.644157|0.535131|15.000000|0.382312|0.800000|-0.169349|10.000000
C100|2015-11-01|0.526585|0.476255|1.099156|1.105679|1.667140|5.572487|8.000000|0.637221|0.701146|0.858065|1.425715|0.749620|0.603299|0.448283|1.364495|1.194840|0.000000|0.604046|0.536410|0.427623|0.448283|1.345889|1.185486|0.000000|69.000000|0.637840|0.639452|9.000000|0.378741|0.800000|-0.168877|10.000000
C100|2016-05-01|0.621873|0.496069|1.272714|1.253602|1.677923|5.958966|7.000000|0.654794|0.754611|0.853137|1.454073|0.797529|0.590539|0.466326|1.214079|0.994427|0.000000|0.552739|0.498592|0.390904|0.496069|1.135250|1.034229|0.000000|63.000000|0.614151|0.618726|3.000000|0.481208|0.777778|-0.163874|9.000000
#EX5|2011-11-01|688516,000933,002466,002128,601328
EX5:BASE|2009-11-01|0.321072|0.656458|0.653834|0.489096|1.617577|4.325980|5.000000|0.667974|0.997194|1.261646|1.514163|0.772152|0.416128|0.395751|1.105107|0.872378|0.054545|0.410197|0.256734|-0.018201|0.395751|0.992140|0.811598|0.007092|141.000000|0.527031|0.392637|81.000000|0.308637|0.812500|-0.257830|16.000000
EX5:BASE|2010-05-01|0.351584|0.656081|0.710104|0.535885|1.649108|4.835214|5.000000|0.671979|1.001355|1.261133|1.525086|0.798362|0.418539|0.395144|1.115729|0.879309|0.050314|0.424165|0.324088|-0.018425|0.395144|1.042455|0.818743|0.007407|135.000000|0.517002|0.395974|75.000000|0.369791|0.800000|-0.257813|15.000000
EX5:BASE|2010-11-01|0.269716|0.714246|0.536424|0.377624|1.616238|4.422365|5.000000|0.670303|0.929540|1.168484|1.499375|0.794442|0.400432|0.429267|1.095173|0.882293|0.091503|0.416986|0.207453|-0.072947|0.429267|0.987409|0.881981|0.077519|129.000000|0.488947|0.343127|69.000000|0.232540|0.733333|-0.305538|15.000000
EX5:BASE|2011-05-01|0.293387|0.717922|0.603895|0.408661|1.577432|4.362413|5.000000|0.672250|0.924987|1.182449|1.490790|0.734205|0.413474|0.416270|1.089897|0.890258|0.040816|0.427227|0.238991|-0.045358|0.416270|1.035255|0.902967|0.024390|123.000000|0.495478|0.352900|63.000000|0.321887|0.785714|-0.256868|14.000000
EX5:BASE|2011-11-01|0.323051|0.703151|0.663505|0.459433|1.623867|4.344182|5.000000|0.667134|0.905378|1.109636|1.491008|0.730650|0.416858|0.398909|1.130680|0.875713|0.028369|0.432344|0.283527|0.054063|0.404061|1.080633|0.897779|0.000000|117.000000|0.516057|0.358399|57.000000|0.310305|0.785714|-0.238120|14.000000
EX5:BASE|2012-05-01|0.326690|0.675679|0.676568|0.483499|1.643384|4.647016|5.000000|0.651766|0.863616|1.028515|1.493214|0.705984|0.414059|0.395729|1.151611|0.896131|0.014815|0.426539|0.349511|0.131196|0.395729|1.077856|0.893985|0.000000|111.000000|0.494557|0.392106|51.000000|0.372685|0.692308|-0.194662|13.000000
EX5:BASE|2012-11-01|0.382371|0.673882|0.792751|0.567416|1.665732|4.372656|5.000000|0.664489|0.839463|1.019393|1.488217|0.706968|0.437058|0.396236|1.195974|0.938338|0.015504|0.449752|0.363401|0.195873|0.396236|1.138290|0.940901|0.000000|105.000000|0.518098|0.422918|45.000000|0.375582|0.692308|-0.199956|13.000000
EX5:BASE|2013-05-01|0.420641|0.600321|0.880249|0.700693|1.676962|4.260513|6.000000|0.638422|0.750205|0.890158|1.465777|0.645480|0.488354|0.392831|1.304762|1.028997|0.000000|0.485036|0.429688|0.287253|0.395168|1.190445|0.999478|0.000000|99.000000|0.555342|0.481164|39.000000|0.389380|0.916667|-0.184301|12.000000
EX5:BASE|2013-11-01|0.395822|0.658588|0.802555|0.601017|1.676627|4.656328|6.000000|0.644232|0.766680|0.985863|1.478256|0.734936|0.471753|0.394471|1.254407|1.001413|0.000000|0.458852|0.414849|0.187021|0.395713|1.148691|0.995181|0.000000|93.000000|0.524269|0.446964|33.000000|0.350768|0.833333|-0.198487|12.000000
EX5:BASE|2014-05-01|0.402328|0.701392|0.799227|0.573614|1.697570|5.801589|6.000000|0.626536|0.895234|1.106832|1.445904|0.671114|0.452086|0.402451|1.158928|0.951940|0.000000|0.449714|0.384801|0.191969|0.420491|1.103707|0.964342|0.000000|87.000000|0.488018|0.415333|27.000000|0.303940|0.818182|-0.293554|11.000000
EX5:BASE|2014-11-01|0.336343|0.844334|0.654784|0.398354|1.660910|4.313166|6.000000|0.613374|0.719284|1.157541|1.404093|0.579130|0.489964|0.402857|1.295426|1.026570|0.066667|0.483481|0.427138|0.027767|0.402857|1.192346|1.041771|0.000000|81.000000|0.516497|0.400294|21.000000|0.443398|0.727273|-0.566649|11.000000
EX5:BASE|2015-05-01|0.450435|0.601742|1.035558|0.748552|1.598518|4.983932|6.000000|0.632741|0.714830|0.893867|1.472860|0.678851|0.555142|0.361734|1.662062|1.284875|0.000000|0.546074|0.493276|0.342100|0.395941|1.377214|1.211407|0.000000|75.000000|0.624932|0.537724|15.000000|0.440210|0.800000|-0.178733|10.000000
EX5:BASE|2015-11-01|0.533552|0.452804|1.219232|1.178328|1.652081|5.677176|6.000000|0.641529|0.715310|0.889850|1.467363|0.760638|0.599485|0.361866|1.662027|1.284149|0.000000|0.553727|0.518586|0.446879|0.392759|1.454782|1.262862|0.000000|69.000000|0.642419|0.641291|9.000000|0.459484|0.800000|-0.187950|10.000000
EX5:BASE|2016-05-01|0.511212|0.406718|1.173496|1.256921|1.675888|4.090069|6.000000|0.620651|0.725639|0.829350|1.449290|0.597848|0.486975|0.398641|1.331561|1.022198|0.000000|0.473742|0.427873|0.337884|0.398641|1.173507|1.016471|0.000000|63.000000|0.510721|0.510312|3.000000|0.522197|0.888889|-0.170792|9.000000
EX5:C072|2009-11-01|0.320791|0.690061|0.637440|0.464873|1.636277|4.644635|5.000000|0.661319|0.997882|1.260844|1.523900|0.743609|0.408893|0.413181|1.077389|0.891187|0.054545|0.418611|0.248091|-0.031396|0.423297|1.017693|0.810196|0.007092|141.000000|0.489464|0.387799|81.000000|0.325491|0.812500|-0.257830|16.000000
EX5:C072|2010-05-01|0.331846|0.655961|0.671370|0.505894|1.652502|3.938537|5.000000|0.660447|1.000999|1.261192|1.496503|0.743347|0.412161|0.402683|1.082489|0.873104|0.044025|0.414145|0.311964|-0.021821|0.402683|1.005627|0.810086|0.014815|135.000000|0.514925|0.388479|75.000000|0.371666|0.800000|-0.257813|15.000000
EX5:C072|2010-11-01|0.290967|0.654418|0.594030|0.444619|1.618299|3.721494|5.000000|0.648855|0.857575|0.995014|1.459467|0.710802|0.417238|0.409679|1.124995|0.947293|0.071895|0.429608|0.271808|-0.044953|0.409679|1.076085|0.931729|0.062016|129.000000|0.510361|0.381527|69.000000|0.267298|0.800000|-0.305538|15.000000
EX5:C072|2011-05-01|0.300686|0.716282|0.609408|0.419788|1.597530|4.250729|5.000000|0.650962|0.914415|1.173976|1.460417|0.703312|0.422371|0.425672|1.125518|0.939984|0.040816|0.435601|0.232016|-0.046241|0.425672|1.060417|0.922312|0.024390|123.000000|0.502262|0.354720|63.000000|0.339296|0.785714|-0.287843|14.000000
EX5:C072|2011-11-01|0.334361|0.715125|0.670660|0.467555|1.643480|5.687088|5.000000|0.652819|0.915219|1.168723|1.464611|0.745004|0.449955|0.422718|1.182010|0.986003|0.028369|0.453922|0.256454|0.038893|0.425399|1.101521|0.971005|0.000000|117.000000|0.536256|0.364959|57.000000|0.333884|0.785714|-0.286228|14.000000
EX5:C072|2012-05-01|0.347087|0.688427|0.700423|0.504173|1.665445|3.884626|6.000000|0.642733|0.871446|1.078050|1.463304|0.684120|0.452793|0.398887|1.247423|0.991523|0.014815|0.459752|0.329793|0.103354|0.421221|1.135617|0.971274|0.000000|111.000000|0.534581|0.399103|51.000000|0.424600|0.692308|-0.199688|13.000000
EX5:C072|2012-11-01|0.388488|0.683678|0.788295|0.568233|1.688460|4.221637|6.000000|0.642912|0.845273|1.061435|1.469431|0.688207|0.465483|0.400744|1.263490|1.017901|0.015504|0.466910|0.352128|0.192145|0.420749|1.162248|0.993064|0.000000|105.000000|0.530330|0.423059|45.000000|0.411004|0.692308|-0.198684|13.000000
EX5:C072|2013-05-01|0.444117|0.609146|0.923770|0.729082|1.687008|4.285809|6.000000|0.629982|0.738260|0.892815|1.433646|0.663067|0.509201|0.394227|1.290145|1.059354|0.000000|0.518620|0.447584|0.314655|0.402612|1.211300|1.067891|0.000000|99.000000|0.597520|0.507943|39.000000|0.389470|0.916667|-0.178471|12.000000
EX5:C072|2013-11-01|0.389627|0.682650|0.766145|0.570757|1.701609|4.140981|6.000000|0.637375|0.784776|1.060572|1.491585|0.744231|0.474433|0.398970|1.254744|1.016594|0.000000|0.478232|0.410872|0.148789|0.420510|1.175845|0.989758|0.000000|93.000000|0.512082|0.440647|33.000000|0.355056|0.833333|-0.201757|12.000000
EX5:C072|2014-05-01|0.434757|0.697247|0.864666|0.623533|1.696178|4.677464|6.000000|0.653675|0.876043|1.106832|1.472107|0.794530|0.486937|0.398456|1.270457|1.036063|0.000000|0.484587|0.427767|0.194186|0.425554|1.188747|1.019361|0.000000|87.000000|0.526249|0.438065|27.000000|0.382108|0.818182|-0.289718|11.000000
EX5:C072|2014-11-01|0.361226|0.847625|0.707816|0.426162|1.647917|5.172297|6.000000|0.637491|0.709908|1.157451|1.465356|0.678957|0.504443|0.400642|1.258730|1.071730|0.047619|0.500327|0.446515|0.042846|0.453697|1.167021|1.107347|0.000000|81.000000|0.553913|0.432499|21.000000|0.387009|0.727273|-0.566580|11.000000
EX5:C072|2015-05-01|0.460882|0.626056|1.039860|0.736167|1.598193|5.243328|6.000000|0.642680|0.722845|0.868443|1.501030|0.730698|0.572069|0.362035|1.643403|1.248045|0.000000|0.550698|0.509745|0.331956|0.395153|1.407999|1.238117|0.000000|75.000000|0.644435|0.558113|15.000000|0.456149|0.800000|-0.156731|10.000000
EX5:C072|2015-11-01|0.536671|0.459099|1.211805|1.168964|1.667910|4.774353|6.000000|0.640994|0.708905|0.869266|1.495580|0.736322|0.591376|0.395528|1.539476|1.248602|0.000000|0.565611|0.520617|0.445779|0.403782|1.381730|1.237036|0.000000|69.000000|0.644087|0.646054|9.000000|0.510911|0.800000|-0.156576|10.000000
EX5:C072|2016-05-01|0.565563|0.419204|1.325358|1.349135|1.648295|5.064056|6.000000|0.632791|0.708853|0.823542|1.456385|0.676764|0.555555|0.362444|1.477930|1.210647|0.000000|0.530795|0.498514|0.419126|0.419204|1.378699|1.192256|0.000000|63.000000|0.567734|0.566329|3.000000|0.585715|0.888889|-0.066928|9.000000
EX5:C076|2009-11-01|0.325634|0.655354|0.662321|0.496883|1.619790|4.369972|5.000000|0.659998|1.010324|1.266918|1.495482|0.786299|0.399761|0.396598|1.100777|0.873283|0.048485|0.406535|0.247871|-0.022222|0.396598|1.002908|0.796017|0.014184|141.000000|0.508642|0.378258|81.000000|0.351791|0.812500|-0.258269|16.000000
EX5:C076|2010-05-01|0.343455|0.649669|0.691735|0.528662|1.653170|4.931502|6.000000|0.668892|1.014505|1.267286|1.504243|0.817042|0.412708|0.398671|1.091723|0.867882|0.044025|0.416356|0.302151|-0.016752|0.398671|1.000902|0.804004|0.007407|135.000000|0.505528|0.384442|75.000000|0.388429|0.800000|-0.258425|15.000000
EX5:C076|2010-11-01|0.303604|0.652833|0.614180|0.465056|1.621354|4.345349|6.000000|0.657958|0.849403|0.992417|1.447592|0.759570|0.420318|0.408497|1.136594|0.923881|0.071895|0.434421|0.263223|-0.044994|0.408497|1.090684|0.926122|0.062016|129.000000|0.496222|0.379036|69.000000|0.264882|0.800000|-0.305538|15.000000
EX5:C076|2011-05-01|0.309435|0.711930|0.623327|0.434642|1.595015|4.662004|6.000000|0.664672|0.916967|1.157004|1.474191|0.724743|0.442007|0.426595|1.173734|0.971125|0.040816|0.449100|0.228465|-0.043372|0.426595|1.079388|0.940634|0.024390|123.000000|0.508088|0.362550|63.000000|0.334794|0.785714|-0.284131|14.000000
EX5:C076|2011-11-01|0.310472|0.712917|0.638487|0.435495|1.624574|4.262300|6.000000|0.664043|0.910429|1.150710|1.475777|0.728399|0.406838|0.398781|1.069942|0.879738|0.028369|0.423691|0.267764|0.042005|0.418074|1.029857|0.884531|0.000000|117.000000|0.498344|0.347436|57.000000|0.313964|0.785714|-0.269590|14.000000
EX5:C076|2012-05-01|0.331187|0.676694|0.671055|0.489418|1.657971|4.003262|6.000000|0.651405|0.870873|1.040831|1.473143|0.740219|0.428819|0.397668|1.170720|0.960610|0.014815|0.437544|0.333201|0.100327|0.415797|1.091884|0.950933|0.000000|111.000000|0.504059|0.391917|51.000000|0.378842|0.769231|-0.198332|13.000000
EX5:C076|2012-11-01|0.377906|0.678438|0.761407|0.557023|1.689689|3.498680|6.000000|0.643406|0.873857|1.046389|1.461475|0.677784|0.459221|0.399498|1.281429|1.008159|0.015504|0.462683|0.344053|0.186923|0.416549|1.142003|0.987762|0.000000|105.000000|0.520545|0.420143|45.000000|0.427993|0.769231|-0.207763|13.000000
EX5:C076|2013-05-01|0.446930|0.609261|0.929061|0.733562|1.685660|5.112046|6.000000|0.625071|0.727814|0.890257|1.408278|0.623264|0.512780|0.394042|1.324553|1.065928|0.000000|0.513544|0.452352|0.294644|0.402796|1.241653|1.069512|0.000000|99.000000|0.597853|0.500732|39.000000|0.396312|0.916667|-0.192682|12.000000
EX5:C076|2013-11-01|0.407946|0.636051|0.824990|0.641374|1.688243|3.802767|6.000000|0.639745|0.779152|0.924339|1.391106|0.713141|0.494693|0.392877|1.307975|1.054169|0.000000|0.489016|0.425029|0.155785|0.405249|1.231596|1.033044|0.000000|93.000000|0.540642|0.444462|33.000000|0.367987|0.750000|-0.178330|12.000000
EX5:C076|2014-05-01|0.414640|0.711415|0.815683|0.582839|1.702174|3.627473|6.000000|0.650876|0.941174|1.164622|1.434156|0.718479|0.484846|0.398413|1.252913|1.012030|0.000000|0.473632|0.410802|0.177754|0.423861|1.163447|0.998596|0.000000|87.000000|0.514918|0.429770|27.000000|0.432805|0.818182|-0.335824|11.000000
EX5:C076|2014-11-01|0.357243|0.831015|0.692905|0.429888|1.677076|3.737192|7.000000|0.617941|0.744797|1.146536|1.360131|0.581217|0.513841|0.396980|1.351494|1.088191|0.057143|0.493652|0.441694|0.052989|0.396980|1.239812|1.064525|0.000000|81.000000|0.524815|0.426332|21.000000|0.426721|0.727273|-0.556949|11.000000
EX5:C076|2015-05-01|0.403364|0.649072|0.905764|0.621447|1.582385|5.272877|6.000000|0.631867|0.731809|0.890056|1.478562|0.665162|0.530443|0.389456|1.496402|1.181307|0.000000|0.527307|0.470598|0.249361|0.396530|1.351971|1.169943|0.000000|75.000000|0.568425|0.486315|15.000000|0.435037|0.800000|-0.191611|10.000000
EX5:C076|2015-11-01|0.438158|0.439718|1.011161|0.996454|1.649958|4.191696|6.000000|0.637203|0.727577|0.891473|1.458004|0.718085|0.493311|0.395866|1.304733|1.029109|0.000000|0.484841|0.445168|0.371353|0.398543|1.213558|1.057706|0.000000|69.000000|0.529012|0.528939|9.000000|0.453862|0.800000|-0.184676|10.000000
EX5:C076|2016-05-01|0.577373|0.397796|1.341424|1.451430|1.663677|4.802975|6.000000|0.637275|0.733610|0.891894|1.494199|0.682344|0.542059|0.390511|1.576883|1.183460|0.000000|0.527080|0.476683|0.395446|0.397796|1.374424|1.180239|0.000000|63.000000|0.572985|0.571805|3.000000|0.477175|0.888889|-0.164074|9.000000
EX5:C080|2009-11-01|0.330860|0.662021|0.672766|0.499772|1.608817|5.424575|6.000000|0.671364|1.010324|1.266918|1.495218|0.812857|0.400813|0.409042|1.107839|0.908224|0.048485|0.424214|0.240609|-0.016613|0.409042|1.079125|0.867772|0.021277|141.000000|0.525109|0.383496|81.000000|0.404706|0.750000|-0.258269|16.000000
EX5:C080|2010-05-01|0.353336|0.665288|0.716579|0.531101|1.650707|4.266746|6.000000|0.662928|1.014505|1.267286|1.493504|0.711873|0.451157|0.399841|1.226386|0.975774|0.044025|0.470220|0.245641|-0.019632|0.410464|1.145583|0.980675|0.022222|135.000000|0.564588|0.405990|75.000000|0.401187|0.733333|-0.258425|15.000000
EX5:C080|2010-11-01|0.264906|0.716762|0.523182|0.369587|1.617846|4.233340|6.000000|0.676615|0.929172|1.177166|1.500498|0.776875|0.375901|0.431692|0.991622|0.814174|0.091503|0.387838|0.196547|-0.073937|0.431692|0.954111|0.827581|0.077519|129.000000|0.461494|0.323875|69.000000|0.239468|0.733333|-0.305538|15.000000
EX5:C080|2011-05-01|0.294866|0.714708|0.589539|0.412569|1.596859|4.298017|6.000000|0.666455|0.927148|1.168458|1.485965|0.741442|0.397159|0.431135|1.032651|0.848208|0.047619|0.411283|0.216923|-0.045930|0.431135|0.971474|0.838786|0.024390|123.000000|0.452617|0.329933|63.000000|0.296680|0.785714|-0.282377|14.000000
EX5:C080|2011-11-01|0.311927|0.727933|0.630264|0.428511|1.635756|4.056494|6.000000|0.656382|0.954395|1.225037|1.467919|0.735998|0.429091|0.416512|1.071605|0.895183|0.049645|0.424239|0.225197|0.022096|0.437903|1.016496|0.875266|0.000000|117.000000|0.509430|0.337745|57.000000|0.300850|0.785714|-0.264837|14.000000
EX5:C080|2012-05-01|0.336710|0.684961|0.675856|0.491575|1.662307|4.878638|6.000000|0.647709|0.877870|1.065914|1.493187|0.719217|0.438542|0.398524|1.140428|0.919009|0.014815|0.439930|0.312478|0.094578|0.418628|1.091659|0.908227|0.000000|111.000000|0.516481|0.377900|51.000000|0.379306|0.692308|-0.198420|13.000000
EX5:C080|2012-11-01|0.379759|0.687887|0.758094|0.552066|1.688475|4.494842|6.000000|0.655604|0.883264|1.075909|1.497192|0.766825|0.441585|0.398338|1.157664|0.930201|0.015504|0.448085|0.322937|0.165727|0.419753|1.087320|0.902580|0.000000|105.000000|0.528130|0.394128|45.000000|0.380989|0.692308|-0.206951|13.000000
EX5:C080|2013-05-01|0.456295|0.598340|0.950223|0.762601|1.683618|4.186069|7.000000|0.623161|0.713477|0.860583|1.393294|0.635606|0.533774|0.373506|1.436682|1.106546|0.000000|0.542267|0.479547|0.299883|0.395109|1.361316|1.128185|0.000000|99.000000|0.610589|0.525929|39.000000|0.406075|0.916667|-0.172061|12.000000
EX5:C080|2013-11-01|0.398669|0.630086|0.810008|0.632723|1.670791|5.132099|6.000000|0.649958|0.778660|0.892971|1.494401|0.766346|0.495800|0.395974|1.367123|1.080191|0.000000|0.497589|0.418591|0.137733|0.401574|1.316819|1.093044|0.000000|93.000000|0.537662|0.449908|33.000000|0.418525|0.750000|-0.175010|12.000000
EX5:C080|2014-05-01|0.417579|0.713232|0.820665|0.585474|1.702174|5.049602|7.000000|0.641949|0.942578|1.174399|1.422647|0.722148|0.480034|0.402410|1.259276|1.013803|0.000000|0.482629|0.420700|0.160592|0.425381|1.173668|0.992750|0.000000|87.000000|0.515837|0.433454|27.000000|0.385752|0.818182|-0.340014|11.000000
EX5:C080|2014-11-01|0.392722|0.825311|0.769889|0.475847|1.671514|4.078618|6.000000|0.620076|0.734370|1.144791|1.347446|0.590261|0.541272|0.381358|1.504329|1.203792|0.047619|0.546285|0.488727|0.066346|0.381358|1.412854|1.158197|0.000000|81.000000|0.563165|0.462909|21.000000|0.386571|0.727273|-0.556036|11.000000
EX5:C080|2015-05-01|0.438851|0.617785|1.004134|0.710362|1.611989|3.803882|7.000000|0.612948|0.661891|0.830602|1.397751|0.597538|0.562803|0.364849|1.583949|1.210862|0.000000|0.557335|0.509073|0.314689|0.389072|1.428131|1.225122|0.000000|75.000000|0.609411|0.532124|15.000000|0.493529|0.800000|-0.156989|10.000000
EX5:C080|2015-11-01|0.507425|0.441971|1.169585|1.148095|1.667739|4.034288|7.000000|0.615994|0.677124|0.830910|1.405333|0.609422|0.564477|0.364490|1.587923|1.213920|0.000000|0.555394|0.509869|0.429700|0.394658|1.404762|1.215625|0.000000|69.000000|0.610102|0.606930|9.000000|0.441222|0.800000|-0.157018|10.000000
EX5:C080|2016-05-01|0.586436|0.399877|1.355667|1.466540|1.675636|4.941776|7.000000|0.622820|0.720367|0.891019|1.438179|0.636509|0.583360|0.395272|1.598561|1.235716|0.000000|0.570170|0.523044|0.433552|0.399877|1.425862|1.237892|0.000000|63.000000|0.578740|0.581969|3.000000|0.484105|0.888889|-0.162317|9.000000
EX5:C084|2009-11-01|0.309149|0.662286|0.627235|0.466791|1.609562|4.964072|6.000000|0.673928|1.010324|1.266918|1.496331|0.784562|0.394860|0.409118|1.085022|0.872071|0.048485|0.387373|0.240321|-0.016491|0.409118|1.014182|0.808259|0.021277|141.000000|0.479291|0.369404|81.000000|0.371112|0.750000|-0.258269|16.000000
EX5:C084|2010-05-01|0.351937|0.665490|0.713350|0.528840|1.650287|4.864657|6.000000|0.664026|1.014505|1.267286|1.491639|0.711873|0.451450|0.400544|1.231986|0.976028|0.044025|0.471167|0.245466|-0.019549|0.410548|1.147654|0.981569|0.022222|135.000000|0.565795|0.406551|75.000000|0.401187|0.733333|-0.258425|15.000000
EX5:C084|2010-11-01|0.257355|0.717216|0.507641|0.358825|1.617966|4.134555|6.000000|0.676966|0.929802|1.178879|1.499555|0.777137|0.363663|0.431895|0.967637|0.809942|0.091503|0.380345|0.196237|-0.074173|0.431895|0.926857|0.812348|0.077519|129.000000|0.457999|0.319184|69.000000|0.221438|0.733333|-0.305538|15.000000
EX5:C084|2011-05-01|0.306975|0.713589|0.614902|0.430185|1.599583|4.042498|6.000000|0.660532|0.924605|1.163953|1.473301|0.767882|0.416243|0.430995|1.066080|0.893288|0.047619|0.429668|0.217764|-0.045260|0.430995|1.044028|0.857635|0.024390|123.000000|0.462538|0.344630|63.000000|0.302183|0.785714|-0.282092|14.000000
EX5:C084|2011-11-01|0.322387|0.726492|0.652366|0.443758|1.635416|4.103340|6.000000|0.667441|0.951496|1.218796|1.466680|0.738531|0.443608|0.415921|1.109709|0.917812|0.042553|0.448444|0.226863|0.023058|0.437314|1.054060|0.892843|0.000000|117.000000|0.525879|0.349352|57.000000|0.312979|0.785714|-0.262074|14.000000
EX5:C084|2012-05-01|0.336591|0.685217|0.675293|0.491218|1.666341|3.754560|6.000000|0.643324|0.878121|1.066744|1.476881|0.705121|0.443765|0.402720|1.141228|0.926963|0.014815|0.454182|0.312883|0.094441|0.418702|1.094554|0.917377|0.000000|111.000000|0.516420|0.387673|51.000000|0.385606|0.692308|-0.198531|13.000000
EX5:C084|2012-11-01|0.369498|0.686532|0.735444|0.538209|1.686615|4.393403|6.000000|0.659940|0.881394|1.071188|1.515645|0.774568|0.431510|0.395373|1.121025|0.920982|0.015504|0.434346|0.323677|0.166748|0.419127|1.064032|0.891286|0.000000|105.000000|0.509830|0.384345|45.000000|0.381707|0.692308|-0.206929|13.000000
EX5:C084|2013-05-01|0.432739|0.598341|0.907403|0.723232|1.681840|4.223864|7.000000|0.619322|0.714244|0.860583|1.422304|0.597964|0.501361|0.364101|1.359988|1.061086|0.000000|0.516287|0.456268|0.302599|0.401933|1.214415|1.089561|0.000000|99.000000|0.577573|0.508480|39.000000|0.392437|0.916667|-0.162905|12.000000
EX5:C084|2013-11-01|0.422645|0.630510|0.865943|0.670322|1.680675|3.836389|6.000000|0.627890|0.779127|0.892947|1.474150|0.658013|0.520953|0.395835|1.466177|1.185719|0.000000|0.553963|0.454195|0.137272|0.401772|1.439279|1.207590|0.000000|93.000000|0.569718|0.468149|33.000000|0.389791|0.750000|-0.175271|12.000000
EX5:C084|2014-05-01|0.406891|0.725457|0.796365|0.560876|1.698402|4.301644|6.000000|0.648750|0.976114|1.201953|1.468975|0.720814|0.466950|0.395727|1.222526|0.990266|0.000000|0.461795|0.398421|0.153274|0.426070|1.137218|0.967254|0.000000|87.000000|0.509873|0.414795|27.000000|0.380754|0.818182|-0.368124|11.000000
EX5:C084|2014-11-01|0.367826|0.824462|0.719760|0.446140|1.673746|4.086051|7.000000|0.617733|0.736191|1.144791|1.352042|0.601739|0.514855|0.401364|1.384549|1.113212|0.047619|0.511508|0.459818|0.070589|0.401364|1.274424|1.084223|0.000000|81.000000|0.531138|0.434206|21.000000|0.403229|0.727273|-0.556036|11.000000
EX5:C084|2015-05-01|0.433165|0.617785|0.993962|0.701159|1.611550|4.293463|8.000000|0.616918|0.670123|0.830432|1.400345|0.596046|0.555991|0.364372|1.556380|1.174359|0.000000|0.548676|0.508297|0.317892|0.395401|1.387281|1.196155|0.000000|75.000000|0.602767|0.519922|15.000000|0.442600|0.800000|-0.156806|10.000000
EX5:C084|2015-11-01|0.496449|0.441971|1.148630|1.123262|1.666957|4.055218|7.000000|0.616671|0.678126|0.830520|1.400684|0.609043|0.549401|0.364490|1.561204|1.177836|0.000000|0.545646|0.493603|0.415397|0.395820|1.375606|1.192671|0.000000|69.000000|0.597901|0.592790|9.000000|0.396703|0.800000|-0.157018|10.000000
EX5:C084|2016-05-01|0.554614|0.398574|1.287137|1.391496|1.674568|4.580491|7.000000|0.629957|0.723459|0.891019|1.450167|0.661220|0.536400|0.395272|1.460245|1.155490|0.000000|0.525241|0.468237|0.372819|0.398574|1.317801|1.140531|0.000000|63.000000|0.548088|0.549293|3.000000|0.378437|0.888889|-0.162317|9.000000
EX5:C088|2009-11-01|0.329007|0.662286|0.674504|0.496774|1.616907|3.754339|6.000000|0.654178|1.010324|1.266918|1.481771|0.706379|0.411342|0.409144|1.193890|0.955087|0.048485|0.447582|0.240350|-0.016491|0.409144|1.093948|0.902791|0.021277|141.000000|0.549852|0.394668|81.000000|0.385079|0.750000|-0.258269|16.000000
EX5:C088|2010-05-01|0.351433|0.665490|0.711659|0.528082|1.650105|3.972735|6.000000|0.668816|1.014505|1.267286|1.493750|0.751279|0.451031|0.400544|1.224007|0.975654|0.044025|0.469705|0.245417|-0.019549|0.410516|1.144184|0.961009|0.022222|135.000000|0.565598|0.396242|75.000000|0.400204|0.733333|-0.258425|15.000000
EX5:C088|2010-11-01|0.279289|0.717216|0.553205|0.389407|1.621130|5.127971|6.000000|0.664282|0.929778|1.178879|1.469031|0.756424|0.411802|0.432024|1.041368|0.872342|0.091503|0.426678|0.196248|-0.074173|0.432024|0.992014|0.832826|0.077519|129.000000|0.460068|0.339314|69.000000|0.230592|0.733333|-0.305538|15.000000
EX5:C088|2011-05-01|0.294453|0.713589|0.590186|0.412637|1.599488|3.902032|6.000000|0.656702|0.924892|1.163953|1.470363|0.733092|0.414904|0.433970|1.072001|0.890919|0.047619|0.425831|0.216236|-0.045258|0.433970|1.031289|0.856822|0.024390|123.000000|0.458968|0.345491|63.000000|0.309868|0.785714|-0.282092|14.000000
EX5:C088|2011-11-01|0.324357|0.726492|0.654018|0.446471|1.635732|4.909953|6.000000|0.663470|0.951309|1.218796|1.466149|0.767520|0.410170|0.415657|1.035250|0.868523|0.042553|0.433109|0.226959|0.023152|0.437081|1.005228|0.872791|0.000000|117.000000|0.528625|0.333375|57.000000|0.295782|0.785714|-0.262074|14.000000
EX5:C088|2012-05-01|0.358400|0.685217|0.717277|0.523045|1.665531|5.395310|6.000000|0.646608|0.878032|1.066744|1.482336|0.742232|0.449061|0.404797|1.148862|0.930662|0.014815|0.464853|0.312850|0.094466|0.418668|1.116486|0.932974|0.000000|111.000000|0.551352|0.390101|51.000000|0.384652|0.692308|-0.198512|13.000000
EX5:C088|2012-11-01|0.392201|0.686532|0.780600|0.571278|1.690742|4.916240|6.000000|0.648852|0.881423|1.071188|1.493054|0.749553|0.464539|0.404830|1.205306|0.942720|0.015504|0.468164|0.324398|0.167753|0.419196|1.143419|0.966647|0.000000|105.000000|0.546288|0.409626|45.000000|0.384630|0.692308|-0.206929|13.000000
EX5:C088|2013-05-01|0.421329|0.598341|0.881351|0.704162|1.685899|3.814968|8.000000|0.615845|0.714491|0.860583|1.382701|0.584696|0.503942|0.381992|1.348590|1.063040|0.000000|0.513281|0.450085|0.290553|0.404271|1.209074|1.066216|0.000000|99.000000|0.560545|0.503457|39.000000|0.374092|0.916667|-0.187205|12.000000
EX5:C088|2013-11-01|0.423659|0.630510|0.866761|0.671931|1.680006|3.763629|6.000000|0.628029|0.779104|0.889589|1.459395|0.657372|0.527697|0.393567|1.498666|1.227214|0.000000|0.555554|0.467269|0.137239|0.401758|1.459237|1.220485|0.000000|93.000000|0.569942|0.478547|33.000000|0.397336|0.750000|-0.175272|12.000000
EX5:C088|2014-05-01|0.414908|0.725457|0.813552|0.571927|1.700946|4.275472|6.000000|0.634783|0.976114|1.201953|1.429359|0.662442|0.481212|0.405164|1.277278|1.031822|0.000000|0.491074|0.431046|0.151528|0.425971|1.177997|1.012597|0.000000|87.000000|0.520340|0.432015|27.000000|0.384700|0.818182|-0.368124|11.000000
EX5:C088|2014-11-01|0.371803|0.824070|0.722398|0.451179|1.675196|5.488557|7.000000|0.623535|0.736763|1.144791|1.412021|0.638957|0.500626|0.397584|1.320647|1.040933|0.047619|0.487414|0.435023|0.070956|0.397584|1.218076|1.047991|0.000000|81.000000|0.532744|0.435858|21.000000|0.348842|0.727273|-0.556036|11.000000
EX5:C088|2015-05-01|0.448545|0.617785|1.018721|0.726054|1.611603|4.268376|8.000000|0.622561|0.674199|0.830836|1.404301|0.646401|0.566219|0.364309|1.564690|1.193979|0.000000|0.557085|0.514458|0.317942|0.395223|1.409056|1.204875|0.000000|75.000000|0.622189|0.542900|15.000000|0.550153|0.800000|-0.156550|10.000000
EX5:C088|2015-11-01|0.546320|0.441971|1.257166|1.236100|1.667725|4.327902|7.000000|0.620646|0.682395|0.830686|1.388444|0.633739|0.611017|0.360991|1.740000|1.321400|0.000000|0.598784|0.556465|0.468318|0.373554|1.592725|1.314555|0.000000|69.000000|0.654149|0.656929|9.000000|0.584071|0.800000|-0.150526|10.000000
EX5:C088|2016-05-01|0.576103|0.398299|1.337338|1.446407|1.672710|4.402852|6.000000|0.623421|0.720740|0.892370|1.432040|0.646871|0.557505|0.398101|1.544407|1.212519|0.000000|0.555359|0.506565|0.413470|0.398299|1.394327|1.210504|0.000000|63.000000|0.568985|0.571303|3.000000|0.432412|0.888889|-0.164276|9.000000
EX5:C092|2009-11-01|0.309870|0.662286|0.629556|0.467880|1.609727|4.847168|6.000000|0.668725|1.010324|1.266918|1.487160|0.785307|0.396628|0.409195|1.102092|0.889708|0.048485|0.394650|0.240137|-0.016491|0.409195|1.061870|0.827666|0.021277|141.000000|0.472258|0.373421|81.000000|0.388275|0.750000|-0.258269|16.000000
EX5:C092|2010-05-01|0.334925|0.665490|0.675389|0.503276|1.642876|5.209106|6.000000|0.686321|1.014505|1.267286|1.495746|0.786336|0.400853|0.400544|1.121980|0.899547|0.044025|0.433641|0.245350|-0.019549|0.410528|1.092355|0.878273|0.022222|135.000000|0.506700|0.373786|75.000000|0.401187|0.733333|-0.258425|15.000000
EX5:C092|2010-11-01|0.279118|0.717216|0.553742|0.389169|1.621688|4.031434|6.000000|0.672253|0.929802|1.178879|1.467308|0.791295|0.397423|0.431884|1.015085|0.846901|0.091503|0.407310|0.196136|-0.074173|0.431884|0.967637|0.815496|0.077519|129.000000|0.453130|0.329858|69.000000|0.198206|0.733333|-0.305538|15.000000
EX5:C092|2011-05-01|0.290119|0.713589|0.581886|0.406563|1.597658|4.682951|6.000000|0.658644|0.925180|1.163953|1.470595|0.745616|0.413797|0.434013|1.054804|0.886160|0.047619|0.418880|0.215925|-0.045258|0.434013|1.028637|0.858219|0.024390|123.000000|0.462672|0.338404|63.000000|0.299288|0.785714|-0.282092|14.000000
EX5:C092|2011-11-01|0.327568|0.726492|0.661064|0.450890|1.635412|4.830257|6.000000|0.667871|0.951385|1.218796|1.467901|0.767802|0.432105|0.415729|1.075666|0.895535|0.042553|0.442810|0.226874|0.023128|0.437143|1.032631|0.884334|0.000000|117.000000|0.534486|0.342205|57.000000|0.299061|0.785714|-0.262074|14.000000
EX5:C092|2012-05-01|0.332635|0.685217|0.669517|0.485444|1.665311|3.659785|7.000000|0.649339|0.878045|1.066744|1.474637|0.726985|0.436388|0.397277|1.143804|0.919824|0.014815|0.445521|0.312292|0.094479|0.418793|1.093890|0.926933|0.000000|111.000000|0.509574|0.382749|51.000000|0.390079|0.692308|-0.198656|13.000000
EX5:C092|2012-11-01|0.362380|0.688211|0.727291|0.526554|1.691746|3.808344|7.000000|0.659813|0.883390|1.077065|1.496689|0.714413|0.433384|0.397499|1.148156|0.939423|0.015504|0.439185|0.322133|0.165168|0.420119|1.094885|0.931477|0.000000|105.000000|0.501382|0.387704|45.000000|0.319575|0.692308|-0.206929|13.000000
EX5:C092|2013-05-01|0.424113|0.598341|0.886856|0.708815|1.685224|3.942574|8.000000|0.616580|0.716278|0.860583|1.385524|0.589633|0.504463|0.385991|1.331081|1.058797|0.000000|0.513342|0.451285|0.285312|0.405674|1.205786|1.057676|0.000000|99.000000|0.564651|0.503141|39.000000|0.412211|0.916667|-0.192491|12.000000
EX5:C092|2013-11-01|0.416750|0.630520|0.856613|0.660963|1.681114|3.860425|7.000000|0.627805|0.779224|0.892992|1.472975|0.652564|0.517702|0.395896|1.482443|1.205246|0.000000|0.544577|0.452792|0.137202|0.401785|1.437311|1.204110|0.000000|93.000000|0.562088|0.473700|33.000000|0.394579|0.750000|-0.175318|12.000000
EX5:C092|2014-05-01|0.412881|0.725457|0.817210|0.569132|1.697076|4.215674|6.000000|0.660577|0.976259|1.201953|1.418177|0.780520|0.467053|0.394757|1.231125|1.011051|0.000000|0.461810|0.395990|0.152553|0.426100|1.163510|1.004540|0.000000|87.000000|0.518069|0.416101|27.000000|0.410629|0.818182|-0.368124|11.000000
EX5:C092|2014-11-01|0.357090|0.823776|0.696784|0.433479|1.675355|4.296286|7.000000|0.610207|0.736970|1.144791|1.358736|0.575304|0.503406|0.401418|1.325902|1.083581|0.057143|0.492903|0.440262|0.067298|0.401418|1.225692|1.052685|0.000000|81.000000|0.514879|0.426462|21.000000|0.387157|0.727273|-0.556036|11.000000
EX5:C092|2015-05-01|0.405708|0.635330|0.917113|0.638578|1.596840|4.186869|7.000000|0.606871|0.715733|0.892314|1.346718|0.531603|0.549943|0.398247|1.477170|1.189783|0.000000|0.543975|0.493064|0.241897|0.398351|1.365923|1.176181|0.000000|75.000000|0.563679|0.489328|15.000000|0.443847|0.800000|-0.201240|10.000000
EX5:C092|2015-11-01|0.477424|0.438904|1.107352|1.087764|1.664810|4.207381|8.000000|0.614641|0.687404|0.830516|1.441288|0.576368|0.528073|0.377945|1.488575|1.135028|0.000000|0.514523|0.476864|0.398284|0.401706|1.280846|1.126243|0.000000|69.000000|0.576349|0.574148|9.000000|0.412591|0.800000|-0.173445|10.000000
EX5:C092|2016-05-01|0.575803|0.395147|1.343545|1.457187|1.678387|4.061178|7.000000|0.622070|0.717751|0.890792|1.361424|0.628936|0.560416|0.391914|1.549249|1.211614|0.000000|0.553495|0.516705|0.438171|0.395147|1.405610|1.222902|0.000000|63.000000|0.568707|0.570150|3.000000|0.477555|0.888889|-0.162181|9.000000
EX5:C096|2009-11-01|0.309870|0.662286|0.629556|0.467880|1.609727|4.847168|6.000000|0.668725|1.010324|1.266918|1.487160|0.785307|0.396628|0.409195|1.102092|0.889708|0.048485|0.394650|0.240137|-0.016491|0.409195|1.061870|0.827666|0.021277|141.000000|0.472258|0.373421|81.000000|0.388275|0.750000|-0.258269|16.000000
EX5:C096|2010-05-01|0.334925|0.665490|0.675389|0.503276|1.642876|5.209106|6.000000|0.686321|1.014505|1.267286|1.495746|0.786336|0.400853|0.400544|1.121980|0.899547|0.044025|0.433641|0.245350|-0.019549|0.410528|1.092355|0.878273|0.022222|135.000000|0.506700|0.373786|75.000000|0.401187|0.733333|-0.258425|15.000000
EX5:C096|2010-11-01|0.275452|0.717216|0.547211|0.384057|1.621345|4.509235|6.000000|0.677354|0.929802|1.178879|1.476175|0.785527|0.380910|0.431820|1.028124|0.828148|0.091503|0.403599|0.196118|-0.074173|0.431820|0.967375|0.834771|0.077519|129.000000|0.461649|0.326540|69.000000|0.209135|0.733333|-0.305538|15.000000
EX5:C096|2011-05-01|0.311966|0.713589|0.626701|0.437179|1.598824|4.349768|6.000000|0.656297|0.924605|1.163953|1.472092|0.762316|0.422392|0.431041|1.079137|0.904718|0.047619|0.433034|0.217600|-0.045259|0.431041|1.061046|0.875991|0.024390|123.000000|0.471054|0.345468|63.000000|0.305122|0.785714|-0.282092|14.000000
EX5:C096|2011-11-01|0.307749|0.726492|0.624767|0.423610|1.631469|5.452594|7.000000|0.664047|0.951523|1.218796|1.484213|0.756544|0.397492|0.415971|1.031224|0.855853|0.042553|0.403737|0.226744|0.023073|0.437376|0.982476|0.852992|0.000000|117.000000|0.498509|0.327338|57.000000|0.291334|0.785714|-0.262074|14.000000
EX5:C096|2012-05-01|0.338405|0.685217|0.679764|0.493865|1.666508|3.961258|7.000000|0.649645|0.878114|1.066744|1.477515|0.729287|0.436968|0.400117|1.132086|0.908571|0.014815|0.441598|0.311574|0.094450|0.418788|1.089947|0.914163|0.000000|111.000000|0.520553|0.380193|51.000000|0.389006|0.692308|-0.198683|13.000000
EX5:C096|2012-11-01|0.362380|0.688211|0.727291|0.526554|1.691746|3.808344|7.000000|0.659813|0.883390|1.077065|1.496689|0.714413|0.433384|0.397499|1.148156|0.939423|0.015504|0.439185|0.322133|0.165168|0.420119|1.094885|0.931477|0.000000|105.000000|0.501382|0.387704|45.000000|0.319575|0.692308|-0.206929|13.000000
EX5:C096|2013-05-01|0.424113|0.598341|0.886856|0.708815|1.685224|3.942574|8.000000|0.616580|0.716278|0.860583|1.385524|0.589633|0.504463|0.385991|1.331081|1.058797|0.000000|0.513342|0.451285|0.285312|0.405674|1.205786|1.057676|0.000000|99.000000|0.564651|0.503141|39.000000|0.412211|0.916667|-0.192491|12.000000
EX5:C096|2013-11-01|0.424691|0.630521|0.871389|0.673556|1.679763|3.743706|7.000000|0.626729|0.779126|0.889838|1.463691|0.650641|0.528011|0.393643|1.489863|1.248958|0.000000|0.558642|0.461413|0.137234|0.401774|1.482437|1.240784|0.000000|93.000000|0.571906|0.483508|33.000000|0.429113|0.750000|-0.175283|12.000000
EX5:C096|2014-05-01|0.404237|0.725457|0.797500|0.557217|1.699278|4.300813|7.000000|0.651390|0.976114|1.201953|1.429939|0.711474|0.466871|0.397236|1.224915|1.014593|0.000000|0.463546|0.398805|0.152599|0.426072|1.142030|0.976900|0.000000|87.000000|0.506731|0.418555|27.000000|0.417269|0.818182|-0.368124|11.000000
EX5:C096|2014-11-01|0.369940|0.823783|0.725922|0.449075|1.673717|4.621627|7.000000|0.617143|0.739713|1.144791|1.369870|0.586435|0.517511|0.384792|1.371761|1.096570|0.047619|0.500357|0.449628|0.071381|0.384792|1.275966|1.079260|0.000000|81.000000|0.531426|0.434138|21.000000|0.344991|0.727273|-0.556073|11.000000
EX5:C096|2015-05-01|0.414734|0.617310|0.950518|0.671841|1.612896|3.990755|9.000000|0.615218|0.670509|0.830244|1.417011|0.596419|0.524488|0.375347|1.491300|1.113864|0.000000|0.512440|0.478229|0.299514|0.392565|1.294883|1.135269|0.000000|75.000000|0.580165|0.498022|15.000000|0.439340|0.800000|-0.169892|10.000000
EX5:C096|2015-11-01|0.504205|0.441073|1.154922|1.143133|1.666419|4.128943|9.000000|0.622994|0.677186|0.830579|1.402878|0.617401|0.561109|0.374860|1.522604|1.215141|0.000000|0.549390|0.509747|0.419297|0.395516|1.388437|1.205663|0.000000|69.000000|0.605599|0.606490|9.000000|0.552389|0.800000|-0.168337|10.000000
EX5:C096|2016-05-01|0.597894|0.395318|1.404859|1.512436|1.675044|5.049304|6.000000|0.605190|0.717729|0.891010|1.424746|0.520128|0.584889|0.389807|1.695692|1.327913|0.000000|0.589543|0.548808|0.464171|0.395318|1.561062|1.304596|0.000000|63.000000|0.588250|0.594689|3.000000|0.597455|0.888889|-0.162240|9.000000
EX5:C100|2009-11-01|0.309870|0.662286|0.629556|0.467880|1.609727|4.847168|6.000000|0.668725|1.010324|1.266918|1.487160|0.785307|0.396628|0.409195|1.102092|0.889708|0.048485|0.394650|0.240137|-0.016491|0.409195|1.061870|0.827666|0.021277|141.000000|0.472258|0.373421|81.000000|0.388275|0.750000|-0.258269|16.000000
EX5:C100|2010-05-01|0.334925|0.665490|0.675389|0.503276|1.642876|5.209106|6.000000|0.686321|1.014505|1.267286|1.495746|0.786336|0.400853|0.400544|1.121980|0.899547|0.044025|0.433641|0.245350|-0.019549|0.410528|1.092355|0.878273|0.022222|135.000000|0.506700|0.373786|75.000000|0.401187|0.733333|-0.258425|15.000000
EX5:C100|2010-11-01|0.275452|0.717216|0.547211|0.384057|1.621345|4.509235|6.000000|0.677354|0.929802|1.178879|1.476175|0.785527|0.380910|0.431820|1.028124|0.828148|0.091503|0.403599|0.196118|-0.074173|0.431820|0.967375|0.834771|0.077519|129.000000|0.461649|0.326540|69.000000|0.209135|0.733333|-0.305538|15.000000
EX5:C100|2011-05-01|0.311966|0.713589|0.626701|0.437179|1.598824|4.349768|6.000000|0.656297|0.924605|1.163953|1.472092|0.762316|0.422392|0.431041|1.079137|0.904718|0.047619|0.433034|0.217600|-0.045259|0.431041|1.061046|0.875991|0.024390|123.000000|0.471054|0.345468|63.000000|0.305122|0.785714|-0.282092|14.000000
EX5:C100|2011-11-01|0.307749|0.726492|0.624767|0.423610|1.631469|5.452594|7.000000|0.664047|0.951523|1.218796|1.484213|0.756544|0.397492|0.415971|1.031224|0.855853|0.042553|0.403737|0.226744|0.023073|0.437376|0.982476|0.852992|0.000000|117.000000|0.498509|0.327338|57.000000|0.291334|0.785714|-0.262074|14.000000
EX5:C100|2012-05-01|0.338405|0.685217|0.679764|0.493865|1.666508|3.961258|7.000000|0.649645|0.878114|1.066744|1.477515|0.729287|0.436968|0.400117|1.132086|0.908571|0.014815|0.441598|0.311574|0.094450|0.418788|1.089947|0.914163|0.000000|111.000000|0.520553|0.380193|51.000000|0.389006|0.692308|-0.198683|13.000000
EX5:C100|2012-11-01|0.362380|0.688211|0.727291|0.526554|1.691746|3.808344|7.000000|0.659813|0.883390|1.077065|1.496689|0.714413|0.433384|0.397499|1.148156|0.939423|0.015504|0.439185|0.322133|0.165168|0.420119|1.094885|0.931477|0.000000|105.000000|0.501382|0.387704|45.000000|0.319575|0.692308|-0.206929|13.000000
EX5:C100|2013-05-01|0.424113|0.598341|0.886856|0.708815|1.685224|3.942574|8.000000|0.616580|0.716278|0.860583|1.385524|0.589633|0.504463|0.385991|1.331081|1.058797|0.000000|0.513342|0.451285|0.285312|0.405674|1.205786|1.057676|0.000000|99.000000|0.564651|0.503141|39.000000|0.412211|0.916667|-0.192491|12.000000
EX5:C100|2013-11-01|0.424691|0.630521|0.871389|0.673556|1.679763|3.743706|7.000000|0.626729|0.779126|0.889838|1.463691|0.650641|0.528011|0.393643|1.489863|1.248958|0.000000|0.558642|0.461413|0.137234|0.401774|1.482437|1.240784|0.000000|93.000000|0.571906|0.483508|33.000000|0.429113|0.750000|-0.175283|12.000000
EX5:C100|2014-05-01|0.404237|0.725457|0.797500|0.557217|1.699278|4.300813|7.000000|0.651390|0.976114|1.201953|1.429939|0.711474|0.466871|0.397236|1.224915|1.014593|0.000000|0.463546|0.398805|0.152599|0.426072|1.142030|0.976900|0.000000|87.000000|0.506731|0.418555|27.000000|0.417269|0.818182|-0.368124|11.000000
EX5:C100|2014-11-01|0.369940|0.823783|0.725922|0.449075|1.673717|4.621627|7.000000|0.617143|0.739713|1.144791|1.369870|0.586435|0.517511|0.384792|1.371761|1.096570|0.047619|0.500357|0.449628|0.071381|0.384792|1.275966|1.079260|0.000000|81.000000|0.531426|0.434138|21.000000|0.344991|0.727273|-0.556073|11.000000
EX5:C100|2015-05-01|0.414734|0.617310|0.950518|0.671841|1.612896|3.990755|9.000000|0.615218|0.670509|0.830244|1.417011|0.596419|0.524488|0.375347|1.491300|1.113864|0.000000|0.512440|0.478229|0.299514|0.392565|1.294883|1.135269|0.000000|75.000000|0.580165|0.498022|15.000000|0.439340|0.800000|-0.169892|10.000000
EX5:C100|2015-11-01|0.504205|0.441073|1.154922|1.143133|1.666419|4.128943|9.000000|0.622994|0.677186|0.830579|1.402878|0.617401|0.561109|0.374860|1.522604|1.215141|0.000000|0.549390|0.509747|0.419297|0.395516|1.388437|1.205663|0.000000|69.000000|0.605599|0.606490|9.000000|0.552389|0.800000|-0.168337|10.000000
EX5:C100|2016-05-01|0.597894|0.395318|1.404859|1.512436|1.675044|5.049304|6.000000|0.605190|0.717729|0.891010|1.424746|0.520128|0.584889|0.389807|1.695692|1.327913|0.000000|0.589543|0.548808|0.464171|0.395318|1.561062|1.304596|0.000000|63.000000|0.588250|0.594689|3.000000|0.597455|0.888889|-0.162240|9.000000
