BASE|2009-11-01|0.369222|0.639986|0.689220|0.576921|1.613239|4.672618|5.000000|0.674023|1.121792|1.314696|1.549071|0.869911|0.402347|0.482639|0.797396|0.796410|0.084848|0.462425|0.250329|-0.042344|0.482639|0.971200|0.898183|0.007092|141.000000|0.506161|81.000000|0.386313|0.812500|-0.278371|16.000000
BASE|2010-05-01|0.390002|0.639891|0.722029|0.609482|1.645266|4.637349|5.000000|0.677665|1.125167|1.314866|1.556259|0.867162|0.415437|0.482648|0.816489|0.827165|0.081761|0.501174|0.308813|-0.041545|0.482648|1.043310|0.985879|0.007407|135.000000|0.512657|75.000000|0.415835|0.800000|-0.278503|15.000000
BASE|2010-11-01|0.351645|0.639862|0.648425|0.549563|1.651082|4.730409|5.000000|0.671169|0.931441|1.076104|1.526852|0.864830|0.422273|0.484631|0.815927|0.842666|0.091503|0.582190|0.301526|-0.081751|0.484631|1.211593|1.093702|0.046512|129.000000|0.508732|69.000000|0.413931|0.733333|-0.275480|15.000000
BASE|2011-05-01|0.364096|0.639130|0.682212|0.569674|1.605440|4.699791|5.000000|0.665548|0.961795|1.106962|1.512136|0.838853|0.420600|0.484097|0.793265|0.826676|0.054422|0.589085|0.331564|0.024864|0.498561|1.216872|1.041062|0.000000|123.000000|0.503053|63.000000|0.425104|0.785714|-0.342679|14.000000
BASE|2011-11-01|0.404746|0.639849|0.752447|0.632566|1.652266|4.743585|5.000000|0.665681|0.964782|1.113982|1.523819|0.844357|0.445903|0.480289|0.859398|0.882975|0.007092|0.640711|0.352020|0.133209|0.484264|1.323062|1.122964|0.000000|117.000000|0.520443|57.000000|0.425191|0.785714|-0.275115|14.000000
BASE|2012-05-01|0.438971|0.650158|0.799868|0.675176|1.696923|4.761016|5.000000|0.663882|0.831483|1.089462|1.538884|0.844361|0.525676|0.482466|1.023920|1.033307|0.014815|0.650001|0.457964|0.243541|0.483680|1.343863|1.161411|0.000000|111.000000|0.582184|51.000000|0.436468|0.846154|-0.389192|13.000000
BASE|2012-11-01|0.497159|0.649412|0.901128|0.765552|1.712178|4.696125|5.000000|0.683997|0.853131|1.087237|1.534963|0.927338|0.528729|0.483044|1.049688|1.047485|0.000000|0.654559|0.460334|0.239305|0.483044|1.355071|1.173591|0.000000|105.000000|0.590159|45.000000|0.432051|0.923077|-0.380101|13.000000
BASE|2013-05-01|0.468787|0.656770|0.848466|0.713776|1.728399|4.011548|5.000000|0.652197|0.812307|1.108482|1.535368|0.817957|0.548544|0.481908|1.087199|1.062657|0.000000|0.577535|0.508251|0.276078|0.506405|1.158616|1.045452|0.000000|99.000000|0.570812|39.000000|0.432651|0.916667|-0.365540|12.000000
BASE|2013-11-01|0.498987|0.638711|0.912595|0.781240|1.692322|4.796156|6.000000|0.638760|0.782216|1.073289|1.488689|0.757051|0.494288|0.484035|1.000436|0.992150|0.000000|0.679711|0.487070|0.199724|0.484100|1.404259|1.237238|0.000000|93.000000|0.575838|33.000000|0.465519|0.833333|-0.278395|12.000000
BASE|2014-05-01|0.577897|0.693611|1.017926|0.833172|1.734041|4.763142|5.000000|0.663854|0.794828|1.222190|1.502186|0.858906|0.587545|0.469965|1.213322|1.191819|0.000000|0.707913|0.615413|0.255059|0.484161|1.484413|1.278397|0.000000|87.000000|0.627660|27.000000|0.435914|0.818182|-0.236179|11.000000
BASE|2014-11-01|0.498380|0.678666|0.919259|0.734352|1.670704|4.746430|5.000000|0.636656|0.786332|1.226594|1.457407|0.717217|0.497895|0.476953|1.058019|1.050510|0.000000|0.686769|0.618808|0.147577|0.482714|1.425126|1.279828|0.000000|81.000000|0.539218|21.000000|0.435915|0.818182|-0.329441|11.000000
BASE|2015-05-01|0.453042|0.596888|0.884828|0.759008|1.622890|4.767435|5.000000|0.653046|0.766291|0.854129|1.469498|0.806789|0.542317|0.468988|1.284990|1.159301|0.000000|0.721132|0.655053|0.165212|0.482861|1.512914|1.315562|0.000000|75.000000|0.573311|15.000000|0.507200|0.800000|-0.290656|10.000000
BASE|2015-11-01|0.519751|0.482923|1.027838|1.076260|1.671642|4.884391|5.000000|0.653561|0.773514|0.861736|1.467445|0.818769|0.571952|0.470374|1.307890|1.248442|0.000000|0.733003|0.672496|0.412377|0.482923|1.541986|1.328378|0.000000|69.000000|0.642620|9.000000|0.515359|0.800000|-0.288687|10.000000
BASE|2016-05-01|0.609764|0.481984|1.181223|1.265111|1.686377|4.789195|5.000000|0.636841|0.744676|0.876768|1.487871|0.787963|0.608276|0.468597|1.420242|1.250900|0.000000|0.733941|0.677332|0.411313|0.481984|1.533134|1.304091|0.000000|63.000000|0.600841|3.000000|0.556221|0.888889|-0.150246|9.000000
BASE|2016-11-01|0.574668|0.481318|1.107037|1.193946|1.690747|4.648971|6.000000|0.641878|0.747083|0.873220|1.435646|0.774288|0.609702|0.471865|1.359305|1.229688|0.000000|0.697693|0.637696|0.407200|0.481318|1.449547|1.250294|0.000000|57.000000|nan|0.000000|0.564686|0.888889|-0.280457|9.000000
BASE|2017-05-01|0.562206|0.483580|1.083331|1.162591|1.690497|4.684201|5.000000|0.634538|0.738290|0.800907|1.458745|0.730040|0.619128|0.478797|1.293091|1.238345|0.000000|0.688311|0.644590|0.397555|0.483580|1.423365|1.271586|0.000000|51.000000|nan|0.000000|0.424568|0.875000|-0.325033|8.000000
BASE|2017-11-01|0.537193|0.481984|1.011869|1.114545|1.668068|4.683209|5.000000|0.670288|0.762735|0.900316|1.493739|0.916006|0.749495|0.470466|1.568012|1.347424|0.000000|0.689542|0.654240|0.405311|0.481984|1.430633|1.283144|0.000000|45.000000|nan|0.000000|0.430491|0.875000|-0.231242|8.000000
BASE|2018-05-01|0.486827|0.484206|0.921149|1.005414|1.604554|4.903562|5.000000|0.654815|0.748293|0.841340|1.449995|0.854879|0.777126|0.484206|1.608932|1.407152|0.000000|0.697597|0.643727|0.406070|0.484206|1.440704|1.303958|0.000000|39.000000|nan|0.000000|0.502524|1.000000|0.350457|7.000000
BASE|2018-11-01|0.624497|0.482029|1.181040|1.295559|1.651521|4.855706|5.000000|0.652783|0.744429|0.791310|1.458956|0.866878|0.773234|0.482029|1.604124|1.411143|0.000000|0.711865|0.661692|0.405827|0.482029|1.476810|1.325345|0.000000|33.000000|nan|0.000000|0.536294|1.000000|0.358091|7.000000
BASE|2019-05-01|0.273396|0.476149|0.516572|0.574181|1.629006|5.476712|6.000000|0.636973|0.704281|0.836658|1.429352|0.843394|0.314101|0.476149|0.691822|0.613920|0.000000|0.329450|0.266735|0.183678|0.476149|0.691904|0.612629|0.000000|27.000000|nan|0.000000|0.343250|0.833333|-0.203450|6.000000
BASE|2019-11-01|0.410828|0.482263|0.775557|0.851875|1.683351|4.124970|6.000000|0.652931|0.738651|0.814897|1.483888|0.872585|0.454009|0.415510|1.040900|0.866042|0.000000|0.455491|0.398124|0.358857|0.482263|0.944485|0.868269|0.000000|21.000000|nan|0.000000|0.430226|1.000000|0.071654|6.000000
BASE|2020-05-01|0.630966|0.493253|1.171970|1.279194|1.686728|4.985786|6.000000|0.651178|0.743279|0.790948|1.482132|0.927640|0.538381|0.463717|1.161012|1.146443|0.000000|0.643072|0.566386|0.429248|0.493253|1.303737|1.172529|0.000000|15.000000|nan|0.000000|0.475421|1.000000|0.343918|5.000000
BASE|2020-11-01|0.417533|0.439362|0.865908|0.950317|1.681315|4.346544|6.000000|0.676749|0.785145|0.947613|1.490251|0.782178|0.438160|0.415929|1.071420|1.049985|0.000000|0.452149|0.409220|0.312915|0.439362|1.029103|0.968958|0.000000|9.000000|nan|0.000000|0.461067|1.000000|0.224518|5.000000
TW000|2009-11-01|0.361663|0.656332|0.687921|0.551036|1.598733|5.539390|5.000000|0.650734|0.886522|1.114944|1.481784|0.790022|0.470719|0.468836|0.996068|0.900932|0.121212|0.555132|0.347087|-0.069606|0.468836|0.992392|0.999766|0.028369|141.000000|0.521055|81.000000|0.300059|0.812500|-0.272413|16.000000
TW000|2010-05-01|0.382676|0.656171|0.722209|0.583195|1.630241|5.401478|5.000000|0.655667|0.890981|1.116223|1.489302|0.785312|0.480332|0.468817|1.011504|0.922758|0.094340|0.567145|0.432696|-0.069505|0.468817|1.076272|1.016428|0.029630|135.000000|0.537788|75.000000|0.299671|0.800000|-0.272162|15.000000
TW000|2010-11-01|0.355913|0.655778|0.659871|0.542735|1.653061|5.280157|5.000000|0.665694|0.863515|1.113112|1.490316|0.800884|0.487985|0.460870|1.035631|0.952635|0.084967|0.567641|0.423062|-0.079723|0.460870|1.187612|1.030943|0.046512|129.000000|0.532163|69.000000|0.329360|0.800000|-0.285090|15.000000
TW000|2011-05-01|0.382196|0.661171|0.728221|0.578058|1.602405|5.427163|5.000000|0.653618|0.866239|1.126766|1.481406|0.776232|0.500563|0.439393|1.092586|1.001107|0.034014|0.578661|0.443078|0.025348|0.465440|1.216129|1.059527|0.000000|123.000000|0.540353|63.000000|0.338257|0.785714|-0.186365|14.000000
TW000|2011-11-01|0.423766|0.650319|0.809297|0.651628|1.644383|5.443146|5.000000|0.656393|0.859961|1.100430|1.463432|0.795103|0.534980|0.439121|1.141653|1.045095|0.007092|0.591049|0.488164|0.156272|0.465468|1.265300|1.085466|0.000000|117.000000|0.549311|57.000000|0.342414|0.785714|-0.171124|14.000000
TW000|2012-05-01|0.424559|0.655202|0.785279|0.647982|1.675857|5.338927|6.000000|0.651860|0.841557|1.118457|1.486283|0.776755|0.518198|0.464993|1.117183|1.045722|0.014815|0.603013|0.503322|0.203529|0.464993|1.301702|1.103827|0.000000|111.000000|0.558329|51.000000|0.345541|0.769231|-0.170024|13.000000
TW000|2012-11-01|0.498912|0.642670|0.930279|0.776311|1.695402|5.671270|6.000000|0.651558|0.787677|1.076223|1.474549|0.785587|0.587741|0.471875|1.257015|1.121402|0.007752|0.627442|0.533605|0.339370|0.471875|1.338910|1.131332|0.000000|105.000000|0.581362|45.000000|0.354804|0.846154|-0.151320|13.000000
TW000|2013-05-01|0.463429|0.662925|0.856542|0.699067|1.690000|5.659590|5.000000|0.640918|0.755545|1.132555|1.465088|0.751311|0.592994|0.439410|1.249536|1.118879|0.000000|0.622589|0.533394|0.321112|0.470979|1.326210|1.129511|0.000000|99.000000|0.575521|39.000000|0.371289|0.833333|-0.189411|12.000000
TW000|2013-11-01|0.506449|0.646464|0.930372|0.783414|1.694254|5.457900|5.000000|0.644768|0.769085|1.088692|1.455417|0.743590|0.623456|0.439927|1.401705|1.201494|0.000000|0.654480|0.575741|0.317395|0.464191|1.412802|1.192996|0.000000|93.000000|0.612826|33.000000|0.386726|0.833333|-0.162075|12.000000
TW000|2014-05-01|0.492791|0.717907|0.861284|0.686427|1.727180|5.600746|6.000000|0.650708|0.786601|1.395453|1.490906|0.818879|0.492800|0.468807|1.162256|1.071556|0.000000|0.643247|0.528604|0.163352|0.469911|1.368871|1.165586|0.000000|87.000000|0.523683|27.000000|0.367685|0.818182|-0.240658|11.000000
TW000|2014-11-01|0.476555|0.679841|0.871991|0.700980|1.667877|5.624553|6.000000|0.654440|0.817502|1.222753|1.403957|0.818087|0.502518|0.472230|1.102386|1.116859|0.000000|0.696246|0.592301|0.103150|0.494287|1.409423|1.228053|0.000000|81.000000|0.532867|21.000000|0.425321|0.818182|-0.242615|11.000000
TW000|2015-05-01|0.412922|0.597296|0.825889|0.691318|1.612782|5.416638|6.000000|0.620711|0.687046|0.797590|1.407823|0.689295|0.549122|0.460981|1.264692|1.175616|0.000000|0.605617|0.536801|0.178658|0.463939|1.313755|1.209059|0.000000|75.000000|0.534354|15.000000|0.382200|0.800000|-0.230056|10.000000
TW000|2015-11-01|0.466513|0.464700|0.937911|1.003900|1.662446|5.206268|6.000000|0.624410|0.694519|0.768284|1.413994|0.683131|0.544775|0.464004|1.280741|1.193157|0.000000|0.607620|0.553451|0.374537|0.464700|1.307552|1.185247|0.000000|69.000000|0.577952|9.000000|0.375580|0.800000|-0.230549|10.000000
TW000|2016-05-01|0.585603|0.463894|1.180523|1.262364|1.676790|5.602493|6.000000|0.642878|0.731883|0.829508|1.444509|0.829016|0.592410|0.431522|1.422292|1.262124|0.000000|0.686055|0.643785|0.387127|0.463894|1.484939|1.315263|0.000000|63.000000|0.589102|3.000000|0.465035|0.888889|-0.139077|9.000000
TW000|2016-11-01|0.548965|0.499578|1.082431|1.098859|1.681447|5.602226|6.000000|0.661543|0.747444|0.850299|1.416099|0.845896|0.580985|0.464385|1.354776|1.278273|0.000000|0.694841|0.651847|0.373021|0.499578|1.428921|1.294041|0.000000|57.000000|nan|0.000000|0.453207|0.888889|-0.195788|9.000000
TW000|2017-05-01|0.527387|0.493669|1.018457|1.068301|1.691191|5.393288|5.000000|0.625988|0.716327|0.843795|1.442250|0.681517|0.604999|0.465327|1.465716|1.233255|0.000000|0.631931|0.573715|0.384181|0.473320|1.335103|1.180585|0.000000|51.000000|nan|0.000000|0.406859|0.875000|-0.314217|8.000000
TW000|2017-11-01|0.500705|0.464504|0.952261|1.077935|1.644334|5.651825|6.000000|0.646060|0.728900|0.841005|1.439060|0.839011|0.663849|0.431017|1.429156|1.306417|0.000000|0.653414|0.613490|0.379186|0.464504|1.406692|1.241804|0.000000|45.000000|nan|0.000000|0.420068|0.875000|-0.179562|8.000000
TW000|2018-05-01|0.469786|0.482303|0.892123|0.974048|1.601518|5.600402|6.000000|0.641024|0.703081|0.857706|1.425654|0.812469|0.807077|0.458882|1.717893|1.405279|0.000000|0.706512|0.614696|0.386489|0.482303|1.522199|1.362763|0.000000|39.000000|nan|0.000000|0.455717|1.000000|0.283251|7.000000
TW000|2018-11-01|0.594500|0.481931|1.126811|1.233581|1.650006|5.750521|6.000000|0.643274|0.703452|0.857824|1.440808|0.827568|0.799605|0.463560|1.717272|1.421021|0.000000|0.697419|0.643996|0.379922|0.463560|1.498063|1.342924|0.000000|33.000000|nan|0.000000|0.450702|1.000000|0.290590|7.000000
TW000|2019-05-01|0.374371|0.488930|0.727542|0.765694|1.617697|5.479551|6.000000|0.642722|0.710558|0.820716|1.450708|0.830286|0.506857|0.455732|1.113355|1.089149|0.000000|0.476854|0.432684|0.333032|0.455732|1.018296|0.962823|0.000000|27.000000|nan|0.000000|0.378301|0.833333|-0.227062|6.000000
TW000|2019-11-01|0.441858|0.453628|0.853768|0.974053|1.668330|5.591063|7.000000|0.645624|0.717737|0.776950|1.393797|0.809179|0.536028|0.435210|1.229301|1.130703|0.000000|0.509995|0.450646|0.372160|0.453628|1.124258|1.044233|0.000000|21.000000|nan|0.000000|0.362755|0.833333|-0.115465|6.000000
TW000|2020-05-01|0.519334|0.457114|1.008579|1.136115|1.679734|5.618923|6.000000|0.645645|0.706430|0.740417|1.433780|0.851369|0.515065|0.428983|1.199831|1.192045|0.000000|0.591182|0.508080|0.410527|0.457114|1.293292|1.179401|0.000000|15.000000|nan|0.000000|0.484220|1.000000|0.303868|5.000000
TW000|2020-11-01|0.574281|0.420047|1.173685|1.367184|1.667376|6.328429|6.000000|0.657668|0.729244|0.973286|1.381083|0.847242|0.518124|0.402701|1.286623|1.341769|0.000000|0.681369|0.602517|0.393690|0.402701|1.691999|1.419293|0.000000|9.000000|nan|0.000000|0.673097|1.000000|0.339405|5.000000
TW025|2009-11-01|0.379378|0.624164|0.739089|0.607818|1.601920|4.372231|5.000000|0.645891|0.929698|1.185755|1.493009|0.778853|0.488012|0.467776|1.047766|0.974685|0.115152|0.550530|0.379853|-0.045263|0.467776|1.022542|1.040984|0.014184|141.000000|0.530830|81.000000|0.325986|0.812500|-0.270823|16.000000
TW025|2010-05-01|0.399533|0.624016|0.773119|0.640261|1.633075|4.158166|5.000000|0.646890|0.932305|1.169782|1.494537|0.773030|0.500229|0.467800|1.075740|0.995213|0.094340|0.559286|0.432512|-0.043312|0.467800|1.052014|1.050083|0.007407|135.000000|0.549936|75.000000|0.342500|0.800000|-0.270886|15.000000
TW025|2010-11-01|0.356694|0.649503|0.670361|0.549180|1.657673|4.256485|5.000000|0.654115|0.886283|1.120480|1.493085|0.797505|0.503632|0.467779|1.055466|0.987803|0.091503|0.549963|0.400921|-0.096204|0.467779|1.125099|1.032383|0.054264|129.000000|0.517430|69.000000|0.342265|0.733333|-0.272046|15.000000
TW025|2011-05-01|0.383522|0.650422|0.736481|0.589651|1.607614|4.358125|5.000000|0.646730|0.895451|1.124464|1.480624|0.774840|0.512431|0.465594|1.085048|1.041711|0.047619|0.555398|0.421927|0.012941|0.467768|1.139642|1.043760|0.000000|123.000000|0.527469|63.000000|0.354674|0.785714|-0.176869|14.000000
TW025|2011-11-01|0.422087|0.623982|0.816283|0.676441|1.643383|4.435481|5.000000|0.655516|0.887776|1.051533|1.489379|0.801295|0.535333|0.467665|1.096304|1.110246|0.014184|0.582223|0.473056|0.151103|0.477252|1.186458|1.108025|0.000000|117.000000|0.558792|57.000000|0.363061|0.714286|-0.156171|14.000000
TW025|2012-05-01|0.428188|0.649278|0.806812|0.659484|1.678536|4.189062|5.000000|0.638100|0.818880|1.120718|1.489518|0.759781|0.554191|0.467784|1.169918|1.091858|0.014815|0.588276|0.492580|0.208560|0.467784|1.192576|1.089380|0.000000|111.000000|0.558061|51.000000|0.367519|0.769231|-0.175204|13.000000
TW025|2012-11-01|0.487105|0.624212|0.931450|0.780352|1.687960|4.375957|5.000000|0.641223|0.822331|1.048658|1.489297|0.769803|0.569921|0.467783|1.170191|1.135813|0.015504|0.594246|0.521587|0.323441|0.467783|1.259848|1.111124|0.000000|105.000000|0.579482|45.000000|0.395689|0.769231|-0.160972|13.000000
TW025|2013-05-01|0.355375|0.653549|0.650343|0.543761|1.710078|5.004878|5.000000|0.643556|0.796480|1.137161|1.466308|0.790805|0.456485|0.473055|0.966695|0.870785|0.000000|0.471077|0.377083|0.183751|0.489769|0.972590|0.887019|0.000000|99.000000|0.438697|39.000000|0.392006|0.833333|-0.229959|12.000000
TW025|2013-11-01|0.497704|0.649032|0.927198|0.766841|1.697346|4.420542|5.000000|0.633058|0.728275|1.119132|1.485795|0.745833|0.610970|0.465712|1.260590|1.159572|0.000000|0.604763|0.538401|0.322522|0.467781|1.289165|1.130041|0.000000|93.000000|0.585302|33.000000|0.398721|0.833333|-0.181189|12.000000
TW025|2014-05-01|0.555297|0.638717|1.046712|0.869394|1.693238|4.592971|5.000000|0.636276|0.770837|1.072941|1.494403|0.761174|0.631340|0.465791|1.300674|1.185156|0.000000|0.605543|0.545350|0.326219|0.467787|1.293196|1.130305|0.000000|87.000000|0.595927|27.000000|0.414975|0.818182|-0.172216|11.000000
TW025|2014-11-01|0.444145|0.683884|0.825487|0.649444|1.672781|4.124036|6.000000|0.643041|0.784349|1.242323|1.463939|0.765217|0.464869|0.476321|1.024900|1.040069|0.000000|0.615407|0.523797|0.103545|0.483715|1.274931|1.160886|0.000000|81.000000|0.481178|21.000000|0.358801|0.727273|-0.256184|11.000000
TW025|2015-05-01|0.359539|0.581540|0.704679|0.618254|1.626964|4.317398|5.000000|0.625565|0.719890|0.941326|1.509460|0.696382|0.465100|0.467673|1.005225|0.883319|0.000000|0.461731|0.403627|0.196485|0.469421|0.983619|0.891086|0.000000|75.000000|0.445330|15.000000|0.393096|0.800000|-0.233217|10.000000
TW025|2015-11-01|0.418863|0.469479|0.833237|0.892187|1.677636|4.108349|5.000000|0.627714|0.742179|0.941480|1.502367|0.689970|0.485569|0.467707|1.059037|0.908894|0.000000|0.481693|0.426573|0.353321|0.469479|1.026017|0.911781|0.000000|69.000000|0.500380|9.000000|0.405313|0.800000|-0.233985|10.000000
TW025|2016-05-01|0.525386|0.467586|1.063501|1.123614|1.686289|4.207606|6.000000|0.648079|0.752764|0.867095|1.464107|0.818653|0.509204|0.450620|1.176927|1.000279|0.000000|0.510284|0.459303|0.339734|0.467586|1.091316|0.990906|0.000000|63.000000|0.506847|3.000000|0.468413|0.888889|-0.161277|9.000000
TW025|2016-11-01|0.549088|0.483359|1.083980|1.135983|1.688451|4.040625|6.000000|0.654715|0.743989|0.869646|1.467861|0.836265|0.596935|0.478926|1.337905|1.189986|0.000000|0.657022|0.593167|0.347496|0.483359|1.367004|1.193703|0.000000|57.000000|nan|0.000000|0.480412|0.888889|-0.193574|9.000000
TW025|2017-05-01|0.446334|0.494695|0.873487|0.902241|1.708224|4.270994|5.000000|0.622886|0.728810|0.969899|1.475820|0.711954|0.451441|0.464999|0.959221|0.822582|0.000000|0.435033|0.400903|0.334638|0.494695|0.918691|0.848949|0.000000|51.000000|nan|0.000000|0.398349|0.875000|-0.297096|8.000000
TW025|2017-11-01|0.411742|0.464768|0.793216|0.885910|1.639861|5.100770|5.000000|0.639152|0.739673|0.856542|1.483086|0.806346|0.516650|0.442601|1.137514|0.983749|0.000000|0.484640|0.466342|0.315806|0.464768|1.042757|0.956185|0.000000|45.000000|nan|0.000000|0.384406|0.875000|-0.194669|8.000000
TW025|2018-05-01|0.430350|0.496168|0.832377|0.867348|1.607480|4.442350|6.000000|0.643999|0.718921|0.797805|1.472959|0.805985|0.620385|0.467043|1.374307|1.248562|0.000000|0.580732|0.521788|0.326164|0.496168|1.243422|1.168772|0.000000|39.000000|nan|0.000000|0.454765|1.000000|0.109591|7.000000
TW025|2018-11-01|0.547576|0.496372|1.061362|1.103157|1.653151|4.631429|6.000000|0.643780|0.722844|0.802047|1.472166|0.818520|0.591408|0.466910|1.292299|1.227779|0.000000|0.589371|0.522557|0.312820|0.466910|1.252994|1.185867|0.000000|33.000000|nan|0.000000|0.443660|1.000000|0.121240|7.000000
TW025|2019-05-01|0.296755|0.491230|0.565201|0.604106|1.629128|6.110271|6.000000|0.635165|0.731250|0.904358|1.432698|0.798857|0.325103|0.484789|0.706960|0.621457|0.000000|0.343918|0.298917|0.179433|0.484789|0.700115|0.648695|0.000000|27.000000|nan|0.000000|0.314026|0.833333|-0.175226|6.000000
TW025|2019-11-01|0.400550|0.481328|0.760054|0.832178|1.684798|4.957874|6.000000|0.648034|0.732787|0.906366|1.454852|0.820652|0.385482|0.397065|0.835144|0.726804|0.000000|0.418749|0.335468|0.254801|0.481328|0.869988|0.831408|0.000000|21.000000|nan|0.000000|0.392985|0.833333|-0.045429|6.000000
TW025|2020-05-01|0.565875|0.482567|1.058294|1.172635|1.692131|4.350651|6.000000|0.639174|0.717768|0.803480|1.479944|0.825945|0.499215|0.464297|1.075206|1.064350|0.000000|0.562269|0.509814|0.400949|0.482567|1.165162|1.042482|0.000000|15.000000|nan|0.000000|0.395580|1.000000|0.294349|5.000000
TW025|2020-11-01|0.452579|0.418140|0.935519|1.082362|1.674326|5.019527|6.000000|0.643317|0.709174|0.939754|1.430285|0.737624|0.463203|0.380099|1.192449|1.098033|0.000000|0.509444|0.475839|0.333312|0.418140|1.218358|1.126634|0.000000|9.000000|nan|0.000000|0.481211|1.000000|0.314785|5.000000
TW050|2009-11-01|0.392645|0.621466|0.762538|0.631804|1.611333|4.397565|5.000000|0.648446|0.991972|1.263606|1.503768|0.806404|0.485107|0.492009|1.074306|0.932402|0.103030|0.552987|0.377956|-0.035357|0.492009|0.996124|1.025761|0.007092|141.000000|0.535410|81.000000|0.340957|0.812500|-0.282566|16.000000
TW050|2010-05-01|0.369037|0.674323|0.677084|0.547270|1.679541|3.890863|5.000000|0.659176|1.039503|1.263039|1.523270|0.818321|0.454304|0.491787|0.935922|0.826972|0.081761|0.492067|0.384901|-0.037995|0.491787|0.982771|0.906700|0.007407|135.000000|0.495346|75.000000|0.382598|0.800000|-0.282542|15.000000
TW050|2010-11-01|0.379307|0.622097|0.719658|0.609724|1.651541|4.401318|5.000000|0.655758|0.920224|1.047997|1.516999|0.820380|0.510254|0.492884|1.082672|0.979427|0.084967|0.573548|0.435254|-0.068556|0.492884|1.106761|1.053118|0.038760|129.000000|0.542292|69.000000|0.339732|0.800000|-0.241902|15.000000
TW050|2011-05-01|0.400002|0.622271|0.771757|0.642810|1.603348|4.321349|5.000000|0.650215|0.922376|1.078241|1.514846|0.787086|0.535026|0.436100|1.158471|1.045263|0.040816|0.584562|0.465096|0.035147|0.492296|1.122355|1.057011|0.000000|123.000000|0.551479|63.000000|0.364158|0.785714|-0.115593|14.000000
TW050|2011-11-01|0.435429|0.622092|0.831894|0.699943|1.650630|4.381209|5.000000|0.652113|0.923002|1.075376|1.513953|0.800450|0.546842|0.453825|1.155666|1.058075|0.000000|0.597684|0.491977|0.158393|0.492447|1.209532|1.094952|0.000000|117.000000|0.563931|57.000000|0.365831|0.785714|-0.116007|14.000000
TW050|2012-05-01|0.391278|0.642928|0.721062|0.608587|1.698855|3.869892|6.000000|0.646161|0.794687|1.058286|1.505668|0.776180|0.490144|0.493946|1.069840|0.951259|0.000000|0.527868|0.445033|0.211994|0.493946|1.058147|0.972483|0.000000|111.000000|0.499122|51.000000|0.342409|0.846154|-0.186560|13.000000
TW050|2012-11-01|0.422059|0.654699|0.773404|0.644661|1.719205|4.561388|5.000000|0.654002|0.835240|1.081403|1.499376|0.760870|0.481084|0.489794|0.993829|0.913443|0.007752|0.509125|0.436733|0.242550|0.489794|1.037702|0.912775|0.000000|105.000000|0.483788|45.000000|0.350747|0.846154|-0.193251|13.000000
TW050|2013-05-01|0.458101|0.658955|0.836680|0.695193|1.722745|4.311122|6.000000|0.641769|0.766866|1.045268|1.500756|0.818266|0.554395|0.457872|1.191573|1.054380|0.000000|0.561260|0.497118|0.270341|0.488536|1.148860|1.031723|0.000000|99.000000|0.557697|39.000000|0.402772|0.916667|-0.251192|12.000000
TW050|2013-11-01|0.507130|0.637727|0.942277|0.795215|1.696556|4.289799|5.000000|0.634181|0.755189|1.079533|1.494188|0.736538|0.619723|0.440098|1.272311|1.125790|0.000000|0.618339|0.538328|0.315039|0.492297|1.258697|1.138645|0.000000|93.000000|0.593314|33.000000|0.393362|0.833333|-0.179131|12.000000
TW050|2014-05-01|0.521728|0.676871|0.918529|0.770793|1.746440|4.403803|5.000000|0.634352|0.781176|1.182962|1.512645|0.755170|0.530347|0.490828|1.045125|1.014942|0.000000|0.607909|0.510098|0.219537|0.495923|1.238537|1.093054|0.000000|87.000000|0.549386|27.000000|0.391365|0.818182|-0.273455|11.000000
TW050|2014-11-01|0.459331|0.706428|0.822315|0.650216|1.691481|4.482752|6.000000|0.642581|0.770450|1.358769|1.487789|0.766261|0.489716|0.478772|1.062857|1.017411|0.000000|0.607375|0.510410|0.149648|0.493498|1.231074|1.090575|0.000000|81.000000|0.501867|21.000000|0.393001|0.818182|-0.260929|11.000000
TW050|2015-05-01|0.400085|0.561243|0.796229|0.712855|1.629723|4.096441|6.000000|0.632916|0.782091|0.896473|1.439226|0.717643|0.523033|0.454604|1.140269|1.069297|0.000000|0.534316|0.486169|0.238674|0.491717|1.093835|1.031687|0.000000|75.000000|0.495294|15.000000|0.416304|0.800000|-0.213046|10.000000
TW050|2015-11-01|0.461033|0.491698|0.925046|0.937635|1.683807|3.864855|6.000000|0.641338|0.782236|0.896499|1.458697|0.786474|0.536569|0.454903|1.168138|1.068649|0.000000|0.545293|0.495024|0.361011|0.491698|1.123075|1.043565|0.000000|69.000000|0.557417|9.000000|0.403971|0.800000|-0.213367|10.000000
TW050|2016-05-01|0.556924|0.489852|1.120489|1.136923|1.684497|3.878525|5.000000|0.638634|0.767821|0.873161|1.436383|0.737744|0.565909|0.435767|1.253356|1.118417|0.000000|0.604630|0.527095|0.330383|0.489852|1.234313|1.101074|0.000000|63.000000|0.536495|3.000000|0.477991|0.888889|-0.182177|9.000000
TW050|2016-11-01|0.538860|0.492444|1.046493|1.094256|1.694029|4.255775|5.000000|0.651562|0.739544|0.832569|1.473694|0.817420|0.569318|0.475252|1.184103|1.043348|0.000000|0.602512|0.545498|0.398389|0.492444|1.223515|1.055269|0.000000|57.000000|nan|0.000000|0.390873|0.888889|-0.175700|9.000000
TW050|2017-05-01|0.478956|0.492044|0.939455|0.973400|1.691419|4.336854|6.000000|0.620908|0.735766|0.899294|1.451626|0.658139|0.514331|0.484592|1.069321|0.969935|0.000000|0.511158|0.468894|0.358111|0.492044|1.045703|0.936593|0.000000|51.000000|nan|0.000000|0.374766|0.875000|-0.236888|8.000000
TW050|2017-11-01|0.472760|0.489202|0.917497|0.966389|1.647391|4.296940|5.000000|0.645163|0.742871|0.814952|1.488271|0.815679|0.587491|0.436236|1.262218|1.144784|0.000000|0.566456|0.517037|0.405213|0.489202|1.157917|1.065511|0.000000|45.000000|nan|0.000000|0.368883|0.875000|-0.205190|8.000000
TW050|2018-05-01|0.444904|0.494704|0.842690|0.899333|1.608208|4.985303|6.000000|0.639633|0.726171|0.809969|1.463461|0.742273|0.649234|0.494704|1.312367|1.193722|0.000000|0.609565|0.515043|0.380317|0.494704|1.232181|1.120482|0.000000|39.000000|nan|0.000000|0.355543|1.000000|0.244829|7.000000
TW050|2018-11-01|0.584218|0.515194|1.103939|1.133975|1.658704|4.475563|6.000000|0.648176|0.736991|0.845223|1.493446|0.832979|0.714827|0.494785|1.443912|1.275444|0.000000|0.648966|0.611833|0.393442|0.494785|1.294666|1.229491|0.000000|33.000000|nan|0.000000|0.390825|1.000000|0.244927|7.000000
TW050|2019-05-01|0.322239|0.486296|0.618791|0.662639|1.635163|5.398109|6.000000|0.645971|0.732356|0.832826|1.468436|0.835991|0.323797|0.474564|0.709819|0.611087|0.000000|0.330297|0.280934|0.193553|0.474564|0.679209|0.622518|0.000000|27.000000|nan|0.000000|0.357300|0.833333|-0.173920|6.000000
TW050|2019-11-01|0.307793|0.482776|0.577423|0.637549|1.690608|4.090822|6.000000|0.639803|0.757421|0.935693|1.474463|0.795894|0.337497|0.426109|0.751455|0.631902|0.000000|0.329145|0.284146|0.218749|0.482776|0.681777|0.644885|0.000000|21.000000|nan|0.000000|0.400005|0.833333|-0.084726|6.000000
TW050|2020-05-01|0.590839|0.482199|1.107480|1.225301|1.691224|4.567401|6.000000|0.647091|0.738080|0.791131|1.514318|0.853977|0.500366|0.439539|1.138387|1.095255|0.000000|0.571568|0.525591|0.436468|0.482199|1.185335|1.088337|0.000000|15.000000|nan|0.000000|0.448303|1.000000|0.294891|5.000000
TW050|2020-11-01|0.449244|0.438964|0.928866|1.023419|1.676509|4.771002|6.000000|0.663011|0.778526|0.997351|1.437085|0.797737|0.436542|0.430948|1.101118|1.097122|0.000000|0.488045|0.464165|0.328339|0.438964|1.111810|1.042977|0.000000|9.000000|nan|0.000000|0.459442|1.000000|0.341625|5.000000
TW075|2009-11-01|0.352379|0.662067|0.658327|0.532241|1.637216|3.759083|5.000000|0.661516|1.056630|1.327884|1.510266|0.790519|0.421236|0.476701|0.902527|0.868396|0.072727|0.490233|0.326483|-0.025092|0.476701|0.873232|0.881976|0.007092|141.000000|0.505654|81.000000|0.330583|0.812500|-0.283145|16.000000
TW075|2010-05-01|0.376440|0.662016|0.699455|0.568627|1.669590|3.802682|5.000000|0.664815|1.050284|1.319926|1.506933|0.783009|0.461159|0.476698|0.939655|0.888598|0.069182|0.497189|0.364439|-0.020244|0.476698|0.951344|0.889278|0.007407|135.000000|0.518322|75.000000|0.342009|0.800000|-0.283331|15.000000
TW075|2010-11-01|0.348497|0.621765|0.650965|0.560496|1.647430|4.797628|5.000000|0.669960|0.917090|1.046630|1.547558|0.857811|0.439259|0.475759|0.865894|0.848753|0.091503|0.537145|0.323387|-0.076867|0.475759|1.129026|0.998372|0.046512|129.000000|0.479662|69.000000|0.411450|0.733333|-0.272997|15.000000
TW075|2011-05-01|0.364265|0.621765|0.683777|0.585856|1.604172|4.369848|5.000000|0.667800|0.925597|1.096433|1.512583|0.854996|0.443034|0.475068|0.899103|0.851033|0.040816|0.548483|0.361406|0.030111|0.486853|1.141701|0.999706|0.000000|123.000000|0.498305|63.000000|0.381186|0.857143|-0.267572|14.000000
TW075|2011-11-01|0.394412|0.621774|0.732539|0.634333|1.650724|4.465888|5.000000|0.674013|0.927595|1.092392|1.514974|0.871376|0.449937|0.475718|0.900294|0.890249|0.000000|0.574503|0.376444|0.143170|0.508845|1.139806|1.013742|0.000000|117.000000|0.504478|57.000000|0.381092|0.857143|-0.267810|14.000000
TW075|2012-05-01|0.372722|0.653149|0.681735|0.570653|1.710927|3.940682|5.000000|0.645761|0.836960|1.095854|1.493060|0.730150|0.500112|0.499157|0.988656|0.951168|0.007407|0.506935|0.436816|0.235319|0.499157|0.970575|0.894873|0.000000|111.000000|0.499828|51.000000|0.376473|0.846154|-0.310249|13.000000
TW075|2012-11-01|0.442711|0.650539|0.813117|0.680530|1.733564|3.910103|6.000000|0.655247|0.842165|1.089703|1.517447|0.810304|0.517557|0.498790|1.041297|0.973841|0.000000|0.517286|0.464239|0.277563|0.498790|1.002012|0.928935|0.000000|105.000000|0.510624|45.000000|0.375152|0.923077|-0.316650|13.000000
TW075|2013-05-01|0.421109|0.660876|0.759660|0.637198|1.731016|3.964823|5.000000|0.641027|0.843812|1.116120|1.495648|0.731564|0.525347|0.483356|1.051037|1.000017|0.000000|0.523562|0.460492|0.269526|0.488179|1.041063|0.922129|0.000000|99.000000|0.517080|39.000000|0.390937|0.916667|-0.305783|12.000000
TW075|2013-11-01|0.464681|0.649328|0.852882|0.715633|1.715710|3.981275|5.000000|0.628420|0.794232|1.070558|1.471337|0.687179|0.554966|0.421213|1.181275|1.030889|0.000000|0.563216|0.471865|0.298864|0.479678|1.168650|0.998790|0.000000|93.000000|0.555405|33.000000|0.382565|0.833333|-0.170252|12.000000
TW075|2014-05-01|0.539435|0.654737|0.993620|0.823896|1.721170|4.047663|5.000000|0.640706|0.779176|1.085080|1.503137|0.760841|0.586905|0.415737|1.261568|1.085317|0.000000|0.579468|0.505581|0.326915|0.479570|1.206086|1.026294|0.000000|87.000000|0.576080|27.000000|0.405611|0.909091|-0.127074|11.000000
TW075|2014-11-01|0.551146|0.682024|0.996880|0.808104|1.701992|4.405979|5.000000|0.663198|0.803282|1.199970|1.509396|0.850087|0.616013|0.417899|1.381811|1.107443|0.000000|0.630430|0.536760|0.331433|0.472704|1.333668|1.133584|0.000000|81.000000|0.574192|21.000000|0.412813|0.818182|-0.079365|11.000000
TW075|2015-05-01|0.404930|0.606499|0.804287|0.667650|1.631616|4.059669|6.000000|0.633259|0.779298|0.868614|1.491587|0.680343|0.547708|0.432316|1.252859|1.102814|0.000000|0.611760|0.515521|0.187877|0.476483|1.283907|1.072822|0.000000|75.000000|0.500278|15.000000|0.458402|0.800000|-0.238490|10.000000
TW075|2015-11-01|0.463611|0.476350|0.930301|0.973257|1.682392|4.273742|6.000000|0.629298|0.783142|0.871986|1.480536|0.678951|0.557918|0.433200|1.288470|1.132302|0.000000|0.609756|0.524198|0.362761|0.476350|1.280061|1.090957|0.000000|69.000000|0.567695|9.000000|0.458412|0.800000|-0.248160|10.000000
TW075|2016-05-01|0.440748|0.495444|0.884387|0.889602|1.702618|4.040916|6.000000|0.615294|0.734333|0.892574|1.446430|0.591072|0.448601|0.482844|1.001160|0.960533|0.000000|0.532736|0.462189|0.304251|0.495444|1.081297|0.963173|0.000000|63.000000|0.431690|3.000000|0.353272|0.888889|-0.255459|9.000000
TW075|2016-11-01|0.523075|0.475441|1.023289|1.100190|1.694526|3.668236|6.000000|0.638216|0.739895|0.872378|1.488528|0.753769|0.604431|0.461685|1.300270|1.089776|0.000000|0.652118|0.555682|0.328077|0.475441|1.371608|1.114406|0.000000|57.000000|nan|0.000000|0.438381|0.888889|-0.255049|9.000000
TW075|2017-05-01|0.481026|0.476173|0.947633|1.010192|1.697227|3.767025|6.000000|0.602238|0.724373|0.835988|1.439970|0.514336|0.503628|0.463951|1.196109|1.044986|0.000000|0.549502|0.492255|0.312611|0.476173|1.153995|1.021539|0.000000|51.000000|nan|0.000000|0.395923|0.875000|-0.306685|8.000000
TW075|2017-11-01|0.428753|0.486220|0.822184|0.881810|1.668148|3.941338|5.000000|0.642795|0.784398|0.923603|1.490320|0.718152|0.540211|0.419927|1.213427|1.042164|0.000000|0.527600|0.461056|0.313088|0.486220|1.085106|0.969273|0.000000|45.000000|nan|0.000000|0.383582|0.875000|-0.217930|8.000000
TW075|2018-05-01|0.462638|0.490623|0.883972|0.942960|1.613422|4.521350|6.000000|0.645930|0.722099|0.793632|1.429734|0.788014|0.691783|0.490623|1.436203|1.307282|0.000000|0.631006|0.565398|0.397053|0.490623|1.286131|1.196159|0.000000|39.000000|nan|0.000000|0.400218|1.000000|0.316196|7.000000
TW075|2018-11-01|0.580285|0.507154|1.105262|1.144198|1.659590|4.216632|6.000000|0.648133|0.727346|0.812776|1.458802|0.810354|0.700099|0.490562|1.427135|1.291453|0.000000|0.626158|0.595420|0.383448|0.507154|1.234651|1.189334|0.000000|33.000000|nan|0.000000|0.400252|1.000000|0.308784|7.000000
TW075|2019-05-01|0.289460|0.480190|0.545291|0.602802|1.635719|5.303088|6.000000|0.645574|0.735387|0.827994|1.446528|0.861617|0.307324|0.474592|0.647554|0.570963|0.000000|0.307741|0.252416|0.171537|0.474592|0.640948|0.573599|0.000000|27.000000|nan|0.000000|0.312467|0.833333|-0.186985|6.000000
TW075|2019-11-01|0.381868|0.480142|0.726106|0.795322|1.684611|4.182174|6.000000|0.632272|0.742992|0.868252|1.494192|0.705918|0.427184|0.406173|0.930052|0.836871|0.000000|0.407959|0.359190|0.324540|0.480142|0.849664|0.796329|0.000000|21.000000|nan|0.000000|0.421462|1.000000|0.014812|6.000000
TW075|2020-05-01|0.609616|0.488920|1.127739|1.246863|1.694699|4.244707|6.000000|0.647961|0.736551|0.783493|1.492339|0.878096|0.490470|0.470843|1.041686|1.089424|0.000000|0.595763|0.533380|0.411765|0.488920|1.218530|1.083787|0.000000|15.000000|nan|0.000000|0.427073|1.000000|0.344935|5.000000
TW075|2020-11-01|0.465328|0.443392|0.938745|1.049474|1.679957|4.909181|6.000000|0.681064|0.783427|0.997509|1.524854|0.855728|0.433936|0.422754|1.098673|1.063741|0.000000|0.519029|0.458746|0.354737|0.443392|1.170586|1.080284|0.000000|9.000000|nan|0.000000|0.530146|1.000000|0.381648|5.000000
TW125|2009-11-01|0.392344|0.696961|0.712242|0.562935|1.644697|5.045494|5.000000|0.684619|1.094933|1.316196|1.546428|0.909633|0.474495|0.484255|0.906097|0.862450|0.103030|0.542189|0.314723|-0.053789|0.484255|0.986818|0.942277|0.021277|141.000000|0.544716|81.000000|0.409879|0.812500|-0.307224|16.000000
TW125|2010-05-01|0.414817|0.700265|0.746344|0.592371|1.674626|5.087304|5.000000|0.681253|1.090182|1.301692|1.548970|0.905298|0.479253|0.483785|0.914984|0.887881|0.081761|0.597716|0.407490|-0.052271|0.483785|1.241862|1.102783|0.014815|135.000000|0.559070|75.000000|0.414523|0.800000|-0.290068|15.000000
TW125|2010-11-01|0.370101|0.638706|0.692240|0.579454|1.647174|4.944171|5.000000|0.669599|0.924487|1.073045|1.501506|0.828178|0.473016|0.483567|0.957115|0.952289|0.091503|0.596341|0.373393|-0.079305|0.483567|1.233212|1.089729|0.054264|129.000000|0.536991|69.000000|0.414623|0.733333|-0.234983|15.000000
TW125|2011-05-01|0.382441|0.638609|0.725617|0.598866|1.601383|5.067207|5.000000|0.662465|0.960517|1.117423|1.488448|0.787643|0.469257|0.456300|0.981652|0.915892|0.061224|0.589625|0.390768|0.024936|0.482670|1.221590|1.052808|0.000000|123.000000|0.523382|63.000000|0.400727|0.785714|-0.273385|14.000000
TW125|2011-11-01|0.417212|0.638666|0.788067|0.653256|1.649307|5.012651|5.000000|0.663401|0.967008|1.129049|1.496825|0.789474|0.502077|0.449981|1.036294|0.999368|0.021277|0.624156|0.425697|0.127550|0.482005|1.303626|1.115923|0.000000|117.000000|0.535769|57.000000|0.413776|0.785714|-0.232806|14.000000
TW125|2012-05-01|0.424973|0.652102|0.778056|0.651696|1.693931|5.172672|5.000000|0.673021|0.829850|1.090220|1.544879|0.840621|0.499252|0.484435|1.010793|0.971303|0.014815|0.622657|0.430289|0.226532|0.485178|1.285328|1.115527|0.000000|111.000000|0.557576|51.000000|0.417590|0.846154|-0.364483|13.000000
TW125|2012-11-01|0.493022|0.651599|0.892363|0.756633|1.715518|5.193437|5.000000|0.689797|0.857751|1.086353|1.549484|0.918702|0.513738|0.485407|1.051910|1.042740|0.000000|0.649955|0.456262|0.233739|0.485407|1.338991|1.168104|0.000000|105.000000|0.585596|45.000000|0.414615|0.923077|-0.366541|13.000000
TW125|2013-05-01|0.461676|0.669961|0.826564|0.689109|1.734092|4.333733|5.000000|0.658820|0.788774|1.139104|1.542286|0.870102|0.498665|0.477757|1.026614|1.013241|0.000000|0.591111|0.456860|0.224397|0.492482|1.230402|1.085646|0.000000|99.000000|0.555068|39.000000|0.412986|0.916667|-0.398790|12.000000
TW125|2013-11-01|0.506388|0.690761|0.892123|0.733087|1.732796|5.089946|5.000000|0.656930|0.804872|1.224168|1.508297|0.838462|0.548815|0.487062|1.063298|1.078746|0.000000|0.652204|0.507069|0.232152|0.487772|1.350757|1.200590|0.000000|93.000000|0.585676|33.000000|0.403576|0.833333|-0.283551|12.000000
TW125|2014-05-01|0.543918|0.634113|1.007497|0.857762|1.690569|4.955445|5.000000|0.641400|0.781043|1.068854|1.473097|0.733155|0.579551|0.452698|1.203154|1.183722|0.000000|0.669722|0.552065|0.265423|0.481594|1.392872|1.259681|0.000000|87.000000|0.589101|27.000000|0.417400|0.818182|-0.238462|11.000000
TW125|2014-11-01|0.491118|0.686760|0.906928|0.715123|1.671002|5.155395|5.000000|0.651870|0.828696|1.257876|1.468071|0.777391|0.499394|0.468437|1.079840|1.090714|0.000000|0.656733|0.580622|0.154412|0.482630|1.386918|1.222770|0.000000|81.000000|0.527469|21.000000|0.413271|0.818182|-0.289445|11.000000
TW125|2015-05-01|0.460815|0.609794|0.900192|0.755689|1.621815|5.068888|5.000000|0.672266|0.781865|0.879517|1.493444|0.878031|0.557507|0.451669|1.390566|1.232961|0.000000|0.738443|0.665094|0.172729|0.483825|1.543555|1.327594|0.000000|75.000000|0.583578|15.000000|0.502535|0.800000|-0.247843|10.000000
TW125|2015-11-01|0.522475|0.484106|1.040413|1.079256|1.669015|5.392050|6.000000|0.674710|0.785760|0.880165|1.495905|0.855243|0.579853|0.431032|1.463267|1.239354|0.000000|0.745444|0.671999|0.385302|0.484106|1.568687|1.356076|0.000000|69.000000|0.633957|9.000000|0.475840|0.800000|-0.247572|10.000000
TW125|2016-05-01|0.554948|0.479411|1.099748|1.157561|1.689193|4.188136|6.000000|0.619880|0.732553|0.861443|1.509086|0.677561|0.598454|0.454494|1.330367|1.133611|0.000000|0.664347|0.569934|0.341279|0.479411|1.385756|1.152000|0.000000|63.000000|0.541378|3.000000|0.441564|0.888889|-0.151889|9.000000
TW125|2016-11-01|0.537392|0.501575|1.051053|1.071408|1.689088|5.742820|6.000000|0.629927|0.746890|0.891872|1.440036|0.685930|0.563522|0.482855|1.246086|1.168959|0.000000|0.670657|0.606123|0.373897|0.501575|1.337901|1.209303|0.000000|57.000000|nan|0.000000|0.418165|0.888889|-0.275972|9.000000
TW125|2017-05-01|0.561292|0.482659|1.093120|1.162916|1.690432|5.162928|5.000000|0.636735|0.736583|0.864167|1.468432|0.740626|0.620529|0.476889|1.334982|1.266572|0.000000|0.678776|0.640333|0.402286|0.482659|1.406325|1.246281|0.000000|51.000000|nan|0.000000|0.414269|0.875000|-0.327832|8.000000
TW125|2017-11-01|0.503505|0.480154|0.956659|1.048632|1.664132|5.103582|5.000000|0.671121|0.760026|0.903657|1.506687|0.934671|0.671024|0.451915|1.471091|1.276505|0.000000|0.653059|0.616750|0.401799|0.480154|1.360105|1.232115|0.000000|45.000000|nan|0.000000|0.416922|0.875000|-0.238979|8.000000
TW125|2018-05-01|0.483952|0.482837|0.918417|1.002309|1.605650|5.142732|5.000000|0.656982|0.737735|0.854040|1.461716|0.856365|0.769178|0.482837|1.615510|1.421079|0.000000|0.698384|0.639336|0.411494|0.482837|1.446417|1.319949|0.000000|39.000000|nan|0.000000|0.536657|1.000000|0.414914|7.000000
TW125|2018-11-01|0.620309|0.482948|1.178083|1.284423|1.650017|5.123977|6.000000|0.659018|0.752678|0.866448|1.473713|0.872689|0.769027|0.482948|1.592359|1.402396|0.000000|0.708389|0.651254|0.400412|0.482948|1.466801|1.312419|0.000000|33.000000|nan|0.000000|0.547899|1.000000|0.365915|7.000000
TW125|2019-05-01|0.264035|0.477887|0.496505|0.552505|1.629511|5.225642|6.000000|0.634256|0.703354|0.862531|1.441785|0.809795|0.319084|0.477887|0.703870|0.618878|0.000000|0.332703|0.275825|0.194071|0.477887|0.696196|0.619131|0.000000|27.000000|nan|0.000000|0.367030|0.833333|-0.198778|6.000000
TW125|2019-11-01|0.374893|0.487079|0.709718|0.769676|1.682464|4.564842|6.000000|0.629021|0.772776|0.848564|1.439554|0.762681|0.421037|0.438280|0.896656|0.798954|0.000000|0.394402|0.367765|0.320218|0.487079|0.809728|0.776964|0.000000|21.000000|nan|0.000000|0.300325|1.000000|0.056880|6.000000
TW125|2020-05-01|0.601833|0.488470|1.124536|1.232078|1.682627|5.206817|6.000000|0.653061|0.733553|0.789860|1.502202|0.913299|0.548696|0.447361|1.226517|1.145191|0.000000|0.623043|0.561384|0.439607|0.488470|1.275498|1.151859|0.000000|15.000000|nan|0.000000|0.454616|1.000000|0.413371|5.000000
TW125|2020-11-01|0.439242|0.436862|0.911199|1.005448|1.681443|4.319302|6.000000|0.672012|0.793225|0.947613|1.492594|0.787129|0.452148|0.419836|1.114970|1.079354|0.000000|0.473792|0.411128|0.335602|0.436862|1.084535|1.029731|0.000000|9.000000|nan|0.000000|0.455060|1.000000|0.213155|5.000000
TW000S|2009-11-01|0.378879|0.653790|0.729415|0.579512|1.596992|5.409147|5.000000|0.639516|0.867344|1.110696|1.462311|0.750062|0.487666|0.467027|1.041327|0.953171|0.127273|0.570152|0.382896|-0.066461|0.467027|1.058562|1.056734|0.028369|141.000000|0.541037|81.000000|0.344349|0.812500|-0.274966|16.000000
TW000S|2010-05-01|0.386714|0.646093|0.740913|0.598542|1.629124|5.345399|5.000000|0.650247|0.867089|1.088371|1.455477|0.787103|0.492632|0.463816|1.038962|0.957685|0.094340|0.574826|0.439366|-0.069563|0.463816|1.149281|1.049902|0.029630|135.000000|0.541909|75.000000|0.356998|0.800000|-0.274842|15.000000
TW000S|2010-11-01|0.365343|0.661830|0.687695|0.552020|1.653149|5.430399|5.000000|0.659596|0.857472|1.133246|1.466200|0.796985|0.497627|0.466968|1.049922|0.987611|0.071895|0.573602|0.434376|-0.073745|0.466968|1.197371|1.077073|0.038760|129.000000|0.540818|69.000000|0.367683|0.800000|-0.285090|15.000000
TW000S|2011-05-01|0.399689|0.655185|0.767522|0.610041|1.599878|5.292317|5.000000|0.644060|0.845074|1.114810|1.460096|0.733649|0.523325|0.441155|1.165807|1.019331|0.020408|0.602236|0.455274|0.035404|0.466998|1.294828|1.100395|0.000000|123.000000|0.553481|63.000000|0.355500|0.785714|-0.168643|14.000000
TW000S|2011-11-01|0.432079|0.645271|0.832382|0.669608|1.639427|5.359699|6.000000|0.653042|0.841834|1.074867|1.467459|0.780186|0.526758|0.441191|1.176464|1.057270|0.000000|0.610813|0.490923|0.158016|0.467052|1.324381|1.138666|0.000000|117.000000|0.568818|57.000000|0.376578|0.785714|-0.150425|14.000000
TW000S|2012-05-01|0.441899|0.648693|0.834019|0.681214|1.670420|5.380787|5.000000|0.642186|0.815045|1.097737|1.473263|0.741945|0.551955|0.466547|1.228943|1.088911|0.014815|0.606840|0.519893|0.229652|0.466547|1.306464|1.129863|0.000000|111.000000|0.568560|51.000000|0.378273|0.769231|-0.160942|13.000000
TW000S|2012-11-01|0.483143|0.639255|0.917515|0.755791|1.688855|5.212715|6.000000|0.646603|0.779465|1.071302|1.459138|0.779929|0.564988|0.464444|1.230772|1.115340|0.000000|0.604147|0.530398|0.341731|0.464444|1.305021|1.149784|0.000000|105.000000|0.572338|45.000000|0.367988|0.846154|-0.145556|13.000000
TW000S|2013-05-01|0.472641|0.646531|0.876436|0.731043|1.690329|5.387547|6.000000|0.643257|0.769449|1.088021|1.441038|0.780932|0.605478|0.440254|1.346515|1.154440|0.000000|0.641128|0.535729|0.335887|0.473004|1.361837|1.153103|0.000000|99.000000|0.592830|39.000000|0.371907|0.833333|-0.162112|12.000000
TW000S|2013-11-01|0.513284|0.646464|0.943108|0.793988|1.694136|5.441242|5.000000|0.647716|0.774056|1.088692|1.451355|0.738782|0.623456|0.440125|1.500600|1.259777|0.000000|0.656194|0.578051|0.318104|0.465482|1.411401|1.195713|0.000000|93.000000|0.618724|33.000000|0.381265|0.833333|-0.162075|12.000000
TW000S|2014-05-01|0.496094|0.728907|0.859387|0.680600|1.733977|5.742668|6.000000|0.662977|0.788531|1.453120|1.471806|0.850567|0.484448|0.464110|1.079627|1.069119|0.000000|0.659516|0.512448|0.148259|0.472773|1.403670|1.184201|0.000000|87.000000|0.524036|27.000000|0.397029|0.818182|-0.255045|11.000000
TW000S|2014-11-01|0.413249|0.673774|0.753807|0.613335|1.673416|5.464227|6.000000|0.651403|0.764113|1.203021|1.442877|0.757565|0.452077|0.470562|0.991398|0.993187|0.000000|0.535200|0.471921|0.106314|0.489752|1.099039|0.978404|0.000000|81.000000|0.458156|21.000000|0.307361|0.818182|-0.266372|11.000000
TW000S|2015-05-01|0.408661|0.597296|0.828743|0.684185|1.612996|5.574004|6.000000|0.620574|0.697802|0.806632|1.433755|0.685565|0.562976|0.433410|1.307479|1.196353|0.000000|0.583647|0.531351|0.225847|0.450056|1.300943|1.178575|0.000000|75.000000|0.530146|15.000000|0.372382|0.800000|-0.182519|10.000000
TW000S|2015-11-01|0.487535|0.465586|0.985164|1.047141|1.661083|5.240110|6.000000|0.630308|0.696174|0.816609|1.384928|0.719605|0.583935|0.443057|1.398837|1.293749|0.000000|0.632429|0.576867|0.375076|0.465586|1.371724|1.241846|0.000000|69.000000|0.607151|9.000000|0.381486|0.800000|-0.183669|10.000000
TW000S|2016-05-01|0.564622|0.459630|1.144981|1.228426|1.677736|5.098044|6.000000|0.642433|0.731189|0.829508|1.441010|0.803906|0.584961|0.419651|1.424163|1.237319|0.000000|0.637435|0.597749|0.383962|0.459630|1.386841|1.260738|0.000000|63.000000|0.569369|3.000000|0.383781|0.888889|-0.139077|9.000000
TW000S|2016-11-01|0.562048|0.499578|1.108251|1.125046|1.681661|5.616139|6.000000|0.661934|0.752228|0.855462|1.421381|0.855109|0.599973|0.465070|1.378267|1.319880|0.000000|0.706042|0.671246|0.388962|0.499578|1.466119|1.324633|0.000000|57.000000|nan|0.000000|0.459313|0.888889|-0.195788|9.000000
TW000S|2017-05-01|0.490136|0.493669|0.976705|0.992844|1.686344|5.347103|6.000000|0.627141|0.700616|0.797302|1.409014|0.670931|0.539489|0.454688|1.292867|1.193448|0.000000|0.576128|0.536656|0.359744|0.473320|1.232177|1.142087|0.000000|51.000000|nan|0.000000|0.367480|0.875000|-0.314217|8.000000
TW000S|2017-11-01|0.481140|0.467021|0.928892|1.030232|1.641398|5.111419|6.000000|0.643890|0.713381|0.801331|1.437170|0.764816|0.625478|0.444252|1.482817|1.295447|0.000000|0.617193|0.566446|0.377242|0.467021|1.321554|1.201925|0.000000|45.000000|nan|0.000000|0.397077|0.875000|-0.180395|8.000000
TW000S|2018-05-01|0.441016|0.467786|0.857834|0.942774|1.601089|5.391164|6.000000|0.643089|0.699149|0.777017|1.429595|0.758603|0.715682|0.460264|1.565078|1.340913|0.000000|0.636768|0.572195|0.376169|0.467786|1.373902|1.283166|0.000000|39.000000|nan|0.000000|0.415048|1.000000|0.230793|7.000000
TW000S|2018-11-01|0.587780|0.471870|1.139864|1.245640|1.643918|5.443846|6.000000|0.636191|0.688361|0.819997|1.436972|0.820649|0.747614|0.466089|1.604014|1.430106|0.000000|0.684044|0.639434|0.394172|0.466089|1.467625|1.358340|0.000000|33.000000|nan|0.000000|0.468212|1.000000|0.235120|7.000000
TW000S|2019-05-01|0.357216|0.488930|0.697027|0.730607|1.616252|5.700837|6.000000|0.642905|0.712380|0.820716|1.442921|0.838286|0.484128|0.457809|1.125998|1.074770|0.000000|0.471566|0.416865|0.322185|0.457809|0.977065|0.935941|0.000000|27.000000|nan|0.000000|0.363566|0.833333|-0.241513|6.000000
TW000S|2019-11-01|0.421994|0.459749|0.815288|0.917880|1.667877|5.475329|6.000000|0.643901|0.711787|0.794190|1.451827|0.812802|0.515382|0.446706|1.187811|1.107650|0.000000|0.493106|0.429094|0.358292|0.459749|1.072555|1.012313|0.000000|21.000000|nan|0.000000|0.376496|0.833333|-0.146758|6.000000
TW000S|2020-05-01|0.557350|0.462490|1.081297|1.205106|1.680683|5.491800|7.000000|0.639995|0.687128|0.805272|1.409593|0.823990|0.538244|0.409030|1.315904|1.221160|0.000000|0.636058|0.554367|0.412890|0.462490|1.375289|1.265844|0.000000|15.000000|nan|0.000000|0.482590|1.000000|0.371056|5.000000
TW000S|2020-11-01|0.575683|0.442828|1.183847|1.300014|1.667718|5.987583|6.000000|0.642776|0.705367|0.924228|1.390061|0.762376|0.542457|0.375923|1.443002|1.402811|0.000000|0.684951|0.617435|0.404042|0.394827|1.734812|1.447079|0.000000|9.000000|nan|0.000000|0.678024|1.000000|0.395307|5.000000
#EX5|2011-11-01|000933,002128,601225,002466,600938
EX5:BASE|2009-11-01|0.347752|0.628982|0.702978|0.552880|1.632845|5.658224|5.000000|0.654724|0.952443|1.212503|1.517923|0.837388|0.354812|0.514574|0.837847|0.759189|0.072727|0.383245|0.291315|0.000013|0.543134|0.782074|0.824499|0.000000|141.000000|0.387266|81.000000|0.266785|0.875000|-0.411825|16.000000
EX5:BASE|2010-05-01|0.367475|0.629058|0.731907|0.584166|1.665657|6.713924|5.000000|0.665521|0.966296|1.224207|1.526237|0.853340|0.360015|0.511578|0.849503|0.771029|0.069182|0.387985|0.293277|-0.010486|0.535992|0.778736|0.828902|0.007407|135.000000|0.387227|75.000000|0.280258|0.866667|-0.402684|15.000000
EX5:BASE|2010-11-01|0.282452|0.635817|0.555561|0.444235|1.657009|6.239864|5.000000|0.667206|0.930167|1.071559|1.534187|0.829478|0.301523|0.467790|0.672835|0.627304|0.091503|0.324008|0.258618|-0.078477|0.552239|0.593349|0.623429|0.046512|129.000000|0.298081|69.000000|0.274466|0.666667|-0.425953|15.000000
EX5:BASE|2011-05-01|0.257829|0.636231|0.520043|0.405245|1.607569|4.444482|5.000000|0.655144|0.948074|1.085885|1.513952|0.799054|0.301303|0.436467|0.655841|0.617276|0.047619|0.312838|0.249285|0.032167|0.555538|0.594438|0.615316|0.000000|123.000000|0.301469|63.000000|0.301813|0.714286|-0.430865|14.000000
EX5:BASE|2011-11-01|0.312401|0.636306|0.627885|0.490961|1.658535|5.371549|6.000000|0.651663|0.949534|1.087902|1.542129|0.776245|0.309213|0.436697|0.702457|0.657058|0.007092|0.330245|0.284261|0.138943|0.532886|0.633513|0.636867|0.000000|117.000000|0.307113|57.000000|0.297393|0.714286|-0.398004|14.000000
EX5:BASE|2012-05-01|0.374053|0.635055|0.750202|0.589009|1.687973|5.831094|6.000000|0.632539|0.826819|1.048027|1.529801|0.724108|0.402229|0.461952|0.937894|0.793645|0.000000|0.425881|0.323120|0.243317|0.496161|0.860998|0.825450|0.000000|111.000000|0.412170|51.000000|0.340166|0.846154|-0.393783|13.000000
EX5:BASE|2012-11-01|0.448959|0.637272|0.889430|0.704502|1.712728|5.497816|6.000000|0.652669|0.847117|1.056338|1.539123|0.795116|0.408298|0.458802|0.970578|0.809218|0.000000|0.438248|0.336690|0.249277|0.496297|0.864742|0.831816|0.000000|105.000000|0.432638|45.000000|0.395396|0.923077|-0.393825|13.000000
EX5:BASE|2013-05-01|0.421393|0.638464|0.850093|0.660011|1.709562|5.463195|6.000000|0.637332|0.815370|1.045707|1.521517|0.737118|0.411251|0.374515|0.955581|0.819855|0.000000|0.413564|0.318530|0.239657|0.498961|0.891671|0.832645|0.000000|99.000000|0.427624|39.000000|0.340828|0.916667|-0.395900|12.000000
EX5:BASE|2013-11-01|0.459563|0.628528|0.903461|0.731173|1.705309|5.676671|6.000000|0.657288|0.853171|1.050956|1.526346|0.808974|0.408345|0.412379|0.905823|0.830552|0.000000|0.402830|0.338972|0.229074|0.545659|0.864629|0.819801|0.000000|93.000000|0.433218|33.000000|0.401013|0.916667|-0.387628|12.000000
EX5:BASE|2014-05-01|0.464381|0.654258|0.910614|0.709783|1.712155|5.902553|6.000000|0.646645|0.907144|1.089370|1.471915|0.744830|0.385582|0.413074|0.869273|0.779689|0.000000|0.392898|0.310318|0.212292|0.545366|0.839812|0.771848|0.000000|87.000000|0.417399|27.000000|0.383936|0.818182|-0.388682|11.000000
EX5:BASE|2014-11-01|0.532444|0.681500|1.071069|0.781283|1.702139|5.462345|5.000000|0.619373|0.841247|1.181243|1.533107|0.596522|0.513022|0.349432|1.233218|0.993463|0.000000|0.434017|0.366946|0.270264|0.454503|1.177161|0.976878|0.000000|81.000000|0.506599|21.000000|0.404916|0.727273|-0.186493|11.000000
EX5:BASE|2015-05-01|0.319991|0.602592|0.701928|0.531025|1.627881|5.553339|5.000000|0.634619|0.770287|0.930757|1.525806|0.667288|0.332124|0.349767|0.834314|0.716727|0.000000|0.346742|0.295596|0.167314|0.426794|0.853649|0.739602|0.000000|75.000000|0.343653|15.000000|0.309950|0.700000|-0.399078|10.000000
EX5:BASE|2015-11-01|0.386747|0.496661|0.853088|0.778693|1.676012|5.932794|5.000000|0.643778|0.778250|0.954904|1.540768|0.759119|0.351104|0.358485|0.831218|0.705759|0.000000|0.336932|0.290929|0.208602|0.358485|0.852127|0.729922|0.000000|69.000000|0.468897|9.000000|0.302905|0.700000|-0.400229|10.000000
EX5:BASE|2016-05-01|0.472916|0.430173|1.082359|1.099363|1.684192|5.743661|6.000000|0.632134|0.835684|1.015302|1.444917|0.697888|0.362065|0.364186|0.975371|0.744061|0.000000|0.303642|0.261498|0.190997|0.364186|0.814222|0.658099|0.000000|63.000000|0.452533|3.000000|0.376616|0.777778|-0.237466|9.000000
EX5:BASE|2016-11-01|0.434864|0.507866|1.004125|0.856258|1.690608|5.593209|6.000000|0.623146|0.846383|1.052781|1.389470|0.641960|0.329112|0.360258|0.820267|0.694185|0.000000|0.314362|0.280607|0.202299|0.407989|0.748136|0.703374|0.000000|57.000000|nan|0.000000|0.319290|0.777778|-0.368943|9.000000
EX5:BASE|2017-05-01|0.437329|0.472780|0.971054|0.925016|1.691396|5.742926|6.000000|0.609882|0.732590|0.972432|1.407910|0.579621|0.341813|0.355771|0.841775|0.704080|0.000000|0.321979|0.283105|0.216897|0.400948|0.827470|0.720353|0.000000|51.000000|nan|0.000000|0.331942|0.750000|-0.327197|8.000000
EX5:BASE|2017-11-01|0.332811|0.436817|0.734502|0.761900|1.669080|4.792030|6.000000|0.647238|0.817800|1.003393|1.476377|0.684554|0.305018|0.366269|0.942343|0.690748|0.000000|0.296711|0.256590|0.215560|0.366269|0.810091|0.671796|0.000000|45.000000|nan|0.000000|0.273565|0.750000|-0.243135|8.000000
EX5:BASE|2018-05-01|0.373426|0.424809|0.836058|0.879043|1.608722|5.543694|5.000000|0.624804|0.753714|0.942882|1.404021|0.627178|0.337686|0.319985|0.968960|0.761372|0.000000|0.364060|0.327282|0.208755|0.424809|0.942729|0.859204|0.000000|39.000000|nan|0.000000|0.372001|0.857143|-0.022728|7.000000
EX5:BASE|2018-11-01|0.508873|0.425002|1.144927|1.197341|1.658586|5.759780|5.000000|0.624198|0.764805|0.967119|1.410388|0.643951|0.379288|0.342205|1.131313|0.880821|0.000000|0.402926|0.380193|0.307831|0.342205|1.044225|0.940904|0.000000|33.000000|nan|0.000000|0.426240|1.000000|0.082588|7.000000
EX5:BASE|2019-05-01|0.314629|0.379738|0.743902|0.828543|1.596406|6.604526|6.000000|0.621377|0.821507|0.970834|1.379961|0.642369|0.233528|0.327217|0.811344|0.665778|0.000000|0.257792|0.202264|0.157336|0.354671|0.699512|0.619023|0.000000|27.000000|nan|0.000000|0.212416|0.833333|-0.102985|6.000000
EX5:BASE|2019-11-01|0.374323|0.352309|0.874048|1.062484|1.652291|6.383263|6.000000|0.617170|0.836107|0.973644|1.373414|0.609300|0.267618|0.327362|1.139258|0.759540|0.000000|0.278298|0.244049|0.184410|0.352309|0.789924|0.696187|0.000000|21.000000|nan|0.000000|0.212296|0.833333|-0.008010|6.000000
EX5:BASE|2020-05-01|0.499603|0.331243|1.256894|1.508268|1.651644|7.168892|6.000000|0.624569|0.774363|0.967430|1.382001|0.629726|0.300685|0.226230|1.148347|0.827335|0.000000|0.369034|0.346972|0.301669|0.327091|1.128230|0.984537|0.000000|15.000000|nan|0.000000|0.295531|1.000000|0.065529|5.000000
EX5:BASE|2020-11-01|0.410022|0.317743|1.050689|1.290420|1.646797|6.959956|6.000000|0.622646|0.815600|0.931298|1.387269|0.629420|0.373513|0.205984|1.686330|1.091627|0.000000|0.514225|0.477892|0.286098|0.290535|1.731939|1.346349|0.000000|9.000000|nan|0.000000|0.329255|0.800000|-0.033008|5.000000
EX5:TW000|2009-11-01|0.330678|0.639431|0.683504|0.517144|1.615634|5.438403|5.000000|0.647757|0.861762|1.066400|1.503742|0.782328|0.386574|0.458512|0.996477|0.853616|0.115152|0.394758|0.311188|-0.042246|0.458512|0.871427|0.851379|0.007092|141.000000|0.427971|81.000000|0.317142|0.750000|-0.277351|16.000000
EX5:TW000|2010-05-01|0.347323|0.644084|0.718610|0.539251|1.640675|6.288212|5.000000|0.653554|0.861638|1.067552|1.490923|0.773286|0.401241|0.455690|1.003418|0.904068|0.094340|0.397497|0.323931|-0.043117|0.464447|0.869450|0.893970|0.007407|135.000000|0.429635|75.000000|0.303585|0.800000|-0.277183|15.000000
EX5:TW000|2010-11-01|0.356587|0.643065|0.742601|0.554512|1.653116|5.559107|5.000000|0.646509|0.860327|1.038331|1.509789|0.706265|0.443512|0.437636|1.167631|0.976522|0.071895|0.440079|0.389875|-0.060881|0.458396|0.936906|0.989792|0.023256|129.000000|0.446803|69.000000|0.369996|0.800000|-0.285090|15.000000
EX5:TW000|2011-05-01|0.351180|0.637727|0.745639|0.550675|1.592039|5.487063|5.000000|0.644449|0.855934|1.034378|1.484985|0.749791|0.427861|0.426917|1.081720|0.885934|0.013605|0.416451|0.355432|0.052204|0.458427|0.902726|0.891011|0.000000|123.000000|0.434896|63.000000|0.381807|0.785714|-0.207360|14.000000
EX5:TW000|2011-11-01|0.417393|0.638362|0.871839|0.653851|1.638512|6.337925|5.000000|0.647474|0.858437|1.033678|1.500081|0.753448|0.449093|0.426656|1.089468|0.897246|0.000000|0.450290|0.379925|0.182586|0.458533|0.947399|0.942960|0.000000|117.000000|0.443746|57.000000|0.384449|0.785714|-0.207462|14.000000
EX5:TW000|2012-05-01|0.407192|0.639062|0.848310|0.637171|1.658282|7.140216|5.000000|0.641485|0.842686|1.038679|1.479481|0.756041|0.477956|0.458567|1.177309|0.980588|0.000000|0.438877|0.383487|0.241292|0.464357|1.014875|0.987781|0.000000|111.000000|0.458314|51.000000|0.351918|0.846154|-0.223323|13.000000
EX5:TW000|2012-11-01|0.483024|0.638720|1.022566|0.756238|1.690881|6.867242|5.000000|0.633069|0.789929|1.036638|1.479288|0.695950|0.512041|0.434192|1.347883|1.093142|0.000000|0.475912|0.423758|0.350814|0.464356|1.148908|1.085916|0.000000|105.000000|0.487305|45.000000|0.355656|0.846154|-0.221130|13.000000
EX5:TW000|2013-05-01|0.366008|0.634118|0.764939|0.577192|1.683728|5.490535|5.000000|0.630244|0.764651|1.001735|1.465920|0.703487|0.404546|0.399254|0.973139|0.846351|0.000000|0.376810|0.337386|0.221258|0.464189|0.907555|0.851675|0.000000|99.000000|0.396264|39.000000|0.258146|0.916667|-0.263330|12.000000
EX5:TW000|2013-11-01|0.397343|0.635943|0.815928|0.624810|1.685675|6.784776|6.000000|0.632713|0.770246|0.991911|1.444981|0.688782|0.427115|0.399172|1.036624|0.860777|0.000000|0.399514|0.346170|0.201382|0.450387|0.949054|0.882673|0.000000|93.000000|0.416620|33.000000|0.306289|0.916667|-0.241569|12.000000
EX5:TW000|2014-05-01|0.525129|0.660255|1.067245|0.795343|1.698443|6.938860|5.000000|0.638527|0.844486|1.150955|1.501652|0.753502|0.529347|0.384136|1.166685|1.004458|0.000000|0.448624|0.377995|0.299751|0.464419|1.085492|0.969068|0.000000|87.000000|0.480455|27.000000|0.382011|0.727273|-0.222651|11.000000
EX5:TW000|2014-11-01|0.441527|0.726979|0.907585|0.607345|1.667257|6.537728|5.000000|0.626989|0.846297|1.405755|1.484841|0.691130|0.445729|0.392422|1.330063|0.995808|0.000000|0.400475|0.368514|0.225910|0.392422|1.190014|1.021242|0.000000|81.000000|0.457216|21.000000|0.267022|0.818182|-0.284691|11.000000
EX5:TW000|2015-05-01|0.403942|0.600033|0.915355|0.673200|1.608614|6.597515|5.000000|0.622051|0.730773|0.955039|1.458088|0.703096|0.430095|0.391522|1.093663|0.922735|0.000000|0.426462|0.358759|0.245906|0.485562|1.010975|0.960866|0.000000|75.000000|0.427591|15.000000|0.371109|0.800000|-0.234041|10.000000
EX5:TW000|2015-11-01|0.450220|0.485827|1.039579|0.926709|1.657474|6.213209|5.000000|0.625060|0.734710|0.955845|1.447045|0.721125|0.441271|0.391443|1.107568|0.929909|0.000000|0.408554|0.358854|0.292398|0.394278|1.026957|0.968712|0.000000|69.000000|0.543440|9.000000|0.372878|0.800000|-0.234337|10.000000
EX5:TW000|2016-05-01|0.484910|0.415771|1.189921|1.166292|1.649886|6.387642|5.000000|0.635495|0.770559|0.891252|1.478392|0.741331|0.457320|0.378333|1.299927|1.005400|0.000000|0.385521|0.355540|0.285798|0.378333|1.138711|0.984210|0.000000|63.000000|0.479242|3.000000|0.381717|0.888889|-0.190291|9.000000
EX5:TW000|2016-11-01|0.458580|0.430261|1.104865|1.065818|1.672850|6.632771|6.000000|0.634868|0.775522|0.909331|1.456920|0.720687|0.410133|0.336449|1.183480|0.929601|0.000000|0.360890|0.341483|0.271990|0.368095|0.978532|0.870163|0.000000|57.000000|nan|0.000000|0.267308|0.888889|-0.224583|9.000000
EX5:TW000|2017-05-01|0.484780|0.508079|1.112576|0.954143|1.686463|6.826649|5.000000|0.613949|0.735483|0.926784|1.454448|0.607852|0.428610|0.331537|1.133978|0.927202|0.000000|0.390869|0.365740|0.301076|0.392780|1.047783|0.940926|0.000000|51.000000|nan|0.000000|0.298035|0.875000|-0.327025|8.000000
EX5:TW000|2017-11-01|0.461792|0.376293|1.100486|1.227214|1.638456|5.441732|5.000000|0.618001|0.732227|0.845392|1.500252|0.608026|0.430988|0.249772|1.419659|1.041083|0.000000|0.416311|0.387752|0.337251|0.376293|1.253485|1.066410|0.000000|45.000000|nan|0.000000|0.371679|0.875000|-0.168769|8.000000
EX5:TW000|2018-05-01|0.360902|0.410444|0.853997|0.879297|1.576296|6.016196|5.000000|0.624661|0.739448|0.926679|1.445524|0.683709|0.383655|0.327700|1.086924|0.906403|0.000000|0.380855|0.352584|0.273000|0.410444|1.006585|0.915285|0.000000|39.000000|nan|0.000000|0.330923|1.000000|0.156626|7.000000
EX5:TW000|2018-11-01|0.485276|0.410312|1.173869|1.182701|1.642819|6.024154|6.000000|0.620204|0.729971|0.854460|1.395919|0.631719|0.368174|0.293683|1.157609|0.926330|0.000000|0.388518|0.352415|0.296513|0.301578|1.055852|0.976287|0.000000|33.000000|nan|0.000000|0.261158|1.000000|0.208590|7.000000
EX5:TW000|2019-05-01|0.309665|0.350265|0.799185|0.884087|1.587796|7.156460|6.000000|0.614593|0.797321|0.957746|1.443605|0.632000|0.261769|0.284926|0.994084|0.770568|0.000000|0.286383|0.227130|0.200623|0.350265|0.817617|0.772681|0.000000|27.000000|nan|0.000000|0.286956|0.833333|-0.073703|6.000000
EX5:TW000|2019-11-01|0.397936|0.358543|0.992771|1.109868|1.641870|6.869239|6.000000|0.616085|0.807559|0.962751|1.362417|0.642512|0.280885|0.284668|1.205237|0.903491|0.000000|0.329955|0.268140|0.208900|0.358543|0.920266|0.886819|0.000000|21.000000|nan|0.000000|0.301641|0.833333|-0.065334|6.000000
EX5:TW000|2020-05-01|0.413650|0.327136|1.120368|1.264457|1.643359|6.962198|7.000000|0.617776|0.768651|0.957677|1.361786|0.623859|0.299014|0.213576|1.400038|0.936367|0.000000|0.355649|0.327540|0.287445|0.327136|1.087158|0.970564|0.000000|15.000000|nan|0.000000|0.272348|1.000000|0.077055|5.000000
EX5:TW000|2020-11-01|0.389031|0.300839|1.075308|1.293152|1.626853|6.998339|6.000000|0.614557|0.788626|0.920870|1.266183|0.618812|0.392149|0.210669|1.827601|1.299131|0.000000|0.458323|0.417309|0.306128|0.281859|1.626075|1.290325|0.000000|9.000000|nan|0.000000|0.347339|1.000000|0.024530|5.000000
EX5:TW025|2009-11-01|0.336568|0.637987|0.684164|0.527546|1.633256|5.079472|5.000000|0.650057|0.917758|1.152735|1.540851|0.741375|0.357986|0.464088|0.874964|0.743259|0.090909|0.385677|0.281390|-0.041085|0.464088|0.793405|0.769643|0.007092|141.000000|0.391463|81.000000|0.244174|0.750000|-0.264067|16.000000
EX5:TW025|2010-05-01|0.380760|0.638025|0.769753|0.596779|1.664018|5.029094|5.000000|0.655461|0.923535|1.151231|1.558508|0.760491|0.378883|0.455497|0.967875|0.829346|0.069182|0.406724|0.323842|-0.041496|0.464108|0.840236|0.818244|0.007407|135.000000|0.406809|75.000000|0.277862|0.800000|-0.264115|15.000000
EX5:TW025|2010-11-01|0.314132|0.623904|0.631046|0.503494|1.659732|4.866649|5.000000|0.671982|0.888809|1.050629|1.576737|0.757733|0.360422|0.453407|0.864648|0.738916|0.084967|0.388263|0.294811|-0.074337|0.464187|0.820426|0.751515|0.038760|129.000000|0.383237|69.000000|0.219399|0.666667|-0.272046|15.000000
EX5:TW025|2011-05-01|0.373736|0.624006|0.775479|0.598931|1.604372|5.399713|5.000000|0.657470|0.892449|1.050952|1.539044|0.720846|0.389422|0.455340|0.930462|0.816231|0.040816|0.426918|0.316973|0.037040|0.463655|0.894380|0.829071|0.000000|123.000000|0.406881|63.000000|0.280246|0.714286|-0.198345|14.000000
EX5:TW025|2011-11-01|0.381516|0.625106|0.789058|0.610322|1.649328|4.913559|5.000000|0.657946|0.887716|1.049281|1.542040|0.719392|0.393669|0.448728|0.963272|0.841279|0.000000|0.422076|0.316841|0.175428|0.463718|0.883807|0.832035|0.000000|117.000000|0.412657|57.000000|0.280138|0.714286|-0.198367|14.000000
EX5:TW025|2012-05-01|0.369619|0.601107|0.752531|0.614897|1.670908|5.552663|5.000000|0.632520|0.816241|0.982539|1.504686|0.664269|0.375823|0.441077|0.892427|0.759541|0.000000|0.372883|0.306271|0.217129|0.464969|0.813002|0.763234|0.000000|111.000000|0.365142|51.000000|0.264776|0.769231|-0.255928|13.000000
EX5:TW025|2012-11-01|0.470509|0.625341|0.951595|0.752403|1.705623|5.941697|5.000000|0.638464|0.819544|0.999219|1.525007|0.671531|0.460968|0.434558|1.033497|0.881990|0.000000|0.450914|0.337254|0.246268|0.464687|0.959614|0.890410|0.000000|105.000000|0.447353|45.000000|0.351243|0.769231|-0.206556|13.000000
EX5:TW025|2013-05-01|0.393909|0.611497|0.793793|0.644171|1.706412|5.290821|5.000000|0.632670|0.776725|0.963162|1.497991|0.696081|0.410899|0.419468|0.925648|0.782075|0.000000|0.382828|0.300926|0.232612|0.476770|0.833917|0.770638|0.000000|99.000000|0.393545|39.000000|0.351709|0.833333|-0.294399|12.000000
EX5:TW025|2013-11-01|0.415177|0.652834|0.818790|0.635961|1.707226|4.860649|5.000000|0.630053|0.829335|1.133423|1.459401|0.674038|0.398002|0.383313|0.889766|0.751176|0.000000|0.367121|0.303464|0.162234|0.485093|0.841190|0.739697|0.000000|93.000000|0.373361|33.000000|0.318428|0.750000|-0.279375|12.000000
EX5:TW025|2014-05-01|0.501232|0.660471|0.996975|0.758902|1.719456|5.197520|5.000000|0.636920|0.842010|1.151452|1.586024|0.676785|0.468700|0.359384|1.047750|0.873002|0.000000|0.436207|0.321815|0.240361|0.464088|0.936185|0.845434|0.000000|87.000000|0.449227|27.000000|0.392020|0.727273|-0.222875|11.000000
EX5:TW025|2014-11-01|0.417340|0.714153|0.838903|0.584384|1.683468|4.999409|5.000000|0.625304|0.836311|1.379655|1.509995|0.625391|0.402547|0.366872|1.092234|0.847929|0.000000|0.351373|0.305523|0.229613|0.385589|0.938755|0.769930|0.000000|81.000000|0.406273|21.000000|0.213957|0.727273|-0.262741|11.000000
EX5:TW025|2015-05-01|0.437562|0.586484|0.975470|0.746077|1.621146|5.700466|5.000000|0.631795|0.750676|0.944708|1.476001|0.743006|0.457521|0.370958|1.151179|0.989129|0.000000|0.457001|0.383130|0.264800|0.501637|1.100128|1.012765|0.000000|75.000000|0.448884|15.000000|0.442820|0.700000|-0.253493|10.000000
EX5:TW025|2015-11-01|0.462955|0.501651|1.058734|0.922861|1.670643|6.204597|5.000000|0.632813|0.753568|0.945759|1.467355|0.740502|0.483760|0.371027|1.147897|0.995906|0.000000|0.425602|0.371799|0.311722|0.413968|1.098427|1.005219|0.000000|69.000000|0.544713|9.000000|0.457901|0.700000|-0.253684|10.000000
EX5:TW025|2016-05-01|0.533560|0.397453|1.233611|1.342448|1.660913|6.610423|5.000000|0.628668|0.765990|0.960724|1.421201|0.675568|0.429462|0.358339|1.208898|0.861680|0.000000|0.339792|0.306931|0.240710|0.358339|0.940620|0.801557|0.000000|63.000000|0.507207|3.000000|0.282733|0.777778|-0.182131|9.000000
EX5:TW025|2016-11-01|0.453776|0.432930|1.063948|1.048150|1.685605|7.021788|5.000000|0.652503|0.789738|0.993408|1.447259|0.732831|0.381861|0.361134|1.060798|0.853075|0.000000|0.326952|0.301792|0.230203|0.370996|0.877246|0.768293|0.000000|57.000000|nan|0.000000|0.305977|0.777778|-0.228534|9.000000
EX5:TW025|2017-05-01|0.510796|0.511103|1.133056|0.999399|1.702724|6.268932|5.000000|0.619968|0.733758|0.937508|1.472603|0.612704|0.363869|0.342019|0.923615|0.787709|0.000000|0.348855|0.313487|0.257755|0.394298|0.905501|0.773795|0.000000|51.000000|nan|0.000000|0.302694|0.750000|-0.301144|8.000000
EX5:TW025|2017-11-01|0.413467|0.376492|0.922708|1.098210|1.647893|5.370781|5.000000|0.630673|0.769112|0.963948|1.502084|0.646290|0.334805|0.347849|1.014471|0.780496|0.000000|0.313947|0.287843|0.238864|0.354713|0.902537|0.736973|0.000000|45.000000|nan|0.000000|0.271528|0.750000|-0.183400|8.000000
EX5:TW025|2018-05-01|0.366622|0.438016|0.819679|0.837004|1.612455|5.437513|5.000000|0.634197|0.748990|0.960339|1.475417|0.666667|0.300296|0.350444|0.812077|0.692377|0.000000|0.337580|0.303539|0.197114|0.438016|0.806048|0.758239|0.000000|39.000000|nan|0.000000|0.369740|0.857143|-0.099588|7.000000
EX5:TW025|2018-11-01|0.441554|0.438364|1.008478|1.007278|1.665813|5.206873|5.000000|0.631619|0.749813|0.960685|1.482174|0.661522|0.291275|0.351204|0.812802|0.689902|0.000000|0.343268|0.305573|0.250047|0.351204|0.831221|0.766159|0.000000|33.000000|nan|0.000000|0.373586|0.857143|-0.099618|7.000000
EX5:TW025|2019-05-01|0.279626|0.372220|0.695151|0.751240|1.599707|5.875772|6.000000|0.617901|0.752499|0.945926|1.410799|0.637714|0.228911|0.326824|0.700408|0.581008|0.000000|0.232426|0.177648|0.155985|0.372220|0.624432|0.581995|0.000000|27.000000|nan|0.000000|0.192785|0.666667|-0.087432|6.000000
EX5:TW025|2019-11-01|0.340416|0.367650|0.835207|0.925923|1.656086|6.516494|7.000000|0.610563|0.761199|0.943928|1.335579|0.591787|0.287112|0.269723|1.302923|0.823664|0.000000|0.294248|0.239944|0.187827|0.367650|0.800347|0.761270|0.000000|21.000000|nan|0.000000|0.205893|0.833333|-0.074096|6.000000
EX5:TW025|2020-05-01|0.483178|0.326835|1.273557|1.478353|1.651636|7.239563|6.000000|0.624359|0.758173|0.949537|1.369488|0.632986|0.302794|0.210773|1.382099|0.905683|0.000000|0.381843|0.349051|0.312601|0.326835|1.168302|1.047492|0.000000|15.000000|nan|0.000000|0.269346|1.000000|0.059944|5.000000
EX5:TW025|2020-11-01|0.385973|0.330533|1.039193|1.167727|1.642348|6.644566|6.000000|0.614641|0.826879|0.962369|1.249310|0.610325|0.381334|0.212026|1.797778|1.308835|0.000000|0.465666|0.430986|0.293205|0.330533|1.408833|1.281751|0.000000|9.000000|nan|0.000000|0.367163|0.800000|-0.020392|5.000000
EX5:TW050|2009-11-01|0.356336|0.643938|0.709307|0.553370|1.645519|4.973307|5.000000|0.658109|0.928190|1.182662|1.559006|0.800447|0.377312|0.464781|0.884977|0.685090|0.078788|0.394512|0.280697|-0.006323|0.464781|0.801647|0.714209|0.007092|141.000000|0.405600|81.000000|0.213765|0.812500|-0.228482|16.000000
EX5:TW050|2010-05-01|0.383072|0.643306|0.760069|0.595474|1.679880|5.048110|5.000000|0.666896|0.933033|1.184310|1.583884|0.812436|0.389294|0.459398|0.968661|0.752404|0.069182|0.415857|0.300795|-0.006548|0.464770|0.842292|0.804009|0.007407|135.000000|0.420526|75.000000|0.222981|0.800000|-0.228660|15.000000
EX5:TW050|2010-11-01|0.306993|0.651391|0.601589|0.471288|1.662336|5.860922|5.000000|0.653137|0.932389|1.130748|1.510400|0.752794|0.343350|0.441976|0.759807|0.668705|0.091503|0.344046|0.291027|-0.079893|0.442892|0.766010|0.686738|0.046512|129.000000|0.336794|69.000000|0.241945|0.733333|-0.241902|15.000000
EX5:TW050|2011-05-01|0.359722|0.620944|0.743126|0.579316|1.602326|5.255760|5.000000|0.647443|0.916007|1.062623|1.528089|0.743112|0.383750|0.415753|0.919025|0.771661|0.040816|0.417304|0.319557|0.039089|0.415753|0.869668|0.805810|0.000000|123.000000|0.399709|63.000000|0.305141|0.785714|-0.188579|14.000000
EX5:TW050|2011-11-01|0.401158|0.621660|0.823298|0.645301|1.646441|5.931903|5.000000|0.648758|0.917332|1.066265|1.545655|0.749507|0.420298|0.391710|0.987854|0.839376|0.000000|0.433850|0.334214|0.161086|0.391710|0.902114|0.823188|0.000000|117.000000|0.413438|57.000000|0.321232|0.785714|-0.160166|14.000000
EX5:TW050|2012-05-01|0.388050|0.650237|0.753412|0.596781|1.704991|6.101834|5.000000|0.635671|0.807555|1.072090|1.551556|0.724971|0.407318|0.462560|0.879460|0.750034|0.000000|0.393959|0.309965|0.225028|0.489297|0.791100|0.745122|0.000000|111.000000|0.381472|51.000000|0.367837|0.769231|-0.273803|13.000000
EX5:TW050|2012-11-01|0.419780|0.647184|0.811706|0.648624|1.729577|5.613979|5.000000|0.647160|0.850441|1.103482|1.555634|0.764145|0.414827|0.462308|0.922608|0.769394|0.000000|0.395577|0.310452|0.224387|0.491105|0.809972|0.761485|0.000000|105.000000|0.396220|45.000000|0.370993|0.769231|-0.277038|13.000000
EX5:TW050|2013-05-01|0.484171|0.637844|0.954267|0.759074|1.710438|6.794090|5.000000|0.634816|0.820610|1.026949|1.565175|0.743598|0.508294|0.412440|1.151612|0.975468|0.000000|0.465155|0.358804|0.254562|0.469750|0.987682|0.913944|0.000000|99.000000|0.491503|39.000000|0.377619|0.833333|-0.207486|12.000000
EX5:TW050|2013-11-01|0.463276|0.637007|0.921948|0.727270|1.707531|6.386619|5.000000|0.644704|0.824149|1.001975|1.516943|0.736538|0.441611|0.365469|1.067316|0.875257|0.000000|0.418135|0.341737|0.249248|0.441967|0.964535|0.847390|0.000000|93.000000|0.436185|33.000000|0.346520|0.916667|-0.205466|12.000000
EX5:TW050|2014-05-01|0.459304|0.662641|0.890555|0.693141|1.732889|5.076281|5.000000|0.642247|0.846878|1.114383|1.539127|0.700801|0.429991|0.366203|1.017898|0.817158|0.000000|0.395118|0.312255|0.235181|0.437589|0.905728|0.764475|0.000000|87.000000|0.411729|27.000000|0.365459|0.818182|-0.199287|11.000000
EX5:TW050|2014-11-01|0.560231|0.687327|1.126876|0.815086|1.695907|5.643814|5.000000|0.630835|0.854131|1.179549|1.549647|0.733565|0.550376|0.355199|1.464371|1.156101|0.000000|0.463180|0.430003|0.328648|0.462338|1.276909|1.096134|0.000000|81.000000|0.559440|21.000000|0.449419|0.727273|-0.165005|11.000000
EX5:TW050|2015-05-01|0.406914|0.565789|0.877286|0.719197|1.631743|5.866876|5.000000|0.645479|0.786145|0.977450|1.498510|0.751212|0.441579|0.364670|1.080384|0.909882|0.000000|0.397654|0.336779|0.247462|0.494128|1.003117|0.863152|0.000000|75.000000|0.413557|15.000000|0.314675|0.700000|-0.233400|10.000000
EX5:TW050|2015-11-01|0.475083|0.494279|1.034343|0.961164|1.681058|6.723113|5.000000|0.643980|0.787579|0.977752|1.505183|0.755319|0.456650|0.364478|1.108787|0.910589|0.000000|0.394090|0.332435|0.243837|0.408325|0.994596|0.846026|0.000000|69.000000|0.547199|9.000000|0.302329|0.700000|-0.233652|10.000000
EX5:TW050|2016-05-01|0.563313|0.412944|1.290117|1.364138|1.681597|6.088396|5.000000|0.625584|0.762970|0.925297|1.499388|0.679952|0.433331|0.358728|1.221562|0.933243|0.000000|0.377715|0.338452|0.259274|0.358728|1.052926|0.878799|0.000000|63.000000|0.533558|3.000000|0.324743|0.888889|-0.193929|9.000000
EX5:TW050|2016-11-01|0.501619|0.448028|1.134105|1.119615|1.695948|6.010320|6.000000|0.634245|0.781874|0.969316|1.467003|0.678811|0.385429|0.349950|1.024210|0.853007|0.000000|0.355006|0.323629|0.255464|0.369211|0.959778|0.792051|0.000000|57.000000|nan|0.000000|0.362181|0.777778|-0.258959|9.000000
EX5:TW050|2017-05-01|0.494602|0.446346|1.125064|1.108113|1.693347|5.421839|5.000000|0.610469|0.733105|0.935595|1.462107|0.553595|0.357934|0.337212|0.977921|0.800498|0.000000|0.345320|0.307663|0.260940|0.403438|0.880773|0.771582|0.000000|51.000000|nan|0.000000|0.299526|0.750000|-0.229840|8.000000
EX5:TW050|2017-11-01|0.429180|0.384822|0.946232|1.115270|1.649470|5.336267|6.000000|0.631199|0.757631|0.914480|1.531106|0.674755|0.326986|0.341690|0.999663|0.767155|0.000000|0.317619|0.282157|0.235429|0.350921|0.929251|0.741371|0.000000|45.000000|nan|0.000000|0.281447|0.750000|-0.197421|8.000000
EX5:TW050|2018-05-01|0.406549|0.435716|0.909340|0.933059|1.605190|6.463053|5.000000|0.620303|0.744049|0.933037|1.398103|0.603707|0.348321|0.330159|1.037428|0.817250|0.000000|0.374823|0.344847|0.241275|0.435716|0.940674|0.869010|0.000000|39.000000|nan|0.000000|0.356675|1.000000|0.012142|7.000000
EX5:TW050|2018-11-01|0.508656|0.435847|1.122207|1.167051|1.655244|6.713603|6.000000|0.625165|0.763326|0.965890|1.409480|0.654787|0.317016|0.357218|0.952365|0.719635|0.000000|0.361693|0.325754|0.275628|0.357218|0.896438|0.805482|0.000000|33.000000|nan|0.000000|0.335965|0.857143|-0.011840|7.000000
EX5:TW050|2019-05-01|0.310172|0.364403|0.744786|0.851179|1.594259|6.796075|6.000000|0.615574|0.759520|0.950840|1.371969|0.667426|0.262436|0.327059|0.802412|0.668844|0.000000|0.251591|0.202985|0.180877|0.364403|0.690420|0.645024|0.000000|27.000000|nan|0.000000|0.218084|0.833333|-0.074984|6.000000
EX5:TW050|2019-11-01|0.379384|0.362784|0.894566|1.045755|1.655776|6.786342|6.000000|0.616871|0.769595|0.954619|1.358587|0.660024|0.276652|0.312719|1.224177|0.818041|0.000000|0.296105|0.245395|0.197153|0.362784|0.816201|0.752144|0.000000|21.000000|nan|0.000000|0.222095|0.833333|-0.013434|6.000000
EX5:TW050|2020-05-01|0.541124|0.328958|1.352793|1.644963|1.644157|7.712527|6.000000|0.631284|0.776837|0.964244|1.362818|0.700782|0.298401|0.233953|1.185910|0.828925|0.000000|0.401725|0.355293|0.316030|0.328958|1.221205|1.082131|0.000000|15.000000|nan|0.000000|0.320251|1.000000|0.022247|5.000000
EX5:TW050|2020-11-01|0.466741|0.330070|1.185928|1.414067|1.639505|8.208738|6.000000|0.627731|0.816624|0.954365|1.352335|0.724894|0.387867|0.211863|1.699030|1.236100|0.000000|0.564949|0.517156|0.324912|0.330070|1.711605|1.454903|0.000000|9.000000|nan|0.000000|0.370886|0.800000|-0.031753|5.000000
EX5:TW075|2009-11-01|0.326764|0.621490|0.667149|0.525775|1.628774|4.887514|5.000000|0.636424|0.962269|1.203209|1.533193|0.700918|0.330060|0.409752|0.800504|0.683001|0.072727|0.359640|0.269788|-0.034179|0.417296|0.761196|0.717245|0.007092|141.000000|0.353482|81.000000|0.247978|0.750000|-0.237625|16.000000
EX5:TW075|2010-05-01|0.343323|0.621444|0.691653|0.552460|1.658568|5.575744|5.000000|0.637887|0.968068|1.203385|1.533744|0.710338|0.348510|0.409772|0.830786|0.695788|0.069182|0.363291|0.283745|-0.034170|0.417407|0.769201|0.720609|0.007407|135.000000|0.360616|75.000000|0.253250|0.733333|-0.237737|15.000000
EX5:TW075|2010-11-01|0.314251|0.621802|0.632055|0.505388|1.652454|6.378551|5.000000|0.650699|0.916530|1.047425|1.536951|0.735378|0.346411|0.417147|0.848277|0.715694|0.084967|0.359402|0.305252|-0.070889|0.417147|0.809738|0.722643|0.046512|129.000000|0.356295|69.000000|0.242192|0.733333|-0.242669|15.000000
EX5:TW075|2011-05-01|0.332263|0.621923|0.683819|0.534251|1.601882|6.593516|5.000000|0.640217|0.919948|1.075471|1.533792|0.715280|0.371519|0.417430|0.888072|0.738444|0.040816|0.363091|0.309507|0.033464|0.417430|0.819922|0.749241|0.000000|123.000000|0.362574|63.000000|0.279793|0.785714|-0.215379|14.000000
EX5:TW075|2011-11-01|0.355244|0.621833|0.728338|0.571285|1.651705|4.998897|5.000000|0.649932|0.923041|1.071969|1.554833|0.749226|0.389532|0.394509|0.965251|0.768486|0.000000|0.383418|0.329142|0.148162|0.409734|0.858220|0.784882|0.000000|117.000000|0.380038|57.000000|0.274698|0.857143|-0.208481|14.000000
EX5:TW075|2012-05-01|0.384967|0.648724|0.747982|0.593422|1.703234|5.109980|5.000000|0.638842|0.830402|1.081240|1.526148|0.748274|0.417602|0.466395|0.902112|0.775658|0.000000|0.416180|0.315747|0.222181|0.494994|0.846805|0.778594|0.000000|111.000000|0.409080|51.000000|0.379309|0.769231|-0.304722|13.000000
EX5:TW075|2012-11-01|0.451855|0.648948|0.884382|0.696288|1.730236|4.787055|5.000000|0.647265|0.843000|1.083792|1.545422|0.762954|0.425359|0.466480|0.922665|0.824907|0.000000|0.440344|0.326404|0.238914|0.495074|0.883199|0.844691|0.000000|105.000000|0.427640|45.000000|0.375386|0.846154|-0.304871|13.000000
EX5:TW075|2013-05-01|0.447160|0.629811|0.882618|0.709990|1.711862|5.604853|6.000000|0.635297|0.828125|1.033299|1.510733|0.722616|0.443204|0.438127|0.979448|0.848202|0.000000|0.422648|0.321047|0.229936|0.494531|0.908849|0.849112|0.000000|99.000000|0.441226|39.000000|0.362460|0.833333|-0.303187|12.000000
EX5:TW075|2013-11-01|0.460841|0.612600|0.920683|0.752271|1.712592|4.985558|6.000000|0.640591|0.795189|0.970254|1.546071|0.715064|0.450464|0.350118|1.028837|0.843759|0.000000|0.407571|0.302473|0.210406|0.455856|0.904997|0.817896|0.000000|93.000000|0.433271|33.000000|0.351248|0.833333|-0.225092|12.000000
EX5:TW075|2014-05-01|0.488365|0.655378|0.958155|0.745166|1.728730|4.918548|5.000000|0.648905|0.837382|1.099641|1.590463|0.726484|0.445395|0.359391|1.035697|0.857220|0.000000|0.404218|0.329217|0.226564|0.455867|0.920756|0.828360|0.000000|87.000000|0.439782|27.000000|0.382693|0.909091|-0.247188|11.000000
EX5:TW075|2014-11-01|0.506696|0.665403|1.002018|0.761487|1.710866|5.059405|5.000000|0.637866|0.838120|1.141589|1.597500|0.716174|0.444635|0.349993|1.029779|0.857238|0.000000|0.388163|0.296821|0.210979|0.456612|0.914387|0.786092|0.000000|81.000000|0.452301|21.000000|0.404904|0.818182|-0.212696|11.000000
EX5:TW075|2015-05-01|0.346376|0.611965|0.750187|0.566006|1.635977|5.060631|5.000000|0.635844|0.780871|0.939281|1.555250|0.669899|0.350734|0.365802|0.879337|0.732164|0.000000|0.345354|0.292019|0.196050|0.473885|0.844606|0.761791|0.000000|75.000000|0.350825|15.000000|0.293560|0.700000|-0.353299|10.000000
EX5:TW075|2015-11-01|0.418713|0.494969|0.919122|0.845939|1.685828|6.240104|5.000000|0.639572|0.785277|0.945338|1.554086|0.709726|0.379182|0.372088|0.909287|0.762177|0.000000|0.349928|0.301062|0.229232|0.386640|0.879052|0.776046|0.000000|69.000000|0.503855|9.000000|0.297463|0.700000|-0.347107|10.000000
EX5:TW075|2016-05-01|0.470775|0.475870|1.068307|0.989292|1.684924|6.954735|5.000000|0.620530|0.760054|0.964892|1.504095|0.623754|0.383194|0.374712|0.919323|0.786014|0.000000|0.348407|0.304031|0.225078|0.374712|0.868808|0.773932|0.000000|63.000000|0.450256|3.000000|0.375778|0.777778|-0.292285|9.000000
EX5:TW075|2016-11-01|0.465601|0.460215|1.042078|1.011703|1.688464|5.524471|6.000000|0.633723|0.791874|0.974751|1.472266|0.698492|0.389803|0.357825|0.962331|0.782131|0.000000|0.342176|0.305824|0.236370|0.372349|0.890898|0.752681|0.000000|57.000000|nan|0.000000|0.406147|0.777778|-0.285324|9.000000
EX5:TW075|2017-05-01|0.472663|0.461757|1.050613|1.023618|1.701032|5.150275|6.000000|0.610187|0.732673|0.938257|1.455791|0.575651|0.374398|0.335337|0.974281|0.772889|0.000000|0.346705|0.312580|0.241056|0.388250|0.939586|0.791881|0.000000|51.000000|nan|0.000000|0.334905|0.750000|-0.305212|8.000000
EX5:TW075|2017-11-01|0.409310|0.449695|0.895622|0.910195|1.673670|5.247446|5.000000|0.644008|0.784901|0.924082|1.536535|0.769015|0.351634|0.337098|0.964147|0.765684|0.000000|0.322628|0.293437|0.231471|0.346357|0.935344|0.769640|0.000000|45.000000|nan|0.000000|0.259259|0.875000|-0.264043|8.000000
EX5:TW075|2018-05-01|0.374796|0.436044|0.814668|0.859537|1.605656|6.319444|6.000000|0.625453|0.777353|0.995724|1.422222|0.649577|0.317398|0.354877|0.880433|0.688556|0.000000|0.348742|0.308105|0.200715|0.436044|0.868204|0.780057|0.000000|39.000000|nan|0.000000|0.416457|0.857143|-0.070244|7.000000
EX5:TW075|2018-11-01|0.484672|0.436726|1.063723|1.109786|1.658477|5.916774|6.000000|0.625326|0.791490|0.999776|1.431017|0.651347|0.312523|0.354792|0.870474|0.701337|0.000000|0.363398|0.325832|0.263859|0.354792|0.877884|0.800339|0.000000|33.000000|nan|0.000000|0.417119|0.857143|-0.067949|7.000000
EX5:TW075|2019-05-01|0.287319|0.369528|0.684531|0.777530|1.598772|6.434192|6.000000|0.617606|0.781465|0.931145|1.317188|0.647494|0.251474|0.326700|0.811445|0.673524|0.000000|0.254563|0.204213|0.168520|0.368132|0.688888|0.597949|0.000000|27.000000|nan|0.000000|0.219804|0.833333|-0.079149|6.000000
EX5:TW075|2019-11-01|0.363178|0.354873|0.852896|1.023401|1.655712|6.416021|6.000000|0.617028|0.834582|0.972299|1.303792|0.628019|0.282486|0.327312|1.212485|0.802224|0.000000|0.293346|0.251085|0.198448|0.354873|0.826623|0.735999|0.000000|21.000000|nan|0.000000|0.233962|1.000000|0.008838|6.000000
EX5:TW075|2020-05-01|0.486516|0.326958|1.234272|1.488007|1.644688|6.718880|7.000000|0.622697|0.770293|0.961432|1.303129|0.602999|0.289302|0.234435|1.166238|0.830359|0.000000|0.368580|0.330877|0.284339|0.326958|1.127299|0.979810|0.000000|15.000000|nan|0.000000|0.331574|1.000000|0.018907|5.000000
EX5:TW075|2020-11-01|0.403226|0.329850|1.051572|1.222453|1.649058|6.888718|6.000000|0.618132|0.820314|0.917383|1.299413|0.613154|0.391427|0.205599|1.703284|1.170956|0.000000|0.487624|0.451937|0.271956|0.270555|1.599826|1.300788|0.000000|9.000000|nan|0.000000|0.333812|1.000000|0.014864|5.000000
EX5:TW125|2009-11-01|0.302719|0.635515|0.606127|0.476337|1.647378|3.900966|5.000000|0.648206|0.921485|1.218283|1.533713|0.795432|0.351899|0.512610|0.829110|0.706157|0.072727|0.342902|0.271268|-0.015196|0.521281|0.743094|0.744558|0.007092|141.000000|0.372201|81.000000|0.255681|0.812500|-0.379746|16.000000
EX5:TW125|2010-05-01|0.343349|0.644790|0.673920|0.532498|1.691060|4.845088|6.000000|0.658343|0.960049|1.218342|1.521463|0.821090|0.363047|0.477992|0.816750|0.733669|0.069182|0.386880|0.286896|-0.023904|0.536442|0.720766|0.744392|0.007407|135.000000|0.369946|75.000000|0.273985|0.800000|-0.370003|15.000000
EX5:TW125|2010-11-01|0.272989|0.634264|0.545215|0.430402|1.656083|4.674950|5.000000|0.668181|0.920441|1.069115|1.509071|0.778529|0.297668|0.451599|0.736610|0.646899|0.091503|0.334565|0.239593|-0.077198|0.473876|0.679381|0.653067|0.046512|129.000000|0.314643|69.000000|0.118812|0.666667|-0.295033|15.000000
EX5:TW125|2011-05-01|0.324516|0.649908|0.648037|0.499326|1.632593|5.207186|5.000000|0.668540|0.942692|1.087685|1.552765|0.835513|0.360930|0.443950|0.818519|0.720058|0.040816|0.386155|0.297474|0.040065|0.531410|0.739988|0.733618|0.000000|123.000000|0.362265|63.000000|0.320193|0.785714|-0.414653|14.000000
EX5:TW125|2011-11-01|0.321720|0.634956|0.654780|0.506681|1.658528|4.732847|5.000000|0.658030|0.953078|1.095055|1.508780|0.754011|0.321538|0.443528|0.789049|0.682583|0.014184|0.355147|0.258364|0.134483|0.473996|0.716708|0.681459|0.000000|117.000000|0.323473|57.000000|0.235644|0.714286|-0.295109|14.000000
EX5:TW125|2012-05-01|0.379647|0.638878|0.767465|0.594240|1.687630|5.759821|6.000000|0.645599|0.832718|1.055883|1.554850|0.797756|0.396407|0.475723|0.962953|0.841724|0.000000|0.415107|0.342718|0.262029|0.510107|0.828738|0.842943|0.000000|111.000000|0.413199|51.000000|0.311591|0.846154|-0.413404|13.000000
EX5:TW125|2012-11-01|0.402779|0.638303|0.795262|0.631015|1.714796|4.883296|6.000000|0.646494|0.831389|1.060498|1.552372|0.795414|0.373276|0.491218|0.833196|0.701019|0.000000|0.391884|0.293082|0.215204|0.519143|0.780054|0.751460|0.000000|105.000000|0.392655|45.000000|0.379644|0.846154|-0.413968|13.000000
EX5:TW125|2013-05-01|0.393220|0.648036|0.778104|0.606786|1.711906|5.306307|5.000000|0.665705|0.896843|1.100474|1.499382|0.797593|0.390020|0.433828|0.831332|0.752293|0.000000|0.374493|0.291708|0.197043|0.533259|0.768631|0.756776|0.000000|99.000000|0.396146|39.000000|0.366207|0.833333|-0.463049|12.000000
EX5:TW125|2013-11-01|0.450028|0.633140|0.914812|0.710788|1.710593|5.210351|6.000000|0.624402|0.801334|0.987098|1.495267|0.683974|0.433319|0.371382|1.035772|0.888753|0.000000|0.404453|0.339073|0.242657|0.440814|0.967728|0.875994|0.000000|93.000000|0.441430|33.000000|0.365710|0.833333|-0.254915|12.000000
EX5:TW125|2014-05-01|0.465117|0.643334|0.921313|0.722979|1.735273|4.990726|6.000000|0.639003|0.850656|1.049315|1.474326|0.737158|0.422691|0.377157|0.946161|0.807764|0.000000|0.407984|0.323817|0.221104|0.509415|0.916844|0.801519|0.000000|87.000000|0.428511|27.000000|0.379439|0.818182|-0.330886|11.000000
EX5:TW125|2014-11-01|0.529804|0.679906|1.073265|0.779232|1.687266|6.059941|6.000000|0.628793|0.853825|1.168993|1.500950|0.672696|0.489487|0.326881|1.337699|1.024510|0.000000|0.435038|0.359485|0.278759|0.387049|1.150565|0.962821|0.000000|81.000000|0.523412|21.000000|0.390182|0.727273|-0.147713|11.000000
EX5:TW125|2015-05-01|0.336596|0.615759|0.765940|0.546635|1.635672|5.093359|6.000000|0.627236|0.764971|0.888639|1.375721|0.677732|0.330079|0.387018|0.923815|0.774037|0.000000|0.341877|0.295123|0.176720|0.395405|0.868416|0.777415|0.000000|75.000000|0.365892|15.000000|0.307687|0.700000|-0.362101|10.000000
EX5:TW125|2015-11-01|0.394455|0.468654|0.891930|0.841677|1.682697|5.177025|6.000000|0.640469|0.789514|0.965822|1.486103|0.696049|0.366298|0.375893|0.934942|0.763309|0.000000|0.360599|0.308444|0.236917|0.375893|0.905028|0.783295|0.000000|69.000000|0.473102|9.000000|0.308167|0.700000|-0.351296|10.000000
EX5:TW125|2016-05-01|0.486657|0.452275|1.147944|1.076018|1.685407|5.200256|6.000000|0.632645|0.776541|0.980380|1.472461|0.735353|0.369968|0.357471|1.059260|0.827874|0.000000|0.350779|0.309090|0.224147|0.357471|0.935215|0.799463|0.000000|63.000000|0.468119|3.000000|0.382273|0.888889|-0.257381|9.000000
EX5:TW125|2016-11-01|0.372192|0.505276|0.868521|0.736610|1.695126|3.940329|6.000000|0.611075|0.812435|1.047358|1.441132|0.546901|0.294179|0.329018|0.766009|0.657479|0.000000|0.265279|0.228944|0.145923|0.421993|0.659423|0.598302|0.000000|57.000000|nan|0.000000|0.383513|0.777778|-0.351190|9.000000
EX5:TW125|2017-05-01|0.415734|0.480787|0.948990|0.864694|1.698497|5.017101|6.000000|0.616807|0.716642|0.908518|1.448411|0.622850|0.312081|0.317813|0.821035|0.729633|0.000000|0.310703|0.278274|0.195941|0.395925|0.836686|0.719544|0.000000|51.000000|nan|0.000000|0.306576|0.750000|-0.333851|8.000000
EX5:TW125|2017-11-01|0.390203|0.438251|0.853996|0.890365|1.676976|4.801626|5.000000|0.641947|0.792386|0.947296|1.508226|0.726085|0.342207|0.347963|0.945403|0.725254|0.000000|0.324543|0.286136|0.226354|0.365798|0.887218|0.737853|0.000000|45.000000|nan|0.000000|0.300231|0.750000|-0.249520|8.000000
EX5:TW125|2018-05-01|0.364912|0.445176|0.830295|0.819703|1.611843|5.854228|5.000000|0.627743|0.751873|0.942514|1.424173|0.657043|0.335158|0.323015|0.991954|0.804394|0.000000|0.370094|0.334041|0.199754|0.429377|0.969149|0.867731|0.000000|39.000000|nan|0.000000|0.374695|0.857143|-0.024729|7.000000
EX5:TW125|2018-11-01|0.474703|0.429388|1.098855|1.105532|1.660989|5.452512|6.000000|0.626938|0.756961|0.943197|1.429552|0.657158|0.337753|0.323712|1.021705|0.806970|0.000000|0.381226|0.351707|0.293895|0.323712|0.984960|0.893262|0.000000|33.000000|nan|0.000000|0.375062|0.857143|-0.024991|7.000000
EX5:TW125|2019-05-01|0.317510|0.369468|0.763166|0.859369|1.598031|6.424708|6.000000|0.622904|0.811586|0.967636|1.444062|0.684510|0.250179|0.327085|0.868144|0.719201|0.000000|0.263874|0.210826|0.170008|0.355030|0.735558|0.667041|0.000000|27.000000|nan|0.000000|0.231154|0.833333|-0.092121|6.000000
EX5:TW125|2019-11-01|0.263290|0.356948|0.639171|0.737615|1.661726|4.486428|7.000000|0.626331|0.813515|0.964063|1.435848|0.642512|0.249705|0.233156|0.960858|0.702212|0.000000|0.247070|0.211201|0.169547|0.356948|0.692172|0.604586|0.000000|21.000000|nan|0.000000|0.229592|0.833333|-0.014734|6.000000
EX5:TW125|2020-05-01|0.478625|0.327012|1.216700|1.463632|1.650920|7.343055|7.000000|0.615803|0.770787|0.963368|1.343482|0.586050|0.328049|0.215034|1.293903|0.903645|0.000000|0.367340|0.339931|0.282523|0.327012|1.123323|0.970361|0.000000|15.000000|nan|0.000000|0.386562|1.000000|0.070069|5.000000
EX5:TW125|2020-11-01|0.403607|0.307579|1.062385|1.312207|1.646477|6.836865|7.000000|0.622448|0.816437|0.933402|1.392977|0.611033|0.400647|0.241951|1.523971|1.209106|0.000000|0.499996|0.472222|0.302363|0.290564|1.720777|1.348782|0.000000|9.000000|nan|0.000000|0.345565|0.800000|-0.035504|5.000000
EX5:TW000S|2009-11-01|0.355377|0.639371|0.733760|0.555823|1.616803|6.069741|5.000000|0.644376|0.870974|1.049771|1.521028|0.783817|0.384365|0.458563|0.991780|0.845026|0.115152|0.411051|0.336255|-0.041338|0.458563|0.877651|0.869052|0.007092|141.000000|0.429608|81.000000|0.312466|0.750000|-0.277351|16.000000
EX5:TW000S|2010-05-01|0.381068|0.639742|0.795262|0.595659|1.652490|5.551316|5.000000|0.642813|0.854195|1.040322|1.517928|0.708547|0.431890|0.449552|1.139840|0.973129|0.088050|0.442209|0.381411|-0.039722|0.458628|0.907307|0.952434|0.007407|135.000000|0.449995|75.000000|0.368683|0.800000|-0.277183|15.000000
EX5:TW000S|2010-11-01|0.338153|0.637501|0.709835|0.530435|1.652040|5.504613|5.000000|0.647673|0.855455|1.038070|1.495853|0.705485|0.434211|0.428481|1.167797|0.976564|0.065359|0.431480|0.377586|-0.053844|0.458415|0.933680|0.974564|0.023256|129.000000|0.449643|69.000000|0.369077|0.800000|-0.285090|15.000000
EX5:TW000S|2011-05-01|0.343513|0.640973|0.732531|0.535925|1.578639|6.414965|5.000000|0.654966|0.841414|1.035522|1.493830|0.780685|0.412502|0.396861|1.087930|0.865715|0.013605|0.398301|0.348340|0.057658|0.396861|0.922767|0.877707|0.000000|123.000000|0.413244|63.000000|0.275940|0.857143|-0.180847|14.000000
EX5:TW000S|2011-11-01|0.402167|0.640773|0.860522|0.627628|1.645337|5.332270|5.000000|0.636985|0.832924|1.035857|1.495689|0.667323|0.462604|0.417982|1.195633|1.002733|0.000000|0.443261|0.385263|0.187196|0.458532|0.979577|0.994715|0.000000|117.000000|0.453975|57.000000|0.370317|0.857143|-0.207402|14.000000
EX5:TW000S|2012-05-01|0.382301|0.622592|0.807744|0.614048|1.645387|6.009139|5.000000|0.657576|0.831866|1.018556|1.505889|0.779344|0.437074|0.377480|1.113969|0.907610|0.000000|0.421787|0.353037|0.249478|0.396896|0.935248|0.913727|0.000000|111.000000|0.429509|51.000000|0.303933|0.846154|-0.180858|13.000000
EX5:TW000S|2012-11-01|0.431208|0.627301|0.912322|0.687402|1.671680|6.017069|5.000000|0.647271|0.813394|1.022469|1.489968|0.786182|0.445059|0.377422|1.165292|0.927987|0.000000|0.426595|0.359339|0.289205|0.396946|0.952088|0.924361|0.000000|105.000000|0.438831|45.000000|0.290998|0.846154|-0.180817|13.000000
EX5:TW000S|2013-05-01|0.386737|0.625766|0.814763|0.618022|1.682407|5.955843|5.000000|0.626252|0.793363|0.978178|1.489320|0.730947|0.432591|0.394087|1.167665|0.910438|0.000000|0.405258|0.366990|0.256702|0.395961|1.004649|0.887063|0.000000|99.000000|0.424708|39.000000|0.303417|0.916667|-0.174891|12.000000
EX5:TW000S|2013-11-01|0.377973|0.635943|0.783291|0.594350|1.690937|5.335614|5.000000|0.631281|0.794526|0.991911|1.473455|0.721795|0.425630|0.390538|1.170935|0.917071|0.000000|0.391719|0.327370|0.232246|0.390774|0.947833|0.866757|0.000000|93.000000|0.420289|33.000000|0.313904|0.916667|-0.167454|12.000000
EX5:TW000S|2014-05-01|0.476451|0.659957|0.981839|0.721943|1.705871|5.352750|5.000000|0.636294|0.820848|1.150556|1.515554|0.730821|0.457705|0.370521|1.142463|0.935025|0.000000|0.417566|0.350301|0.276701|0.465335|1.036508|0.935096|0.000000|87.000000|0.459722|27.000000|0.262984|0.818182|-0.239039|11.000000
EX5:TW000S|2014-11-01|0.404308|0.725762|0.811026|0.557081|1.674268|5.515872|5.000000|0.638250|0.903230|1.399089|1.501904|0.744348|0.424656|0.375101|1.150708|0.919516|0.000000|0.379495|0.323379|0.234175|0.381225|1.035284|0.881753|0.000000|81.000000|0.421900|21.000000|0.381757|0.727273|-0.284446|11.000000
EX5:TW000S|2015-05-01|0.363238|0.600033|0.844972|0.605364|1.610337|5.472612|5.000000|0.617284|0.757326|0.931547|1.460717|0.649012|0.427039|0.414966|1.209260|0.994774|0.000000|0.399815|0.361448|0.265893|0.427377|1.033766|0.970929|0.000000|75.000000|0.418967|15.000000|0.301621|0.800000|-0.139632|10.000000
EX5:TW000S|2015-11-01|0.433461|0.427584|1.026124|1.013744|1.658298|5.582228|5.000000|0.620003|0.754317|0.933245|1.461509|0.674012|0.443592|0.414627|1.225003|0.998432|0.000000|0.405445|0.374002|0.310704|0.427584|1.085110|1.014797|0.000000|69.000000|0.518979|9.000000|0.305644|0.800000|-0.139344|10.000000
EX5:TW000S|2016-05-01|0.548092|0.410844|1.339859|1.334063|1.671030|5.757833|5.000000|0.625570|0.747763|0.877589|1.520527|0.632124|0.484374|0.377590|1.333044|1.046140|0.000000|0.429769|0.396580|0.320399|0.377590|1.274159|1.093554|0.000000|63.000000|0.544190|3.000000|0.382077|0.888889|-0.182786|9.000000
EX5:TW000S|2016-11-01|0.435612|0.435946|1.062364|0.999234|1.669540|6.126427|6.000000|0.650916|0.786249|0.907347|1.439684|0.730737|0.403114|0.335755|1.122295|0.906378|0.000000|0.354104|0.325847|0.258487|0.366184|0.956200|0.851968|0.000000|57.000000|nan|0.000000|0.306940|0.888889|-0.233878|9.000000
EX5:TW000S|2017-05-01|0.458188|0.508079|1.060611|0.901805|1.690397|5.912272|5.000000|0.612418|0.760022|0.933952|1.453052|0.595501|0.417638|0.332782|1.111624|0.911995|0.000000|0.382796|0.355262|0.296552|0.392703|1.009678|0.903985|0.000000|51.000000|nan|0.000000|0.303714|0.875000|-0.327025|8.000000
EX5:TW000S|2017-11-01|0.443142|0.376305|1.015568|1.177613|1.631948|6.236852|5.000000|0.631038|0.762701|0.957423|1.468162|0.720485|0.399144|0.328844|1.161066|0.913227|0.000000|0.365652|0.345278|0.285069|0.376305|1.037565|0.896459|0.000000|45.000000|nan|0.000000|0.405555|0.750000|-0.168769|8.000000
EX5:TW000S|2018-05-01|0.322012|0.405235|0.765479|0.794631|1.582086|4.993457|5.000000|0.620216|0.778657|0.934343|1.394473|0.631078|0.377178|0.331570|1.073827|0.855690|0.000000|0.365647|0.338451|0.264095|0.405235|0.995031|0.894400|0.000000|39.000000|nan|0.000000|0.314476|1.000000|0.127809|7.000000
EX5:TW000S|2018-11-01|0.419804|0.404716|1.018095|1.037282|1.636489|5.317892|6.000000|0.619941|0.776126|0.934311|1.431775|0.626929|0.384063|0.331858|1.144663|0.960237|0.000000|0.376153|0.346681|0.306287|0.331858|1.008996|0.932630|0.000000|33.000000|nan|0.000000|0.338774|1.000000|0.127807|7.000000
EX5:TW000S|2019-05-01|0.339289|0.347475|0.882539|0.976443|1.586342|6.631869|6.000000|0.621152|0.843502|0.959242|1.340752|0.633143|0.253767|0.284231|0.892822|0.695948|0.000000|0.298740|0.228319|0.199169|0.347475|0.859746|0.811150|0.000000|27.000000|nan|0.000000|0.253755|0.833333|-0.069808|6.000000
EX5:TW000S|2019-11-01|0.302768|0.357380|0.783598|0.847188|1.633516|6.038334|6.000000|0.607921|0.848435|0.959362|1.258731|0.585145|0.296088|0.258517|1.334630|0.961659|0.000000|0.307145|0.276647|0.216939|0.357380|0.859435|0.822982|0.000000|21.000000|nan|0.000000|0.316713|0.833333|-0.086825|6.000000
EX5:TW000S|2020-05-01|0.346790|0.328898|0.966592|1.054399|1.645619|5.840278|7.000000|0.619815|0.770024|0.959617|1.295348|0.609518|0.289590|0.208313|1.343031|0.928561|0.000000|0.293872|0.275215|0.253218|0.328898|0.893506|0.838891|0.000000|15.000000|nan|0.000000|0.240542|1.000000|0.073456|5.000000
EX5:TW000S|2020-11-01|0.313840|0.281875|0.893777|1.113403|1.629230|6.177131|6.000000|0.612345|0.830973|0.922771|1.270741|0.591231|0.377006|0.213383|1.690803|1.239348|0.000000|0.366938|0.327432|0.272382|0.281875|1.301776|1.081208|0.000000|9.000000|nan|0.000000|0.339920|1.000000|0.022156|5.000000
