#METRIC|m2|年化,最大回撤,Sharpe,Calmar,平均仓位,年均换手,持仓数中位,单票权重中位,单票权重P90,单票权重最大,前三权重中位,单票超60%天数占比,滚动3年年化中位,滚动3年回撤中位,滚动3年Calmar中位,滚动3年Sharpe中位,滚动3年为负的窗口占比,滚动5年年化中位,滚动5年年化P25,滚动5年年化最差,滚动5年回撤中位,滚动5年Calmar中位,滚动5年Sharpe中位,滚动5年为负的窗口占比,滚动5年窗口数,互不重叠5年块中位,滚动10年年化中位,滚动10年窗口数,逐年收益中位,逐年为正比例,逐年最差,完整自然年数,强平次数,最低担保比例,最低股票同跌缓冲,最低总资产冲击缓冲,rf覆盖率,年化_交易日口径,最低担保比例日,最低股票同跌缓冲日,滚动5年年化最差窗口末日,最大回撤起日,最大回撤止日,末次净值日
#MARKET|a
BASE|2009-11-01|0.317190|0.675255|0.766786|0.469734|1.625345|5.905480|6.000000|0.653475|0.982518|1.348353|1.450404|0.780839|0.339321|0.428293|0.842965|0.836972|0.078788|0.360731|0.227305|-0.028114|0.476292|0.722515|0.819975|0.028369|141.000000|0.439031|0.330482|81.000000|0.295309|0.750000|-0.278977|16.000000|0.000000|1.806657|0.280439|0.280439|0.984589|0.318499|20150824.000000|20150824.000000|20160229.000000|20150612.000000|20160613.000000|20260828.000000
BASE|2010-05-01|0.421506|0.644209|0.911426|0.654300|1.655531|6.920247|7.000000|0.670658|0.972875|1.348648|1.468994|0.787615|0.455682|0.465361|0.996830|0.965327|0.075472|0.491367|0.329042|-0.022960|0.465361|1.014361|0.981037|0.022222|135.000000|0.681864|0.458162|75.000000|0.385242|0.800000|-0.278759|15.000000|0.000000|1.791144|0.274207|0.274207|1.000000|0.423461|20150825.000000|20150825.000000|20160229.000000|20150612.000000|20160128.000000|20260828.000000
BASE|2010-11-01|0.347623|0.650325|0.808084|0.534538|1.610096|6.680896|6.000000|0.669114|0.853288|1.035960|1.453910|0.820163|0.415690|0.439718|0.964043|0.917187|0.078431|0.458537|0.260938|-0.051221|0.439718|1.042796|0.935244|0.069767|129.000000|0.549662|0.387508|69.000000|0.315281|0.666667|-0.300207|15.000000|0.000000|1.748549|0.256526|0.256526|1.000000|0.348938|20150825.000000|20150825.000000|20160630.000000|20150612.000000|20160613.000000|20260828.000000
BASE|2011-05-01|0.313252|0.716482|0.757285|0.437209|1.601564|5.945009|6.000000|0.653668|0.976559|1.176986|1.456533|0.799889|0.369226|0.460782|0.888320|0.878814|0.068027|0.388749|0.240929|-0.049277|0.460782|0.864844|0.868731|0.024390|123.000000|0.440237|0.333165|63.000000|0.300273|0.714286|-0.272957|14.000000|0.000000|1.853299|0.298548|0.298548|1.000000|0.314437|20150824.000000|20150824.000000|20160531.000000|20150609.000000|20160203.000000|20260828.000000
BASE|2011-11-01|0.332365|0.714312|0.782924|0.465294|1.648452|5.913399|6.000000|0.649585|0.965298|1.153464|1.452292|0.810301|0.375078|0.451931|0.860605|0.891406|0.021277|0.395604|0.270002|0.032934|0.474192|0.859471|0.882014|0.000000|117.000000|0.538428|0.339732|57.000000|0.312580|0.714286|-0.272958|14.000000|0.000000|1.852054|0.298077|0.298077|1.000000|0.333825|20150824.000000|20150824.000000|20161230.000000|20150609.000000|20160203.000000|20260828.000000
BASE|2012-05-01|0.398479|0.704303|0.871271|0.565778|1.670622|6.541017|6.000000|0.671527|0.908442|1.105974|1.483432|0.819908|0.431754|0.447421|1.003331|0.946037|0.022222|0.501370|0.359221|0.102592|0.447421|1.120579|0.994843|0.000000|111.000000|0.628698|0.421862|51.000000|0.418307|0.769231|-0.238389|13.000000|0.000000|1.748038|0.256309|0.256309|1.000000|0.399893|20150826.000000|20150826.000000|20170531.000000|20150609.000000|20160201.000000|20260828.000000
BASE|2012-11-01|0.500301|0.682510|1.011660|0.733031|1.688805|6.619761|7.000000|0.648709|0.895096|1.031781|1.435513|0.777546|0.528360|0.440508|1.256107|1.050561|0.015504|0.545642|0.463911|0.259088|0.440508|1.238665|1.057442|0.000000|105.000000|0.704378|0.499766|45.000000|0.377203|0.769231|-0.175583|13.000000|0.000000|1.708996|0.239320|0.239320|1.000000|0.502703|20150825.000000|20150825.000000|20200630.000000|20150609.000000|20160201.000000|20260828.000000
BASE|2013-05-01|0.493118|0.645428|1.003970|0.764017|1.678970|6.989107|7.000000|0.637112|0.806334|0.964632|1.462380|0.751003|0.531344|0.488676|1.217349|1.103718|0.008130|0.587223|0.433852|0.169320|0.550827|1.066297|1.097226|0.000000|99.000000|0.699587|0.496166|39.000000|0.403015|0.833333|-0.142835|12.000000|0.000000|1.676891|0.224756|0.224756|1.000000|0.494718|20150825.000000|20150825.000000|20200430.000000|20150612.000000|20150825.000000|20260828.000000
BASE|2013-11-01|0.416973|0.662680|0.913688|0.629222|1.673763|5.658716|7.000000|0.638492|0.815634|1.010997|1.454763|0.802564|0.469529|0.428419|1.143501|1.012617|0.008547|0.486954|0.386036|0.116037|0.428419|1.136636|1.016321|0.000000|93.000000|0.579316|0.422584|33.000000|0.376695|0.750000|-0.192983|12.000000|0.000000|2.048288|0.365324|0.365324|1.000000|0.418146|20200323.000000|20200323.000000|20181228.000000|20150612.000000|20160613.000000|20260828.000000
BASE|2014-05-01|0.492967|0.727618|1.006381|0.677507|1.673398|6.764929|7.000000|0.643601|0.991110|1.234613|1.448668|0.813542|0.528952|0.434845|1.221505|1.052025|0.009009|0.538538|0.457808|0.114229|0.438977|1.226800|1.070114|0.000000|87.000000|0.640445|0.447783|27.000000|0.384420|0.727273|-0.317057|11.000000|0.000000|1.882588|0.309461|0.309461|1.000000|0.494129|20150824.000000|20150824.000000|20200430.000000|20150612.000000|20160613.000000|20260828.000000
BASE|2014-11-01|0.527916|0.802278|1.040265|0.658021|1.648075|6.976729|7.000000|0.642409|0.753232|0.967437|1.447781|0.772174|0.614003|0.433711|1.318757|1.165666|0.000000|0.648266|0.550863|0.076336|0.557419|1.165104|1.165577|0.000000|81.000000|0.723632|0.553282|21.000000|0.417737|0.727273|-0.422580|11.000000|0.000000|1.807787|0.280889|0.280889|1.000000|0.529547|20200323.000000|20200323.000000|20200430.000000|20150609.000000|20160530.000000|20260828.000000
BASE|2015-05-01|0.497078|0.624335|1.055197|0.796171|1.612889|6.635506|7.000000|0.641217|0.730362|0.875815|1.436618|0.786647|0.572757|0.439877|1.295890|1.131364|0.000000|0.606881|0.518148|0.194382|0.518214|1.177819|1.142325|0.000000|75.000000|0.683658|0.556252|15.000000|0.577669|0.800000|-0.169285|10.000000|0.000000|1.781152|0.270135|0.270135|1.000000|0.498539|20200323.000000|20200323.000000|20200529.000000|20150609.000000|20160530.000000|20260828.000000
BASE|2015-11-01|0.593619|0.530669|1.183498|1.118624|1.666028|6.514393|8.000000|0.642161|0.742201|0.878207|1.455751|0.808131|0.627091|0.431817|1.441992|1.204787|0.000000|0.663867|0.581458|0.477752|0.530669|1.284573|1.215774|0.000000|69.000000|0.705046|0.712289|9.000000|0.592226|0.800000|-0.169864|10.000000|0.000000|1.763592|0.262868|0.262868|1.000000|0.595617|20200323.000000|20200323.000000|20230131.000000|20200103.000000|20200323.000000|20260828.000000
BASE|2016-05-01|0.706167|0.554595|1.345849|1.273303|1.673974|7.085282|7.000000|0.626674|0.748150|0.982351|1.437303|0.728179|0.629769|0.433902|1.372478|1.198598|0.000000|0.666191|0.589084|0.488352|0.554595|1.211295|1.219325|0.000000|63.000000|0.699189|0.703877|3.000000|0.766162|0.888889|-0.150941|9.000000|0.000000|1.739353|0.252596|0.252596|1.000000|0.709011|20200323.000000|20200323.000000|20230131.000000|20200114.000000|20200323.000000|20260828.000000
OI168LM12|2009-11-01|0.318949|0.656714|0.761522|0.485675|1.614878|6.446217|6.000000|0.685449|0.968911|1.297339|1.488785|0.846364|0.350905|0.426632|0.780726|0.817975|0.066667|0.398200|0.231760|-0.023826|0.569735|0.721585|0.851441|0.028369|141.000000|0.541300|0.365403|81.000000|0.287814|0.750000|-0.278977|16.000000|0.000000|1.978373|0.342894|0.342894|0.984589|0.320267|20240723.000000|20240723.000000|20160229.000000|20150612.000000|20160613.000000|20260828.000000
OI168LM12|2010-05-01|0.340303|0.655523|0.788856|0.519132|1.651725|6.741184|6.000000|0.689327|0.972667|1.298253|1.512528|0.856192|0.368197|0.420345|0.829586|0.834211|0.050314|0.411310|0.254562|-0.018535|0.557344|0.771826|0.882671|0.022222|135.000000|0.541864|0.374823|75.000000|0.352651|0.733333|-0.278759|15.000000|0.000000|1.792908|0.274921|0.274921|1.000000|0.341837|20150824.000000|20150824.000000|20160229.000000|20150612.000000|20160613.000000|20260828.000000
OI168LM12|2010-11-01|0.335383|0.693206|0.787052|0.483815|1.610812|7.391767|6.000000|0.685129|0.912150|1.067315|1.440652|0.845104|0.410665|0.439838|0.900867|0.891596|0.078431|0.427176|0.334378|-0.052148|0.471444|0.871430|0.893643|0.069767|129.000000|0.587769|0.394622|69.000000|0.166488|0.800000|-0.300207|15.000000|0.000000|1.729950|0.248533|0.248533|1.000000|0.336646|20150825.000000|20150825.000000|20160129.000000|20150609.000000|20160201.000000|20260828.000000
OI168LM12|2011-05-01|0.328431|0.699960|0.781562|0.469214|1.598359|6.956889|7.000000|0.689239|0.919134|1.090809|1.475147|0.808795|0.396764|0.442655|0.892469|0.877188|0.040816|0.408940|0.322124|-0.031601|0.538564|0.809864|0.879977|0.024390|123.000000|0.522609|0.372124|63.000000|0.274760|0.785714|-0.254132|14.000000|0.000000|1.739288|0.252568|0.252568|1.000000|0.329680|20150825.000000|20150825.000000|20160531.000000|20150609.000000|20160201.000000|20260828.000000
OI168LM12|2011-11-01|0.372187|0.690266|0.837134|0.539193|1.641617|6.690761|7.000000|0.679785|0.911601|1.057794|1.465353|0.834506|0.428789|0.437159|0.926507|0.912996|0.014184|0.443863|0.369455|0.059286|0.517827|0.935666|0.930153|0.000000|117.000000|0.590446|0.406532|57.000000|0.290630|0.785714|-0.243191|14.000000|0.000000|1.716094|0.242466|0.242466|1.000000|0.373844|20150825.000000|20150825.000000|20161230.000000|20150609.000000|20160201.000000|20260828.000000
OI168LM12|2012-05-01|0.427331|0.691333|0.905608|0.618126|1.669005|7.137577|6.000000|0.665905|0.866902|1.060383|1.487523|0.834580|0.499932|0.447804|1.082702|0.993485|0.014815|0.512507|0.438319|0.122668|0.543496|1.035411|1.002618|0.000000|111.000000|0.666051|0.472676|51.000000|0.399851|0.769231|-0.229098|13.000000|0.000000|1.665260|0.219341|0.219341|1.000000|0.428862|20150825.000000|20150825.000000|20170531.000000|20150609.000000|20160201.000000|20260828.000000
OI168LM12|2012-11-01|0.418040|0.691470|0.908374|0.604567|1.693472|6.636271|7.000000|0.687695|0.875688|1.061488|1.480479|0.817749|0.430698|0.395481|0.967678|0.920454|0.015504|0.447059|0.369933|0.257370|0.539895|0.921200|0.930993|0.000000|105.000000|0.570511|0.415316|45.000000|0.378421|0.769231|-0.219979|13.000000|0.000000|1.697762|0.234286|0.234286|1.000000|0.419995|20150825.000000|20150825.000000|20200630.000000|20150609.000000|20160201.000000|20260828.000000
OI168LM12|2013-05-01|0.354849|0.642042|0.813029|0.552689|1.676276|6.553060|7.000000|0.658195|0.795357|0.945100|1.482572|0.844801|0.401715|0.421046|0.940916|0.917008|0.016260|0.422066|0.350692|0.160078|0.492300|0.887325|0.908831|0.000000|99.000000|0.510617|0.372115|39.000000|0.378783|0.750000|-0.181806|12.000000|0.000000|1.762313|0.262333|0.262333|1.000000|0.355949|20150825.000000|20150825.000000|20181228.000000|20150612.000000|20160613.000000|20260828.000000
OI168LM12|2013-11-01|0.373859|0.665671|0.846900|0.561627|1.678013|6.863768|7.000000|0.642349|0.848574|1.016651|1.479635|0.791346|0.425356|0.418369|0.981287|0.934758|0.008547|0.426806|0.352077|0.114788|0.418369|0.936042|0.937622|0.000000|93.000000|0.518581|0.380382|33.000000|0.293598|0.750000|-0.222894|12.000000|0.000000|2.003948|0.351281|0.351281|1.000000|0.374895|20250407.000000|20250407.000000|20181228.000000|20150612.000000|20160613.000000|20260828.000000
OI168LM12|2014-05-01|0.373231|0.743866|0.849866|0.501744|1.677374|7.339317|7.000000|0.719762|1.064390|1.274058|1.440445|0.889593|0.389291|0.427998|0.918727|0.871033|0.009009|0.389592|0.318635|0.129408|0.427998|0.903761|0.875191|0.000000|87.000000|0.481478|0.352834|27.000000|0.271940|0.727273|-0.368729|11.000000|0.000000|1.842935|0.294604|0.294604|1.000000|0.374077|20150824.000000|20150824.000000|20200430.000000|20150609.000000|20160203.000000|20260828.000000
OI168LM12|2014-11-01|0.436003|0.799360|0.911953|0.545441|1.652900|6.363777|7.000000|0.664099|0.821147|1.010883|1.509549|0.864696|0.527084|0.568385|1.051509|1.065483|0.000000|0.536625|0.483180|0.072075|0.574534|0.937985|1.059496|0.000000|81.000000|0.606627|0.465551|21.000000|0.308854|0.727273|-0.415727|11.000000|0.000000|1.806248|0.280276|0.280276|1.000000|0.437312|20150824.000000|20150824.000000|20200430.000000|20150609.000000|20160530.000000|20260828.000000
OI168LM12|2015-05-01|0.427291|0.623513|0.933467|0.685296|1.613272|6.298492|7.000000|0.665663|0.824849|1.011114|1.525923|0.883626|0.552825|0.568413|1.076834|1.076739|0.000000|0.546900|0.490213|0.181924|0.574428|0.959687|1.058292|0.000000|75.000000|0.599212|0.506726|15.000000|0.333861|0.800000|-0.179687|10.000000|0.000000|1.846110|0.295817|0.295817|1.000000|0.428519|20240906.000000|20240906.000000|20200529.000000|20150609.000000|20160530.000000|20260828.000000
OI168LM12|2015-11-01|0.523188|0.574292|1.074488|0.911015|1.662535|6.949465|7.000000|0.659843|0.773908|1.011083|1.505236|0.886398|0.582181|0.546040|1.112273|1.110524|0.000000|0.570885|0.516861|0.406460|0.574292|1.016619|1.105004|0.000000|69.000000|0.624561|0.634979|9.000000|0.377316|0.800000|-0.180335|10.000000|0.000000|1.849868|0.297247|0.297247|1.000000|0.524912|20200323.000000|20200323.000000|20241231.000000|20200114.000000|20200323.000000|20260828.000000
OI168LM12|2016-05-01|0.550223|0.557301|1.126532|0.987301|1.677724|6.441072|7.000000|0.643422|0.743546|0.886439|1.482716|0.836987|0.503080|0.438407|1.126496|1.019193|0.000000|0.511459|0.456963|0.365193|0.438407|1.067847|1.037640|0.000000|63.000000|0.540125|0.545949|3.000000|0.404744|0.888889|-0.165773|9.000000|0.000000|1.864909|0.302915|0.302915|1.000000|0.552344|20200323.000000|20200323.000000|20241231.000000|20240529.000000|20240911.000000|20260828.000000
OI168LM13|2009-11-01|0.361556|0.647518|0.828625|0.558372|1.618627|6.285218|6.000000|0.665434|0.967554|1.300037|1.481170|0.831720|0.378152|0.440144|0.888450|0.884910|0.060606|0.416638|0.240271|-0.013517|0.440144|0.911974|0.878639|0.021277|141.000000|0.541867|0.388116|81.000000|0.309073|0.750000|-0.278977|16.000000|0.000000|1.784075|0.271331|0.271331|0.984589|0.363072|20150824.000000|20150824.000000|20160229.000000|20150612.000000|20160613.000000|20260828.000000
OI168LM13|2010-05-01|0.338284|0.693738|0.796507|0.487625|1.652487|6.906553|6.000000|0.656665|1.012312|1.300184|1.437003|0.802456|0.348004|0.426927|0.840340|0.855389|0.062893|0.365452|0.246537|-0.027165|0.491112|0.754991|0.818578|0.029630|135.000000|0.444154|0.334678|75.000000|0.385242|0.733333|-0.278759|15.000000|0.000000|1.849799|0.297221|0.297221|1.000000|0.339808|20150824.000000|20150824.000000|20160229.000000|20150612.000000|20160613.000000|20260828.000000
OI168LM13|2010-11-01|0.364358|0.657766|0.829475|0.553932|1.614234|6.853625|7.000000|0.678883|0.875338|1.005382|1.450969|0.850354|0.467101|0.450891|1.042493|0.967685|0.078431|0.495991|0.359182|-0.041603|0.475214|1.055730|0.983365|0.069767|129.000000|0.619127|0.444251|69.000000|0.222849|0.800000|-0.300207|15.000000|0.000000|1.706198|0.238072|0.238072|1.000000|0.365744|20150825.000000|20150825.000000|20160129.000000|20150612.000000|20150825.000000|20260828.000000
OI168LM13|2011-05-01|0.379938|0.679125|0.856247|0.559452|1.591576|6.745160|7.000000|0.667832|0.908972|1.029881|1.455757|0.799054|0.436016|0.437663|0.953202|0.921989|0.040816|0.455321|0.368411|-0.029348|0.437663|1.003741|0.926012|0.024390|123.000000|0.642301|0.415841|63.000000|0.282280|0.785714|-0.237041|14.000000|0.000000|1.707543|0.238672|0.238672|1.000000|0.381409|20150825.000000|20150825.000000|20160531.000000|20150609.000000|20160201.000000|20260828.000000
OI168LM13|2011-11-01|0.325128|0.700465|0.772405|0.464161|1.644121|7.051557|6.000000|0.652768|0.934600|1.113610|1.459557|0.835913|0.355221|0.454617|0.799091|0.843196|0.014184|0.372079|0.269653|0.042050|0.499513|0.799740|0.845545|0.000000|117.000000|0.517542|0.325551|57.000000|0.287603|0.714286|-0.259539|14.000000|0.000000|1.825134|0.287723|0.287723|1.000000|0.326552|20150825.000000|20150825.000000|20161230.000000|20150609.000000|20160203.000000|20260828.000000
OI168LM13|2012-05-01|0.370826|0.681258|0.842208|0.544326|1.671575|7.327444|7.000000|0.670429|0.872982|1.031604|1.470502|0.792578|0.429162|0.380047|0.947787|0.918403|0.014815|0.440305|0.354750|0.120292|0.514347|0.929304|0.917561|0.000000|111.000000|0.576962|0.409371|51.000000|0.383259|0.769231|-0.213605|13.000000|0.000000|1.660192|0.216958|0.216958|1.000000|0.372129|20150825.000000|20150825.000000|20170531.000000|20150609.000000|20160201.000000|20260828.000000
OI168LM13|2012-11-01|0.483166|0.655650|0.982890|0.736927|1.693358|7.024862|7.000000|0.673151|0.863691|0.991289|1.462137|0.832341|0.507897|0.562953|1.036743|1.039161|0.015504|0.533183|0.469932|0.238704|0.562953|0.963609|1.055606|0.000000|105.000000|0.675708|0.499459|45.000000|0.375691|0.769231|-0.180211|13.000000|0.000000|1.642742|0.208640|0.208640|1.000000|0.485473|20150825.000000|20150825.000000|20200430.000000|20150612.000000|20150825.000000|20260828.000000
OI168LM13|2013-05-01|0.469865|0.643367|0.973576|0.730322|1.679755|6.502130|6.000000|0.642662|0.820194|1.041151|1.451737|0.763962|0.511235|0.520356|1.090770|1.056770|0.008130|0.554808|0.458207|0.202332|0.583884|0.957602|1.064086|0.000000|99.000000|0.666964|0.486192|39.000000|0.381916|0.833333|-0.140031|12.000000|0.000000|1.677010|0.224811|0.224811|1.000000|0.471378|20150825.000000|20150825.000000|20200430.000000|20150612.000000|20150825.000000|20260828.000000
OI168LM13|2013-11-01|0.518155|0.633023|1.037709|0.818540|1.676207|6.901304|7.000000|0.660591|0.787594|0.946651|1.443477|0.802244|0.546577|0.430568|1.185451|1.088241|0.000000|0.581314|0.485886|0.225946|0.554414|1.081560|1.121306|0.000000|93.000000|0.706167|0.530919|33.000000|0.317235|0.833333|-0.173402|12.000000|0.000000|1.885433|0.310503|0.310503|1.000000|0.519660|20200323.000000|20200323.000000|20181228.000000|20150612.000000|20160201.000000|20260828.000000
OI168LM13|2014-05-01|0.411672|0.746698|0.901479|0.551323|1.673999|7.107492|7.000000|0.651588|1.065652|1.315519|1.439201|0.845230|0.437445|0.442664|1.029915|0.968551|0.027027|0.444960|0.366055|0.112338|0.442664|1.013414|0.952468|0.000000|87.000000|0.541289|0.385679|27.000000|0.384685|0.727273|-0.371394|11.000000|0.000000|1.842114|0.294289|0.294289|1.000000|0.412618|20150824.000000|20150824.000000|20200630.000000|20150612.000000|20160613.000000|20260828.000000
OI168LM13|2014-11-01|0.505764|0.799360|1.017695|0.632711|1.644908|7.092480|7.000000|0.640958|0.766695|1.008187|1.469359|0.793391|0.574172|0.420405|1.234831|1.098612|0.000000|0.598083|0.511831|0.072371|0.573310|1.068260|1.125515|0.000000|81.000000|0.694202|0.527450|21.000000|0.364757|0.727273|-0.415727|11.000000|0.000000|1.806248|0.280276|0.280276|1.000000|0.507317|20150824.000000|20150824.000000|20200430.000000|20150609.000000|20160530.000000|20260828.000000
OI168LM13|2015-05-01|0.508590|0.623513|1.065774|0.815684|1.605521|7.064740|7.000000|0.640674|0.765139|1.010867|1.481610|0.795972|0.583526|0.420597|1.254851|1.124558|0.000000|0.617902|0.522943|0.181771|0.574428|1.110066|1.142735|0.000000|75.000000|0.696801|0.563570|15.000000|0.549000|0.800000|-0.179687|10.000000|0.000000|1.833503|0.290975|0.290975|1.000000|0.510090|20200323.000000|20200323.000000|20200529.000000|20150609.000000|20160530.000000|20260828.000000
OI168LM13|2015-11-01|0.556204|0.573313|1.131537|0.970157|1.659207|7.440912|7.000000|0.643525|0.770416|1.008338|1.459424|0.840805|0.594341|0.431300|1.276388|1.141463|0.000000|0.608112|0.532988|0.452076|0.573313|1.143719|1.168206|0.000000|69.000000|0.660930|0.671999|9.000000|0.504958|0.800000|-0.180335|10.000000|0.000000|1.851899|0.298018|0.298018|1.000000|0.558054|20200323.000000|20200323.000000|20230131.000000|20200114.000000|20200323.000000|20260828.000000
OI168LM13|2016-05-01|0.632210|0.438407|1.264112|1.442063|1.672976|6.704899|8.000000|0.626802|0.719113|0.853038|1.424377|0.745715|0.558133|0.425475|1.375615|1.118818|0.000000|0.565802|0.513418|0.406285|0.438407|1.290587|1.115430|0.000000|63.000000|0.626888|0.627994|3.000000|0.760979|0.888889|-0.165773|9.000000|0.000000|1.864909|0.302915|0.302915|1.000000|0.634705|20200323.000000|20200323.000000|20230131.000000|20200102.000000|20200323.000000|20260828.000000
OI168LM14|2009-11-01|0.322237|0.641911|0.770056|0.501997|1.629744|6.319902|6.000000|0.655192|0.968407|1.348353|1.472077|0.829983|0.366328|0.428293|0.821923|0.836925|0.072727|0.378168|0.232647|-0.020360|0.523764|0.708155|0.859028|0.021277|141.000000|0.478932|0.349113|81.000000|0.268267|0.750000|-0.278977|16.000000|0.000000|1.784051|0.271321|0.271321|0.984589|0.323569|20150825.000000|20150825.000000|20160229.000000|20150612.000000|20160613.000000|20260828.000000
OI168LM14|2010-05-01|0.448231|0.689909|0.951912|0.649696|1.646235|6.969411|6.000000|0.683338|1.023071|1.348648|1.473977|0.773286|0.474853|0.519616|1.065065|1.013905|0.075472|0.531870|0.313229|-0.033170|0.519616|1.001412|1.039583|0.037037|135.000000|0.736370|0.483628|75.000000|0.385242|0.800000|-0.278759|15.000000|0.000000|1.834902|0.291515|0.291515|1.000000|0.450328|20200323.000000|20200323.000000|20160331.000000|20150612.000000|20160201.000000|20260828.000000
OI168LM14|2010-11-01|0.369419|0.693730|0.838174|0.532511|1.615549|6.427161|7.000000|0.677442|0.924576|1.068878|1.454585|0.833815|0.453177|0.456798|0.992075|0.948775|0.078431|0.488286|0.344986|-0.057375|0.456798|1.058983|0.972422|0.069767|129.000000|0.629233|0.432384|69.000000|0.303810|0.733333|-0.300207|15.000000|0.000000|1.715542|0.242222|0.242222|1.000000|0.370827|20150825.000000|20150825.000000|20160129.000000|20150609.000000|20160201.000000|20260828.000000
OI168LM14|2011-05-01|0.305190|0.716697|0.743917|0.425828|1.600524|6.984701|7.000000|0.658740|0.971604|1.166312|1.458948|0.842193|0.364675|0.469311|0.834720|0.857875|0.054422|0.384347|0.242849|-0.047821|0.469311|0.839816|0.856298|0.024390|123.000000|0.438325|0.332184|63.000000|0.296029|0.714286|-0.267971|14.000000|0.000000|1.853948|0.298794|0.298794|1.000000|0.306341|20150824.000000|20150824.000000|20160531.000000|20150609.000000|20160203.000000|20260828.000000
OI168LM14|2011-11-01|0.334509|0.685022|0.793488|0.488319|1.648955|6.392005|7.000000|0.676636|0.920713|1.041282|1.457084|0.814523|0.380412|0.391011|0.915620|0.864954|0.014184|0.401357|0.319151|0.058745|0.465514|0.925403|0.880660|0.000000|117.000000|0.530346|0.360246|57.000000|0.294106|0.714286|-0.242324|14.000000|0.000000|1.703750|0.236977|0.236977|1.000000|0.335979|20150825.000000|20150825.000000|20161230.000000|20150609.000000|20160201.000000|20260828.000000
OI168LM14|2012-05-01|0.415604|0.703563|0.894917|0.590713|1.669199|6.612960|7.000000|0.662511|0.905194|1.102972|1.469808|0.798331|0.459264|0.460991|1.069939|0.953115|0.022222|0.530854|0.358080|0.104022|0.460991|1.164862|1.030948|0.000000|111.000000|0.656166|0.438235|51.000000|0.379770|0.769231|-0.239390|13.000000|0.000000|1.747293|0.255992|0.255992|1.000000|0.417087|20150825.000000|20150825.000000|20170531.000000|20150609.000000|20160201.000000|20260828.000000
OI168LM14|2012-11-01|0.496308|0.685039|1.001917|0.724496|1.690821|6.724971|7.000000|0.681841|0.913223|1.073675|1.489461|0.787076|0.523025|0.566380|1.078834|1.040333|0.015504|0.543138|0.466830|0.212007|0.566380|0.971841|1.062594|0.000000|105.000000|0.699484|0.504056|45.000000|0.422619|0.769231|-0.173892|13.000000|0.000000|1.670657|0.221863|0.221863|1.000000|0.498687|20150825.000000|20150825.000000|20200430.000000|20150609.000000|20160201.000000|20260828.000000
OI168LM14|2013-05-01|0.498967|0.637418|1.013573|0.782794|1.677196|6.587037|7.000000|0.659531|0.796078|0.962787|1.458051|0.784634|0.544966|0.506122|1.166781|1.065357|0.008130|0.574718|0.482250|0.244665|0.551881|1.064922|1.091213|0.000000|99.000000|0.699374|0.522388|39.000000|0.401885|0.833333|-0.176395|12.000000|0.000000|1.700401|0.235474|0.235474|1.000000|0.500589|20150825.000000|20150825.000000|20200430.000000|20150612.000000|20150825.000000|20260828.000000
OI168LM14|2013-11-01|0.529497|0.644669|1.051851|0.821347|1.673870|6.412520|7.000000|0.651389|0.811045|0.985246|1.471673|0.789103|0.558511|0.427780|1.241173|1.107181|0.000000|0.613900|0.510086|0.232661|0.566622|1.108901|1.145280|0.000000|93.000000|0.728640|0.555160|33.000000|0.361227|0.833333|-0.165523|12.000000|0.000000|1.913988|0.320790|0.320790|1.000000|0.531041|20200323.000000|20200323.000000|20181228.000000|20150612.000000|20160201.000000|20260828.000000
OI168LM14|2014-05-01|0.429446|0.741104|0.921604|0.579467|1.675492|6.321360|7.000000|0.666678|1.041664|1.253012|1.464854|0.879920|0.467903|0.438984|1.057625|0.986001|0.000000|0.484914|0.397476|0.130522|0.438984|1.049277|1.001229|0.000000|87.000000|0.552377|0.404640|27.000000|0.277323|0.818182|-0.371346|11.000000|0.000000|1.842603|0.294477|0.294477|1.000000|0.430438|20150824.000000|20150824.000000|20200430.000000|20150612.000000|20160203.000000|20260828.000000
OI168LM14|2014-11-01|0.495927|0.801967|1.002875|0.618388|1.648439|6.058495|7.000000|0.638103|0.720961|0.966955|1.459410|0.761391|0.608042|0.460884|1.242793|1.146986|0.000000|0.623941|0.536096|0.091831|0.530928|1.209708|1.172366|0.000000|81.000000|0.685848|0.521186|21.000000|0.424040|0.727273|-0.421133|11.000000|0.000000|1.807454|0.280756|0.280756|1.000000|0.497444|20150824.000000|20150824.000000|20200430.000000|20150609.000000|20160530.000000|20260828.000000
OI168LM14|2015-05-01|0.523980|0.623513|1.090324|0.840366|1.603919|6.906613|7.000000|0.643305|0.758396|1.002492|1.459895|0.795599|0.603535|0.422218|1.281396|1.158550|0.000000|0.630944|0.534201|0.195181|0.571957|1.139109|1.169939|0.000000|75.000000|0.714934|0.582545|15.000000|0.619765|0.800000|-0.180660|10.000000|0.000000|1.848288|0.296646|0.296646|1.000000|0.525532|20200323.000000|20200323.000000|20200529.000000|20150609.000000|20160530.000000|20260828.000000
OI168LM14|2015-11-01|0.579086|0.572430|1.173175|1.011628|1.658995|6.571920|7.000000|0.641817|0.755096|1.005427|1.438803|0.797492|0.605272|0.424006|1.304693|1.176373|0.000000|0.621328|0.554222|0.458571|0.572430|1.149878|1.185922|0.000000|69.000000|0.688038|0.695831|9.000000|0.545365|0.800000|-0.153632|10.000000|0.000000|1.854466|0.298990|0.298990|1.000000|0.581026|20200323.000000|20200323.000000|20230131.000000|20200114.000000|20200323.000000|20260828.000000
OI168LM14|2016-05-01|0.698800|0.551817|1.333760|1.266362|1.670899|7.025904|6.000000|0.630858|0.748498|0.962591|1.474905|0.780391|0.632412|0.420050|1.409989|1.187521|0.000000|0.654302|0.583417|0.470453|0.551817|1.214083|1.201612|0.000000|63.000000|0.690961|0.695272|3.000000|0.810299|0.888889|-0.153600|9.000000|0.000000|1.863553|0.302408|0.302408|1.000000|0.701609|20200323.000000|20200323.000000|20230131.000000|20200114.000000|20200323.000000|20260828.000000
OI168LM16|2009-11-01|0.317454|0.669172|0.761360|0.474398|1.629860|5.216206|6.000000|0.653760|0.977664|1.348353|1.444505|0.803425|0.358181|0.428293|0.801452|0.861345|0.078788|0.371259|0.234827|-0.024681|0.522150|0.712583|0.832536|0.028369|141.000000|0.487357|0.347950|81.000000|0.288135|0.750000|-0.278977|16.000000|0.000000|1.801360|0.278323|0.278323|0.984589|0.318764|20150824.000000|20150824.000000|20160229.000000|20150612.000000|20160613.000000|20260828.000000
OI168LM16|2010-05-01|0.345328|0.676326|0.804904|0.510594|1.658055|5.970633|6.000000|0.657520|0.986303|1.348648|1.446227|0.779939|0.374095|0.431405|0.887727|0.869613|0.075472|0.391848|0.246430|-0.025013|0.478860|0.868349|0.874572|0.029630|135.000000|0.465920|0.353645|75.000000|0.385242|0.733333|-0.278759|15.000000|0.000000|1.804475|0.279569|0.279569|1.000000|0.346888|20150824.000000|20150824.000000|20160229.000000|20150612.000000|20160613.000000|20260828.000000
OI168LM16|2010-11-01|0.383888|0.648006|0.861562|0.592414|1.612054|7.537455|6.000000|0.676948|0.837368|1.039044|1.467129|0.850092|0.468026|0.465494|1.007115|0.988710|0.078431|0.517598|0.371307|-0.039378|0.465494|1.095826|0.998592|0.062016|129.000000|0.611889|0.467766|69.000000|0.360795|0.733333|-0.300207|15.000000|0.000000|1.747370|0.256025|0.256025|1.000000|0.385358|20150825.000000|20150825.000000|20160229.000000|20150612.000000|20150825.000000|20260828.000000
OI168LM16|2011-05-01|0.312352|0.722611|0.754062|0.432254|1.599913|5.936846|6.000000|0.648275|0.984432|1.197615|1.442431|0.796549|0.374908|0.471213|0.852417|0.883760|0.061224|0.387566|0.245699|-0.049028|0.477225|0.855718|0.878039|0.024390|123.000000|0.440086|0.336704|63.000000|0.317179|0.714286|-0.275024|14.000000|0.000000|1.862666|0.302076|0.302076|1.000000|0.313533|20150824.000000|20150824.000000|20160531.000000|20150609.000000|20160203.000000|20260828.000000
OI168LM16|2011-11-01|0.473098|0.649988|0.982298|0.727857|1.639478|6.963176|6.000000|0.666510|0.838339|1.024326|1.486300|0.797354|0.557321|0.449780|1.277208|1.083318|0.014184|0.572165|0.469516|0.073715|0.449780|1.272238|1.093088|0.000000|117.000000|0.758097|0.519961|57.000000|0.364214|0.714286|-0.197563|14.000000|0.000000|1.695457|0.233245|0.233245|1.000000|0.475277|20150825.000000|20150825.000000|20161230.000000|20150612.000000|20150825.000000|20260828.000000
OI168LM16|2012-05-01|0.438073|0.663314|0.926788|0.660431|1.667509|6.592652|7.000000|0.666146|0.873750|1.017001|1.449194|0.818182|0.513531|0.456399|1.169220|1.032686|0.014815|0.530008|0.451151|0.113902|0.456399|1.161282|1.047628|0.000000|111.000000|0.689493|0.490047|51.000000|0.380981|0.769231|-0.200589|13.000000|0.000000|1.658300|0.216065|0.216065|1.000000|0.439648|20150825.000000|20150825.000000|20170531.000000|20150612.000000|20150825.000000|20260828.000000
OI168LM16|2012-11-01|0.512245|0.676050|1.025705|0.757703|1.689440|6.727967|6.000000|0.668040|0.907337|1.025504|1.480391|0.769803|0.538802|0.570081|1.226668|1.110999|0.015504|0.586833|0.443560|0.186749|0.570081|1.042200|1.096628|0.000000|105.000000|0.720809|0.510315|45.000000|0.417633|0.769231|-0.135026|13.000000|0.000000|1.707820|0.238796|0.238796|1.000000|0.514713|20150825.000000|20150825.000000|20200430.000000|20150609.000000|20160201.000000|20260828.000000
OI168LM16|2013-05-01|0.458050|0.646181|0.961159|0.708857|1.683852|6.286090|7.000000|0.636721|0.752772|0.971997|1.437659|0.731256|0.511847|0.458536|1.201066|1.058902|0.008130|0.554218|0.445156|0.227559|0.473678|1.178945|1.078646|0.000000|99.000000|0.645695|0.488836|39.000000|0.397432|0.833333|-0.148376|12.000000|0.000000|1.675028|0.223893|0.223893|1.000000|0.459520|20150825.000000|20150825.000000|20200430.000000|20150612.000000|20150825.000000|20260828.000000
OI168LM16|2013-11-01|0.528598|0.643514|1.057962|0.821424|1.672990|6.431853|7.000000|0.647759|0.815217|0.986080|1.460158|0.758333|0.574277|0.435360|1.245662|1.115479|0.000000|0.591198|0.489581|0.226814|0.566579|1.060912|1.134743|0.000000|93.000000|0.724781|0.537590|33.000000|0.343901|0.833333|-0.187238|12.000000|0.000000|1.913045|0.320455|0.320455|1.000000|0.530139|20200323.000000|20200323.000000|20181228.000000|20150612.000000|20160201.000000|20260828.000000
OI168LM16|2014-05-01|0.516549|0.706957|1.034327|0.730666|1.674136|6.820289|6.000000|0.644700|0.929277|1.150786|1.437407|0.826217|0.557162|0.436476|1.294154|1.095623|0.000000|0.567617|0.479712|0.135935|0.443975|1.278490|1.100947|0.000000|87.000000|0.663078|0.474096|27.000000|0.382860|0.727273|-0.253507|11.000000|0.000000|1.853224|0.298520|0.298520|1.000000|0.517776|20150825.000000|20150825.000000|20200430.000000|20150612.000000|20160613.000000|20260828.000000
OI168LM16|2014-11-01|0.455412|0.820702|0.953974|0.554905|1.631073|6.326669|7.000000|0.630270|0.746905|0.987822|1.410742|0.738429|0.584399|0.437714|1.277135|1.152597|0.028571|0.603877|0.529056|0.023284|0.555363|1.129346|1.166604|0.000000|81.000000|0.632376|0.488303|21.000000|0.416401|0.727273|-0.440387|11.000000|0.000000|1.755821|0.259606|0.259606|1.000000|0.456788|20200323.000000|20200323.000000|20200430.000000|20150609.000000|20160513.000000|20260828.000000
OI168LM16|2015-05-01|0.520779|0.622900|1.084070|0.836055|1.610827|6.507962|7.000000|0.642549|0.745146|0.884715|1.443618|0.777695|0.629380|0.434007|1.435183|1.207456|0.000000|0.665988|0.589516|0.189132|0.531313|1.293951|1.220738|0.000000|75.000000|0.714888|0.587636|15.000000|0.612547|0.800000|-0.168708|10.000000|0.000000|1.763210|0.262708|0.262708|1.000000|0.522321|20200323.000000|20200323.000000|20200529.000000|20150609.000000|20160530.000000|20260828.000000
OI168LM16|2015-11-01|0.596972|0.530657|1.187095|1.124968|1.665970|6.764965|7.000000|0.639346|0.744280|0.900439|1.456248|0.783815|0.623459|0.439650|1.418082|1.193905|0.000000|0.657601|0.577711|0.469382|0.530657|1.266349|1.199219|0.000000|69.000000|0.711438|0.711868|9.000000|0.608367|0.800000|-0.169977|10.000000|0.000000|1.763569|0.262858|0.262858|1.000000|0.598983|20200323.000000|20200323.000000|20230131.000000|20200103.000000|20200323.000000|20260828.000000
OI168LM16|2016-05-01|0.665160|0.579374|1.276527|1.148067|1.676335|6.807354|7.000000|0.632140|0.738956|1.033482|1.464536|0.744918|0.610123|0.436593|1.348048|1.179722|0.000000|0.631546|0.585324|0.470268|0.579374|1.158066|1.189887|0.000000|63.000000|0.657469|0.660659|3.000000|0.638943|0.888889|-0.146219|9.000000|0.000000|1.776390|0.268179|0.268179|1.000000|0.667809|20200323.000000|20200323.000000|20230131.000000|20200114.000000|20200323.000000|20260828.000000
OI168LM17|2009-11-01|0.322046|0.669965|0.771848|0.480690|1.627967|5.481287|6.000000|0.658397|0.962437|1.331917|1.453680|0.777364|0.356760|0.430359|0.791441|0.845919|0.066667|0.367222|0.241906|-0.024898|0.520855|0.694805|0.826027|0.021277|141.000000|0.471000|0.346114|81.000000|0.331263|0.750000|-0.280790|16.000000|0.000000|1.798371|0.277123|0.277123|0.984589|0.323377|20150824.000000|20150824.000000|20160229.000000|20150612.000000|20160613.000000|20260828.000000
OI168LM17|2010-05-01|0.339387|0.697268|0.796475|0.486738|1.655492|5.929676|6.000000|0.655130|1.013317|1.332185|1.452455|0.797851|0.361512|0.453582|0.818003|0.863497|0.069182|0.364612|0.237590|-0.024025|0.489726|0.761308|0.830192|0.029630|135.000000|0.438032|0.341546|75.000000|0.370101|0.733333|-0.280981|15.000000|0.000000|1.911879|0.320041|0.320041|1.000000|0.340917|20130617.000000|20130617.000000|20160229.000000|20150612.000000|20160613.000000|20260828.000000
OI168LM17|2010-11-01|0.375039|0.667050|0.846988|0.562235|1.619501|6.452663|7.000000|0.671091|0.901707|1.030207|1.448069|0.825413|0.468561|0.460929|1.046512|0.975701|0.078431|0.498705|0.357246|-0.048448|0.460929|1.049166|0.984800|0.069767|129.000000|0.674329|0.442735|69.000000|0.275900|0.733333|-0.300207|15.000000|0.000000|1.677230|0.224913|0.224913|1.000000|0.376471|20150825.000000|20150825.000000|20160129.000000|20150612.000000|20160201.000000|20260828.000000
OI168LM17|2011-05-01|0.379345|0.658989|0.856246|0.575647|1.597017|5.911540|7.000000|0.671282|0.885347|1.018280|1.441095|0.794322|0.473847|0.459359|1.063368|0.982620|0.047619|0.502722|0.377935|-0.023066|0.459359|1.052347|0.993923|0.016260|123.000000|0.611591|0.452923|63.000000|0.341125|0.714286|-0.196145|14.000000|0.000000|1.675009|0.223885|0.223885|1.000000|0.380813|20150825.000000|20150825.000000|20160531.000000|20150612.000000|20150825.000000|20260828.000000
OI168LM17|2011-11-01|0.450273|0.649681|0.951465|0.693068|1.642823|6.385427|6.000000|0.669846|0.839325|1.023101|1.456144|0.826062|0.538849|0.463402|1.232882|1.046951|0.014184|0.570102|0.466205|0.076273|0.463402|1.232768|1.064708|0.000000|117.000000|0.717116|0.504427|57.000000|0.395533|0.714286|-0.202720|14.000000|0.000000|1.700308|0.235432|0.235432|1.000000|0.452331|20150825.000000|20150825.000000|20161230.000000|20150612.000000|20150825.000000|20260828.000000
OI168LM17|2012-05-01|0.433266|0.656310|0.921475|0.660154|1.671712|6.282980|7.000000|0.663213|0.860789|0.990991|1.448896|0.803510|0.526266|0.472887|1.137778|1.032245|0.014815|0.534314|0.460944|0.115996|0.472887|1.129896|1.046805|0.000000|111.000000|0.684548|0.494746|51.000000|0.374923|0.769231|-0.187025|13.000000|0.000000|1.691871|0.231620|0.231620|1.000000|0.434820|20150825.000000|20150825.000000|20170531.000000|20150612.000000|20150825.000000|20260828.000000
OI168LM17|2012-11-01|0.508085|0.675740|1.016547|0.751894|1.695061|6.753902|7.000000|0.654576|0.916350|1.042404|1.443375|0.705479|0.544370|0.570899|1.129664|1.074276|0.015504|0.589341|0.465108|0.209140|0.570899|1.041511|1.094733|0.000000|105.000000|0.719419|0.522652|45.000000|0.393652|0.769231|-0.175118|13.000000|0.000000|1.675915|0.224304|0.224304|1.000000|0.510530|20150825.000000|20150825.000000|20200430.000000|20150609.000000|20160201.000000|20260828.000000
OI168LM17|2013-05-01|0.487408|0.645502|0.992943|0.755084|1.681363|6.377988|6.000000|0.644126|0.799807|0.968157|1.459559|0.803147|0.545903|0.489254|1.214238|1.114020|0.008130|0.608717|0.438315|0.167299|0.550910|1.114930|1.120097|0.000000|99.000000|0.689335|0.508421|39.000000|0.436023|0.833333|-0.142799|12.000000|0.000000|1.669078|0.221127|0.221127|1.000000|0.488987|20150825.000000|20150825.000000|20200430.000000|20150612.000000|20150825.000000|20260828.000000
OI168LM17|2013-11-01|0.515228|0.641063|1.035141|0.803708|1.674332|6.359879|7.000000|0.656652|0.827973|0.987236|1.465548|0.778205|0.563600|0.443846|1.183754|1.109917|0.000000|0.595611|0.506162|0.241821|0.568201|1.098468|1.142477|0.000000|93.000000|0.704681|0.549497|33.000000|0.359339|0.833333|-0.163053|12.000000|0.000000|1.912353|0.320209|0.320209|1.000000|0.516723|20200323.000000|20200323.000000|20181228.000000|20150612.000000|20160201.000000|20260828.000000
OI168LM17|2014-05-01|0.471348|0.713739|0.976190|0.660392|1.684418|6.739436|8.000000|0.660132|0.944337|1.153359|1.442811|0.823215|0.473864|0.454736|1.061021|0.995410|0.000000|0.473300|0.411500|0.145358|0.470565|1.005812|0.989090|0.000000|87.000000|0.606188|0.440181|27.000000|0.411665|0.818182|-0.329247|11.000000|0.000000|1.794443|0.275541|0.275541|1.000000|0.472452|20211116.000000|20211116.000000|20200430.000000|20150612.000000|20160201.000000|20260828.000000
OI168LM17|2014-11-01|0.488394|0.820702|0.991248|0.595093|1.632436|6.659487|7.000000|0.616873|0.765377|1.004525|1.377374|0.617812|0.607033|0.450651|1.275494|1.162934|0.038095|0.631939|0.557914|0.042675|0.572782|1.139011|1.188974|0.000000|81.000000|0.677324|0.514904|21.000000|0.393051|0.727273|-0.440387|11.000000|0.000000|1.819901|0.285675|0.285675|1.000000|0.489886|20150824.000000|20150824.000000|20200430.000000|20150609.000000|20160513.000000|20260828.000000
OI168LM17|2015-05-01|0.502647|0.622900|1.054768|0.806946|1.612709|6.630683|7.000000|0.634597|0.735595|0.893340|1.438002|0.779560|0.624506|0.459245|1.359853|1.194835|0.000000|0.652909|0.588355|0.179420|0.537636|1.270904|1.201264|0.000000|75.000000|0.693209|0.558481|15.000000|0.482719|0.800000|-0.170190|10.000000|0.000000|1.806922|0.280544|0.280544|1.000000|0.504127|20200323.000000|20200323.000000|20200529.000000|20150609.000000|20160530.000000|20260828.000000
OI168LM17|2015-11-01|0.527602|0.535445|1.092351|0.985353|1.668562|4.828108|7.000000|0.647496|0.733102|0.877817|1.486284|0.852584|0.607870|0.461997|1.379294|1.202840|0.000000|0.647537|0.590636|0.476829|0.535445|1.262253|1.177224|0.000000|69.000000|0.634056|0.634716|9.000000|0.512298|0.800000|-0.170079|10.000000|0.000000|1.779867|0.269608|0.269608|1.000000|0.529343|20200323.000000|20200323.000000|20260630.000000|20200114.000000|20200323.000000|20260828.000000
OI168LM17|2016-05-01|0.589485|0.534609|1.188552|1.102647|1.682395|5.023014|7.000000|0.624576|0.691900|0.779096|1.430874|0.741331|0.554870|0.465010|1.287672|1.145755|0.000000|0.592739|0.551820|0.451650|0.534609|1.173038|1.129379|0.000000|63.000000|0.581190|0.583563|3.000000|0.636267|0.888889|-0.162228|9.000000|0.000000|1.805776|0.280088|0.280088|1.000000|0.591784|20200323.000000|20200323.000000|20230131.000000|20200103.000000|20200323.000000|20260828.000000
OI168LM18|2009-11-01|0.323075|0.684537|0.775040|0.471961|1.624725|5.673145|7.000000|0.649035|0.966620|1.331917|1.431436|0.802432|0.357054|0.448641|0.820318|0.849493|0.066667|0.358195|0.229689|-0.022146|0.449575|0.733017|0.793877|0.028369|141.000000|0.431852|0.335724|81.000000|0.319346|0.750000|-0.280790|16.000000|0.000000|1.793510|0.275164|0.275164|0.984589|0.324411|20150824.000000|20150824.000000|20160229.000000|20150612.000000|20160613.000000|20260828.000000
OI168LM18|2010-05-01|0.344630|0.676389|0.803355|0.509515|1.657984|5.717158|7.000000|0.653528|0.969096|1.332185|1.425157|0.784545|0.370438|0.441880|0.848871|0.854681|0.069182|0.379093|0.241494|-0.025662|0.453380|0.851456|0.840862|0.029630|135.000000|0.441173|0.346905|75.000000|0.370101|0.733333|-0.280981|15.000000|0.000000|1.789521|0.273549|0.273549|1.000000|0.346186|20150824.000000|20150824.000000|20160229.000000|20150612.000000|20160613.000000|20260828.000000
OI168LM18|2010-11-01|0.284275|0.697442|0.709718|0.407596|1.624752|5.899222|7.000000|0.689900|0.929292|1.081200|1.471169|0.836703|0.366978|0.468972|0.815631|0.827205|0.078431|0.382149|0.272131|-0.054063|0.486558|0.854667|0.846473|0.069767|129.000000|0.476045|0.350242|69.000000|0.223079|0.733333|-0.300207|15.000000|0.000000|1.726910|0.247210|0.247210|1.000000|0.285326|20150825.000000|20150825.000000|20160129.000000|20150609.000000|20160201.000000|20260828.000000
OI168LM18|2011-05-01|0.398488|0.646537|0.879880|0.616343|1.594446|7.020574|7.000000|0.675906|0.835024|1.017348|1.445875|0.829112|0.454406|0.471314|1.025089|1.006723|0.047619|0.529552|0.312955|-0.019292|0.549199|0.964225|1.042267|0.016260|123.000000|0.653102|0.453256|63.000000|0.371149|0.714286|-0.176758|14.000000|0.000000|1.737941|0.251989|0.251989|1.000000|0.400041|20150825.000000|20150825.000000|20160531.000000|20150612.000000|20150825.000000|20260828.000000
OI168LM18|2011-11-01|0.413552|0.648620|0.900719|0.637588|1.645316|6.091643|7.000000|0.644721|0.824616|1.023101|1.432224|0.764706|0.466479|0.494092|1.080351|1.005329|0.014184|0.546488|0.378000|0.074621|0.532870|1.054619|1.052286|0.000000|117.000000|0.650025|0.463089|57.000000|0.377695|0.714286|-0.200407|14.000000|0.000000|1.702898|0.236596|0.236596|1.000000|0.415420|20150825.000000|20150825.000000|20161230.000000|20150612.000000|20150825.000000|20260828.000000
OI168LM18|2012-05-01|0.423138|0.660803|0.903910|0.640339|1.670654|6.441479|7.500000|0.650778|0.859926|1.008673|1.441564|0.784235|0.490921|0.546620|1.107811|1.035142|0.014815|0.572319|0.377173|0.114208|0.546620|1.058734|1.066663|0.000000|111.000000|0.666157|0.464570|51.000000|0.363727|0.769231|-0.188036|13.000000|0.000000|1.666514|0.219929|0.219929|1.000000|0.424652|20150825.000000|20150825.000000|20170531.000000|20150612.000000|20150825.000000|20260828.000000
OI168LM18|2012-11-01|0.364010|0.705034|0.825764|0.516302|1.694897|5.537239|7.000000|0.660605|0.928774|1.138100|1.440529|0.820131|0.414488|0.449997|0.882918|0.932009|0.015504|0.449325|0.322092|0.150890|0.522244|0.938922|0.966219|0.000000|105.000000|0.504965|0.401570|45.000000|0.303481|0.769231|-0.227265|13.000000|0.000000|1.678213|0.225366|0.225366|1.000000|0.365680|20150825.000000|20150825.000000|20200630.000000|20150609.000000|20160613.000000|20260828.000000
OI168LM18|2013-05-01|0.510149|0.646229|1.028464|0.789425|1.678634|5.716986|7.000000|0.650977|0.801935|0.945735|1.417995|0.739278|0.585990|0.495725|1.243297|1.117357|0.008130|0.608348|0.516641|0.252492|0.546390|1.135622|1.131162|0.000000|99.000000|0.723018|0.558290|39.000000|0.419775|0.833333|-0.158071|12.000000|0.000000|1.690903|0.231180|0.231180|1.000000|0.511813|20150825.000000|20150825.000000|20200529.000000|20150612.000000|20160201.000000|20260828.000000
OI168LM18|2013-11-01|0.495952|0.631694|1.011331|0.785115|1.682060|6.489987|7.000000|0.645664|0.812230|0.942308|1.450284|0.763141|0.562933|0.450030|1.242993|1.135974|0.000000|0.609741|0.439059|0.166318|0.552917|1.121236|1.143461|0.000000|93.000000|0.669013|0.518218|33.000000|0.397255|0.833333|-0.180124|12.000000|0.000000|1.886662|0.310953|0.310953|1.000000|0.497383|20200323.000000|20200323.000000|20181228.000000|20150612.000000|20160128.000000|20260828.000000
OI168LM18|2014-05-01|0.489823|0.675816|1.005815|0.724787|1.675603|5.446739|7.000000|0.648182|0.827843|1.023404|1.432561|0.775183|0.535887|0.429768|1.277819|1.103278|0.000000|0.549190|0.475208|0.191140|0.450996|1.217727|1.102139|0.000000|87.000000|0.611115|0.485705|27.000000|0.463416|0.818182|-0.248281|11.000000|0.000000|1.854195|0.298887|0.298887|1.000000|0.490977|20150824.000000|20150824.000000|20200430.000000|20150612.000000|20160201.000000|20260828.000000
OI168LM18|2014-11-01|0.501374|0.821721|1.002826|0.610151|1.631119|7.365908|7.000000|0.628207|0.748673|0.997073|1.430160|0.680926|0.590562|0.449730|1.318939|1.167581|0.038095|0.647771|0.581669|0.022366|0.552735|1.204949|1.186598|0.000000|81.000000|0.689424|0.526440|21.000000|0.467611|0.727273|-0.433160|11.000000|0.000000|1.774638|0.267456|0.267456|1.000000|0.502911|20200323.000000|20200323.000000|20200430.000000|20150609.000000|20160513.000000|20260828.000000
OI168LM18|2015-05-01|0.486126|0.622900|1.038549|0.780423|1.609314|6.558838|7.000000|0.622177|0.709937|0.837212|1.423542|0.712048|0.569784|0.445282|1.351202|1.149360|0.000000|0.606998|0.537841|0.200272|0.454408|1.335799|1.154320|0.000000|75.000000|0.671516|0.529502|15.000000|0.512599|0.800000|-0.176762|10.000000|0.000000|1.868446|0.304235|0.304235|1.000000|0.487549|20200323.000000|20200323.000000|20200529.000000|20150609.000000|20160530.000000|20260828.000000
OI168LM18|2015-11-01|0.561135|0.462952|1.139379|1.212080|1.662779|6.448170|8.000000|0.626780|0.707580|0.832208|1.428554|0.743921|0.583244|0.445278|1.312573|1.152103|0.000000|0.609783|0.549512|0.451863|0.462952|1.322972|1.152167|0.000000|69.000000|0.670582|0.671312|9.000000|0.425577|0.800000|-0.179604|10.000000|0.000000|1.868040|0.304084|0.304084|1.000000|0.563005|20200323.000000|20200323.000000|20201231.000000|20210922.000000|20211116.000000|20260828.000000
OI168LM18|2016-05-01|0.547415|0.460174|1.140475|1.189584|1.683694|5.628606|8.000000|0.627314|0.718943|0.825104|1.405408|0.708250|0.531501|0.433833|1.218573|1.060818|0.000000|0.510292|0.470538|0.360932|0.460174|1.131770|1.031764|0.000000|63.000000|0.539703|0.541521|3.000000|0.584693|0.888889|-0.172138|9.000000|0.000000|1.811443|0.282340|0.282340|1.000000|0.549523|20200323.000000|20200323.000000|20230131.000000|20200114.000000|20200323.000000|20260828.000000
#EX5|2011-11-01|002128,601088,000933,000651,000338
EX5:BASE|2009-11-01|0.324842|0.728383|0.803476|0.445977|1.522573|6.317164|7.000000|0.626744|0.731338|0.923607|1.381885|0.742619|0.401270|0.484352|0.896459|0.940338|0.151515|0.398788|0.227665|-0.154282|0.484352|0.722721|0.890381|0.099291|141.000000|0.551248|0.374539|81.000000|0.360316|0.625000|-0.347889|16.000000|0.000000|1.606750|0.190913|0.190913|0.984589|0.326186|20150825.000000|20150825.000000|20160229.000000|20110328.000000|20121115.000000|20260828.000000
EX5:BASE|2010-05-01|0.357788|0.734892|0.857311|0.486857|1.545533|6.085639|6.000000|0.621969|0.789705|1.052831|1.361977|0.699115|0.428038|0.558131|0.851272|0.948353|0.119497|0.442151|0.303836|-0.137244|0.558131|0.735253|0.952304|0.081481|135.000000|0.592107|0.402124|75.000000|0.386859|0.666667|-0.347741|15.000000|0.000000|1.706675|0.238285|0.238285|1.000000|0.359411|20200323.000000|20200323.000000|20160229.000000|20110328.000000|20140320.000000|20260828.000000
EX5:BASE|2010-11-01|0.393841|0.651803|0.938667|0.604234|1.480764|5.776023|7.000000|0.618158|0.704089|0.898378|1.380526|0.669936|0.428114|0.423500|1.035279|1.017421|0.065359|0.435210|0.338792|-0.014069|0.484733|0.878923|0.962841|0.007752|129.000000|0.564030|0.410114|69.000000|0.433404|0.666667|-0.254991|15.000000|0.000000|1.619038|0.197054|0.197054|1.000000|0.395355|20150825.000000|20150825.000000|20160229.000000|20150615.000000|20160229.000000|20260828.000000
EX5:BASE|2011-05-01|0.459541|0.662522|1.034715|0.693625|1.510350|6.047792|6.000000|0.615497|0.748655|1.047405|1.355365|0.646875|0.478646|0.468697|1.099684|1.113836|0.040816|0.547453|0.371017|0.031323|0.565378|0.968295|1.127050|0.000000|123.000000|0.691431|0.488871|63.000000|0.419107|0.714286|-0.243030|14.000000|0.000000|1.634080|0.204445|0.204445|1.000000|0.461368|20150825.000000|20150825.000000|20160531.000000|20150615.000000|20160229.000000|20260828.000000
EX5:BASE|2011-11-01|0.434388|0.652248|0.987438|0.665986|1.579918|6.104034|7.000000|0.617473|0.702062|0.933722|1.381116|0.676621|0.442961|0.437079|1.077087|1.055373|0.000000|0.456560|0.380971|0.094653|0.484704|0.939197|0.985808|0.000000|117.000000|0.630718|0.433938|57.000000|0.453177|0.714286|-0.255542|14.000000|0.000000|1.574940|0.174572|0.174572|1.000000|0.436364|20150825.000000|20150825.000000|20161230.000000|20150615.000000|20150825.000000|20260828.000000
EX5:BASE|2012-05-01|0.443677|0.652887|0.994663|0.679562|1.614663|6.104223|7.000000|0.621567|0.723409|0.913861|1.393576|0.675224|0.439615|0.531248|0.945988|1.026716|0.000000|0.442007|0.366611|0.118872|0.531248|0.800408|0.953572|0.000000|111.000000|0.604162|0.418546|51.000000|0.433536|0.769231|-0.260245|13.000000|0.000000|1.609233|0.192162|0.192162|1.000000|0.445275|20150825.000000|20150825.000000|20200529.000000|20150615.000000|20150825.000000|20260828.000000
EX5:BASE|2012-11-01|0.507658|0.657215|1.088101|0.772438|1.647119|6.721279|7.000000|0.623089|0.717919|1.028944|1.400045|0.697141|0.454933|0.455470|1.145469|1.063368|0.000000|0.469645|0.395399|0.195373|0.484593|1.069957|1.052248|0.000000|105.000000|0.597608|0.452856|45.000000|0.461361|0.846154|-0.252917|13.000000|0.000000|1.572707|0.173400|0.173400|1.000000|0.510101|20150825.000000|20150825.000000|20200529.000000|20150615.000000|20150825.000000|20260828.000000
EX5:BASE|2013-05-01|0.527359|0.623983|1.125638|0.845150|1.621691|6.315077|7.000000|0.617790|0.750830|1.047165|1.360796|0.655970|0.508849|0.535025|1.191112|1.190543|0.000000|0.599430|0.384553|0.140211|0.565423|1.098996|1.226210|0.000000|99.000000|0.694881|0.510885|39.000000|0.470033|0.833333|-0.242016|12.000000|0.000000|1.700320|0.235438|0.235438|1.000000|0.529088|20200323.000000|20200323.000000|20200529.000000|20150615.000000|20160526.000000|20260828.000000
EX5:BASE|2013-11-01|0.509294|0.634856|1.082515|0.802220|1.639469|6.034482|7.000000|0.615707|0.710595|0.859868|1.377063|0.680769|0.494511|0.422994|1.246837|1.180118|0.000000|0.577391|0.398330|0.182311|0.478618|1.260601|1.210177|0.000000|93.000000|0.657074|0.485305|33.000000|0.403815|0.833333|-0.255776|12.000000|0.000000|1.662772|0.218173|0.218173|1.000000|0.510770|20150825.000000|20150825.000000|20181228.000000|20150615.000000|20160229.000000|20260828.000000
EX5:BASE|2014-05-01|0.575933|0.693400|1.170670|0.830592|1.645088|5.971711|7.000000|0.606301|0.800941|1.041899|1.318963|0.554370|0.491517|0.477214|1.221464|1.200220|0.000000|0.593036|0.444590|0.057177|0.563361|1.061543|1.202558|0.000000|87.000000|0.666166|0.493444|27.000000|0.402348|0.727273|-0.247783|11.000000|0.000000|1.542521|0.157224|0.157224|1.000000|0.577325|20150825.000000|20150825.000000|20200529.000000|20150615.000000|20150825.000000|20260828.000000
EX5:BASE|2014-11-01|0.556707|0.728002|1.159195|0.764705|1.630364|6.161232|7.000000|0.606646|0.726683|0.997678|1.292109|0.572522|0.538055|0.480203|1.288392|1.299684|0.000000|0.630456|0.489069|0.079554|0.552187|1.150930|1.289930|0.000000|81.000000|0.684340|0.532322|21.000000|0.437321|0.727273|-0.296279|11.000000|0.000000|1.515364|0.142120|0.142120|1.000000|0.558443|20150825.000000|20150825.000000|20200529.000000|20150615.000000|20160128.000000|20260828.000000
EX5:BASE|2015-05-01|0.470629|0.559535|1.121472|0.841108|1.531485|6.145737|7.000000|0.606121|0.744300|0.915755|1.358003|0.569811|0.475565|0.488870|1.138734|1.135413|0.000000|0.530059|0.377886|0.121954|0.501242|1.057491|1.151871|0.000000|75.000000|0.620412|0.461129|15.000000|0.447513|0.800000|-0.264677|10.000000|0.000000|1.747966|0.256278|0.256278|1.000000|0.472001|20200323.000000|20200323.000000|20200529.000000|20150615.000000|20160513.000000|20260828.000000
EX5:BASE|2015-11-01|0.518947|0.501121|1.193872|1.035572|1.591234|5.875132|7.000000|0.608049|0.732300|0.915508|1.362141|0.582215|0.474683|0.488902|1.122555|1.144326|0.000000|0.523240|0.474185|0.289260|0.501121|1.044138|1.162053|0.000000|69.000000|0.620644|0.616404|9.000000|0.435561|0.800000|-0.260129|10.000000|0.000000|1.747837|0.256223|0.256223|1.000000|0.520655|20200323.000000|20200323.000000|20230131.000000|20200225.000000|20200323.000000|20260828.000000
EX5:BASE|2016-05-01|0.684872|0.482218|1.460539|1.420254|1.625524|5.950443|7.000000|0.609154|0.703572|0.865254|1.359814|0.608609|0.534013|0.412687|1.535076|1.258295|0.000000|0.607253|0.548460|0.380926|0.412687|1.425777|1.299338|0.000000|63.000000|0.676889|0.680063|3.000000|0.686344|0.888889|-0.254839|9.000000|0.000000|1.880636|0.308745|0.308745|1.000000|0.687615|20200323.000000|20200323.000000|20230131.000000|20180730.000000|20190103.000000|20260828.000000
EX5:OI168LM12|2009-11-01|0.325548|0.728383|0.801294|0.446946|1.534876|8.097618|7.000000|0.622260|0.721869|0.947687|1.374517|0.713096|0.401309|0.483737|0.880162|0.935474|0.151515|0.399367|0.237316|-0.149105|0.483737|0.728189|0.899900|0.099291|141.000000|0.521408|0.374441|81.000000|0.316161|0.625000|-0.347889|16.000000|0.000000|1.545691|0.158952|0.158952|0.984589|0.326895|20150825.000000|20150825.000000|20160229.000000|20110328.000000|20121115.000000|20260828.000000
EX5:OI168LM12|2010-05-01|0.356429|0.739758|0.847380|0.481818|1.555711|7.969027|6.000000|0.624472|0.755689|1.023363|1.365673|0.705362|0.418981|0.538425|0.944521|0.998086|0.119497|0.436441|0.287537|-0.169365|0.538425|0.748840|0.916012|0.088889|135.000000|0.631288|0.403913|75.000000|0.398167|0.666667|-0.347741|15.000000|0.000000|1.574097|0.174130|0.174130|1.000000|0.358045|20150825.000000|20150825.000000|20160229.000000|20110328.000000|20140320.000000|20260828.000000
EX5:OI168LM12|2010-11-01|0.403017|0.664799|0.949681|0.606224|1.475684|8.370392|7.000000|0.615518|0.723254|0.851128|1.376620|0.645279|0.444663|0.483638|0.938410|1.005523|0.078431|0.459590|0.336454|-0.019728|0.531293|0.846085|0.995487|0.007752|129.000000|0.595957|0.431382|69.000000|0.401507|0.666667|-0.259666|15.000000|0.000000|1.618624|0.196848|0.196848|1.000000|0.404571|20150825.000000|20150825.000000|20160229.000000|20150615.000000|20160229.000000|20260828.000000
EX5:OI168LM12|2011-05-01|0.397352|0.622365|0.949425|0.638455|1.511334|7.948982|7.000000|0.616374|0.733045|0.931777|1.366417|0.661648|0.430641|0.486316|0.925692|1.010462|0.040816|0.420097|0.335420|0.028326|0.531219|0.761522|0.951156|0.000000|123.000000|0.532995|0.403991|63.000000|0.382943|0.714286|-0.261382|14.000000|0.000000|1.700209|0.235388|0.235388|1.000000|0.398899|20200323.000000|20200323.000000|20160531.000000|20150615.000000|20160526.000000|20260828.000000
EX5:OI168LM12|2011-11-01|0.418254|0.621410|0.977865|0.673073|1.561292|7.990888|6.000000|0.619478|0.724106|0.922603|1.376386|0.680603|0.437064|0.494145|0.961406|1.023578|0.000000|0.440424|0.360771|0.079563|0.529948|0.767279|0.964466|0.000000|117.000000|0.619961|0.417118|57.000000|0.377256|0.714286|-0.252260|14.000000|0.000000|1.702124|0.236248|0.236248|1.000000|0.420146|20200323.000000|20200323.000000|20161230.000000|20150615.000000|20160526.000000|20260828.000000
EX5:OI168LM12|2012-05-01|0.434749|0.665650|0.975358|0.653120|1.606953|8.433234|6.000000|0.624601|0.717055|0.956886|1.380635|0.722815|0.424208|0.531209|0.937702|1.009556|0.000000|0.429887|0.354309|0.107420|0.531209|0.766445|0.936860|0.000000|111.000000|0.595760|0.401871|51.000000|0.451076|0.769231|-0.257780|13.000000|0.000000|1.583933|0.179258|0.179258|1.000000|0.436310|20150825.000000|20150825.000000|20200529.000000|20150615.000000|20150825.000000|20260828.000000
EX5:OI168LM12|2012-11-01|0.505708|0.689642|1.074321|0.733292|1.652736|8.017985|7.000000|0.621242|0.727516|1.122348|1.388890|0.679869|0.448082|0.543724|1.050045|1.098231|0.000000|0.467712|0.379716|0.122034|0.543724|0.860200|1.089325|0.000000|105.000000|0.626378|0.442642|45.000000|0.421451|0.846154|-0.245682|13.000000|0.000000|1.516868|0.142971|0.142971|1.000000|0.508140|20150825.000000|20150825.000000|20200529.000000|20150615.000000|20150825.000000|20260828.000000
EX5:OI168LM12|2013-05-01|0.513529|0.669293|1.079146|0.767271|1.638278|7.609052|7.000000|0.616626|0.773914|1.031119|1.358391|0.654119|0.499926|0.529508|1.178867|1.181905|0.000000|0.600134|0.397364|0.132941|0.559375|1.073290|1.211523|0.000000|99.000000|0.681280|0.492801|39.000000|0.486109|0.833333|-0.252912|12.000000|0.000000|1.571652|0.172845|0.172845|1.000000|0.515205|20150825.000000|20150825.000000|20200529.000000|20150615.000000|20150825.000000|20260828.000000
EX5:OI168LM12|2013-11-01|0.507035|0.641186|1.090993|0.790777|1.633682|7.952815|7.000000|0.617965|0.720529|0.847996|1.381795|0.682372|0.484950|0.478825|1.143558|1.156455|0.000000|0.588304|0.379838|0.121521|0.530492|1.116031|1.205021|0.000000|93.000000|0.644166|0.485800|33.000000|0.426151|0.833333|-0.254081|12.000000|0.000000|1.701463|0.235952|0.235952|1.000000|0.508504|20200323.000000|20200323.000000|20200529.000000|20150615.000000|20160526.000000|20260828.000000
EX5:OI168LM12|2014-05-01|0.512565|0.691657|1.094120|0.741068|1.642217|8.023827|7.000000|0.614875|0.719311|0.996506|1.313434|0.609740|0.442536|0.454021|1.166443|1.107584|0.000000|0.520658|0.357172|0.062022|0.478079|1.092651|1.139628|0.000000|87.000000|0.597134|0.444421|27.000000|0.451095|0.727273|-0.252895|11.000000|0.000000|1.551238|0.161960|0.161960|1.000000|0.513781|20150825.000000|20150825.000000|20200529.000000|20150615.000000|20150825.000000|20260828.000000
EX5:OI168LM12|2014-11-01|0.506901|0.724679|1.090241|0.699483|1.633185|8.193608|7.000000|0.606213|0.690428|0.856097|1.307934|0.546783|0.467810|0.415703|1.217183|1.144241|0.000000|0.523642|0.381411|0.110076|0.474062|1.171929|1.153685|0.000000|81.000000|0.631385|0.485529|21.000000|0.450284|0.727273|-0.297105|11.000000|0.000000|1.515364|0.142120|0.142120|1.000000|0.508458|20150825.000000|20150825.000000|20200529.000000|20150615.000000|20160128.000000|20260828.000000
EX5:OI168LM12|2015-05-01|0.444196|0.563849|1.068689|0.787792|1.531686|7.754540|7.000000|0.610213|0.729788|0.915427|1.349590|0.601132|0.463804|0.488964|1.072336|1.097000|0.000000|0.505712|0.359707|0.120221|0.501480|1.014186|1.107203|0.000000|75.000000|0.590932|0.439274|15.000000|0.435824|0.800000|-0.268985|10.000000|0.000000|1.746957|0.255849|0.255849|1.000000|0.445479|20200323.000000|20200323.000000|20200529.000000|20150615.000000|20160513.000000|20260828.000000
EX5:OI168LM12|2015-11-01|0.519675|0.501432|1.187552|1.036381|1.590642|8.256599|7.000000|0.609129|0.731037|0.915769|1.359160|0.587198|0.475156|0.488966|1.111157|1.137702|0.000000|0.521864|0.472875|0.286477|0.501432|1.044365|1.158098|0.000000|69.000000|0.625892|0.624973|9.000000|0.438612|0.800000|-0.260087|10.000000|0.000000|1.747373|0.256026|0.256026|1.000000|0.521385|20200323.000000|20200323.000000|20230131.000000|20200225.000000|20200323.000000|20260828.000000
EX5:OI168LM12|2016-05-01|0.636417|0.482218|1.384851|1.319769|1.626525|8.127869|7.000000|0.613621|0.706909|0.865254|1.373955|0.648864|0.509037|0.422559|1.383209|1.184285|0.000000|0.559042|0.467850|0.339077|0.422559|1.288492|1.217790|0.000000|63.000000|0.628328|0.635032|3.000000|0.511474|0.888889|-0.254839|9.000000|0.000000|1.865812|0.303252|0.303252|1.000000|0.638932|20200323.000000|20200323.000000|20230131.000000|20180730.000000|20190103.000000|20260828.000000
EX5:OI168LM13|2009-11-01|0.334326|0.728383|0.826465|0.458997|1.521674|6.042867|6.000000|0.620650|0.716473|0.923607|1.360328|0.694928|0.403877|0.485461|0.881017|0.946380|0.151515|0.408051|0.239799|-0.128270|0.485461|0.746883|0.909577|0.092199|141.000000|0.567427|0.385451|81.000000|0.277762|0.625000|-0.347889|16.000000|0.000000|1.756816|0.260025|0.260025|0.984589|0.335714|20150825.000000|20150825.000000|20160229.000000|20110328.000000|20121115.000000|20260828.000000
EX5:OI168LM13|2010-05-01|0.356995|0.741995|0.862142|0.481129|1.541900|6.288363|6.000000|0.620128|0.763704|0.964150|1.372352|0.683758|0.413422|0.538306|0.949707|1.012216|0.119497|0.437974|0.286066|-0.148890|0.538306|0.751134|0.932165|0.088889|135.000000|0.632542|0.404189|75.000000|0.378983|0.666667|-0.347741|15.000000|0.000000|1.690294|0.230903|0.230903|1.000000|0.358615|20200323.000000|20200323.000000|20160229.000000|20110328.000000|20140320.000000|20260828.000000
EX5:OI168LM13|2010-11-01|0.377677|0.663046|0.914901|0.569609|1.480103|6.181440|7.000000|0.615581|0.701375|0.848609|1.326127|0.646119|0.403642|0.438860|0.943788|0.981064|0.078431|0.394982|0.308188|-0.018614|0.481881|0.795984|0.905173|0.007752|129.000000|0.505552|0.378649|69.000000|0.368848|0.666667|-0.252892|15.000000|0.000000|1.618858|0.196965|0.196965|1.000000|0.379120|20150825.000000|20150825.000000|20160229.000000|20150615.000000|20160229.000000|20260828.000000
EX5:OI168LM13|2011-05-01|0.418267|0.656437|0.971248|0.637178|1.524220|6.354502|7.000000|0.616672|0.721745|0.940256|1.383190|0.671307|0.435671|0.477621|0.964059|1.028542|0.040816|0.430082|0.340257|0.024862|0.530407|0.784631|0.957824|0.000000|123.000000|0.547914|0.418180|63.000000|0.387683|0.714286|-0.251832|14.000000|0.000000|1.607514|0.191298|0.191298|1.000000|0.419908|20150825.000000|20150825.000000|20160531.000000|20150615.000000|20160229.000000|20260828.000000
EX5:OI168LM13|2011-11-01|0.394951|0.677646|0.931594|0.582828|1.572229|6.182548|7.000000|0.613385|0.699215|0.886154|1.328105|0.629408|0.404993|0.452032|1.003806|1.004231|0.000000|0.406638|0.327230|0.062799|0.478525|0.892118|0.941166|0.000000|117.000000|0.594097|0.391799|57.000000|0.421186|0.714286|-0.247953|14.000000|0.000000|1.590449|0.182621|0.182621|1.000000|0.396723|20150825.000000|20150825.000000|20161230.000000|20150615.000000|20160229.000000|20260828.000000
EX5:OI168LM13|2012-05-01|0.493818|0.646679|1.066906|0.763622|1.613458|6.327209|7.000000|0.618777|0.740094|1.040586|1.361456|0.691087|0.485377|0.562716|1.122886|1.141187|0.000000|0.561044|0.400016|0.156574|0.562716|0.997029|1.147783|0.000000|111.000000|0.678344|0.490745|51.000000|0.427476|0.769231|-0.242038|13.000000|0.000000|1.620062|0.197562|0.197562|1.000000|0.495625|20150825.000000|20150825.000000|20200529.000000|20150615.000000|20150825.000000|20260828.000000
EX5:OI168LM13|2012-11-01|0.507731|0.672551|1.085199|0.754933|1.658153|6.211767|7.000000|0.616794|0.710469|1.070097|1.385551|0.658130|0.440389|0.456746|1.127651|1.082070|0.000000|0.472464|0.392646|0.180278|0.484308|1.084447|1.050165|0.000000|105.000000|0.610534|0.447460|45.000000|0.463625|0.846154|-0.253214|13.000000|0.000000|1.546792|0.159551|0.159551|1.000000|0.510174|20150825.000000|20150825.000000|20200529.000000|20150615.000000|20150825.000000|20260828.000000
EX5:OI168LM13|2013-05-01|0.484906|0.672364|1.043279|0.721196|1.640618|6.168658|7.000000|0.615042|0.693671|1.040817|1.348791|0.642703|0.466082|0.458066|1.171337|1.131282|0.000000|0.517617|0.377301|0.152377|0.477175|1.095790|1.159096|0.000000|99.000000|0.645105|0.451183|39.000000|0.499535|0.833333|-0.254046|12.000000|0.000000|1.556400|0.164739|0.164739|1.000000|0.486476|20150825.000000|20150825.000000|20200529.000000|20150615.000000|20150825.000000|20260828.000000
EX5:OI168LM13|2013-11-01|0.514401|0.641186|1.108307|0.802265|1.635146|6.363244|7.000000|0.618898|0.721237|0.847996|1.400843|0.674038|0.464438|0.478825|1.075788|1.156455|0.000000|0.550191|0.379907|0.121521|0.530492|1.037601|1.172624|0.000000|93.000000|0.654610|0.462152|33.000000|0.431986|0.833333|-0.254081|12.000000|0.000000|1.701463|0.235952|0.235952|1.000000|0.515894|20200323.000000|20200323.000000|20200529.000000|20150615.000000|20160526.000000|20260828.000000
EX5:OI168LM13|2014-05-01|0.572649|0.692959|1.173579|0.826381|1.644796|6.345848|7.000000|0.608474|0.801006|0.999862|1.319030|0.584723|0.503533|0.476623|1.277375|1.245454|0.000000|0.601592|0.463629|0.039983|0.562648|1.069216|1.228093|0.000000|87.000000|0.672198|0.495138|27.000000|0.434768|0.727273|-0.249569|11.000000|0.000000|1.545083|0.158621|0.158621|1.000000|0.574032|20150825.000000|20150825.000000|20200529.000000|20150615.000000|20150825.000000|20260828.000000
EX5:OI168LM13|2014-11-01|0.512574|0.724679|1.102046|0.707311|1.633105|6.195261|7.000000|0.606180|0.690428|0.856097|1.299029|0.548174|0.467810|0.415703|1.217183|1.144241|0.000000|0.520557|0.381411|0.110076|0.474062|1.171929|1.153685|0.000000|81.000000|0.636717|0.482067|21.000000|0.450284|0.727273|-0.297105|11.000000|0.000000|1.515364|0.142120|0.142120|1.000000|0.514151|20150825.000000|20150825.000000|20200529.000000|20150615.000000|20160128.000000|20260828.000000
EX5:OI168LM13|2015-05-01|0.465605|0.563849|1.110253|0.825762|1.531251|6.273842|7.000000|0.610461|0.729789|0.915427|1.354810|0.607925|0.468867|0.488964|1.075714|1.119113|0.000000|0.510165|0.359381|0.120221|0.501480|1.017319|1.116021|0.000000|75.000000|0.619428|0.455711|15.000000|0.439132|0.800000|-0.268985|10.000000|0.000000|1.746957|0.255849|0.255849|1.000000|0.466960|20200323.000000|20200323.000000|20200529.000000|20150615.000000|20160513.000000|20260828.000000
EX5:OI168LM13|2015-11-01|0.510649|0.501432|1.177323|1.018382|1.590858|6.349242|7.000000|0.611862|0.731037|0.915769|1.361853|0.613645|0.474577|0.488966|1.110037|1.135104|0.000000|0.516155|0.471876|0.286176|0.501432|1.032683|1.156753|0.000000|69.000000|0.613151|0.607969|9.000000|0.441585|0.800000|-0.260087|10.000000|0.000000|1.747373|0.256026|0.256026|1.000000|0.512325|20200323.000000|20200323.000000|20230131.000000|20200225.000000|20200323.000000|20260828.000000
EX5:OI168LM13|2016-05-01|0.655075|0.482218|1.419496|1.358461|1.625706|6.124059|7.000000|0.613621|0.706909|0.865254|1.385792|0.639299|0.517114|0.422559|1.393896|1.194945|0.000000|0.559228|0.479395|0.339077|0.422559|1.288492|1.231987|0.000000|63.000000|0.649500|0.650842|3.000000|0.511474|0.888889|-0.254839|9.000000|0.000000|1.865812|0.303252|0.303252|1.000000|0.657677|20200323.000000|20200323.000000|20230131.000000|20180730.000000|20190103.000000|20260828.000000
EX5:OI168LM14|2009-11-01|0.338496|0.728383|0.830456|0.464722|1.529173|5.702621|6.000000|0.622187|0.718614|0.923607|1.392771|0.702246|0.418704|0.484293|0.899211|0.961766|0.151515|0.420842|0.232922|-0.150099|0.484293|0.738724|0.907641|0.099291|141.000000|0.560141|0.390139|81.000000|0.370557|0.625000|-0.347889|16.000000|0.000000|1.618107|0.196592|0.196592|0.984589|0.339903|20150825.000000|20150825.000000|20160229.000000|20110328.000000|20121115.000000|20260828.000000
EX5:OI168LM14|2010-05-01|0.336720|0.735398|0.820218|0.457875|1.557555|5.938972|6.000000|0.623839|0.745595|0.922508|1.389474|0.714992|0.403258|0.531136|0.872112|0.945709|0.119497|0.399924|0.294499|-0.157199|0.531136|0.719444|0.905127|0.081481|135.000000|0.526644|0.376085|75.000000|0.327905|0.666667|-0.347741|15.000000|0.000000|1.641558|0.208069|0.208069|1.000000|0.338236|20150825.000000|20150825.000000|20160229.000000|20110328.000000|20140320.000000|20260828.000000
EX5:OI168LM14|2010-11-01|0.374107|0.665116|0.905054|0.562468|1.478819|6.040790|7.000000|0.616016|0.703108|0.841062|1.385800|0.669655|0.408385|0.430677|0.985404|0.979739|0.078431|0.414402|0.329840|-0.022538|0.484709|0.825740|0.912402|0.007752|129.000000|0.521935|0.386706|69.000000|0.379445|0.666667|-0.255690|15.000000|0.000000|1.637559|0.206135|0.206135|1.000000|0.375535|20150825.000000|20150825.000000|20160229.000000|20150615.000000|20160229.000000|20260828.000000
EX5:OI168LM14|2011-05-01|0.376032|0.726907|0.907344|0.517304|1.500450|6.077705|6.000000|0.617047|0.749045|0.962496|1.376685|0.640341|0.398140|0.494033|0.906835|0.958422|0.034014|0.371508|0.278484|-0.029888|0.501561|0.719203|0.868452|0.016260|123.000000|0.526272|0.361112|63.000000|0.432056|0.714286|-0.278244|14.000000|0.000000|1.746810|0.255786|0.255786|1.000000|0.377486|20200323.000000|20200323.000000|20160630.000000|20150615.000000|20160510.000000|20260828.000000
EX5:OI168LM14|2011-11-01|0.431108|0.645424|0.984367|0.667946|1.577387|5.934862|7.000000|0.622122|0.727328|0.896056|1.400797|0.718714|0.439464|0.495825|0.981316|1.026792|0.000000|0.450963|0.369919|0.089897|0.531225|0.795167|0.979088|0.000000|117.000000|0.631240|0.426319|57.000000|0.400831|0.714286|-0.258654|14.000000|0.000000|1.622613|0.198823|0.198823|1.000000|0.433067|20150825.000000|20150825.000000|20161230.000000|20150615.000000|20150825.000000|20260828.000000
EX5:OI168LM14|2012-05-01|0.458912|0.658950|1.034185|0.696430|1.612705|5.844446|7.000000|0.614164|0.699853|0.831223|1.354905|0.627055|0.438640|0.454547|1.117952|1.085008|0.000000|0.462210|0.356883|0.154402|0.480465|0.974559|1.030481|0.000000|111.000000|0.628686|0.427805|51.000000|0.447219|0.769231|-0.249932|13.000000|0.000000|1.629223|0.202074|0.202074|1.000000|0.460573|20150825.000000|20150825.000000|20200529.000000|20150615.000000|20160229.000000|20260828.000000
EX5:OI168LM14|2012-11-01|0.525633|0.651178|1.114883|0.807203|1.656100|5.821603|7.000000|0.619798|0.733005|1.011159|1.401527|0.659321|0.458878|0.530665|1.031861|1.096210|0.000000|0.487120|0.401009|0.142375|0.530665|0.917943|1.053867|0.000000|105.000000|0.622509|0.461480|45.000000|0.408476|0.846154|-0.256108|13.000000|0.000000|1.583021|0.178785|0.178785|1.000000|0.528176|20150825.000000|20150825.000000|20200529.000000|20150615.000000|20150825.000000|20260828.000000
EX5:OI168LM14|2013-05-01|0.445063|0.686000|0.992005|0.648779|1.626731|6.188429|7.000000|0.611404|0.749247|1.023616|1.393567|0.627584|0.438085|0.500987|1.007275|1.091226|0.016260|0.485787|0.330082|0.079172|0.501645|0.968387|1.087263|0.000000|99.000000|0.612328|0.412174|39.000000|0.463460|0.833333|-0.265697|12.000000|0.000000|1.591141|0.182976|0.182976|1.000000|0.446485|20150825.000000|20150825.000000|20200529.000000|20150615.000000|20160510.000000|20260828.000000
EX5:OI168LM14|2013-11-01|0.461240|0.648424|1.015144|0.711325|1.631147|6.035665|7.000000|0.620802|0.733477|0.916133|1.407850|0.688782|0.444102|0.489220|1.037918|1.099843|0.000000|0.486518|0.348329|0.113365|0.501333|0.980403|1.108150|0.000000|93.000000|0.596746|0.428762|33.000000|0.419332|0.833333|-0.260179|12.000000|0.000000|1.662772|0.218173|0.218173|1.000000|0.462557|20150825.000000|20150825.000000|20200529.000000|20150615.000000|20160510.000000|20260828.000000
EX5:OI168LM14|2014-05-01|0.556188|0.691199|1.154102|0.804671|1.644329|6.224945|7.000000|0.608336|0.800387|0.996061|1.340343|0.579720|0.492223|0.476402|1.251639|1.204562|0.000000|0.584121|0.457022|0.037759|0.562788|1.049024|1.220115|0.000000|87.000000|0.649822|0.485149|27.000000|0.436321|0.727273|-0.250812|11.000000|0.000000|1.552969|0.162894|0.162894|1.000000|0.557525|20150825.000000|20150825.000000|20200529.000000|20150615.000000|20150825.000000|20260828.000000
EX5:OI168LM14|2014-11-01|0.519918|0.728002|1.114377|0.714171|1.629920|6.029069|7.000000|0.605266|0.692381|0.855648|1.266232|0.556870|0.489560|0.413119|1.320213|1.205703|0.000000|0.560726|0.421443|0.114464|0.473536|1.289142|1.234130|0.000000|81.000000|0.640017|0.486787|21.000000|0.444099|0.727273|-0.296279|11.000000|0.000000|1.515364|0.142120|0.142120|1.000000|0.521521|20150825.000000|20150825.000000|20200529.000000|20150615.000000|20160128.000000|20260828.000000
EX5:OI168LM14|2015-05-01|0.464281|0.561669|1.112578|0.826610|1.531817|6.246730|7.000000|0.610024|0.739275|0.915450|1.379987|0.618113|0.474365|0.488853|1.160160|1.154968|0.000000|0.527692|0.374262|0.121707|0.501428|1.055532|1.152878|0.000000|75.000000|0.615379|0.452704|15.000000|0.468027|0.800000|-0.265103|10.000000|0.000000|1.747716|0.256172|0.256172|1.000000|0.465631|20200323.000000|20200323.000000|20200529.000000|20150615.000000|20160513.000000|20260828.000000
EX5:OI168LM14|2015-11-01|0.512704|0.501121|1.190080|1.023113|1.590685|5.933124|7.000000|0.609307|0.731069|0.915508|1.379804|0.609812|0.473557|0.488902|1.111448|1.145050|0.000000|0.518302|0.470721|0.284830|0.501121|1.034284|1.160645|0.000000|69.000000|0.615173|0.611729|9.000000|0.441403|0.800000|-0.260129|10.000000|0.000000|1.747837|0.256223|0.256223|1.000000|0.514388|20200323.000000|20200323.000000|20230131.000000|20200225.000000|20200323.000000|20260828.000000
EX5:OI168LM14|2016-05-01|0.673313|0.482218|1.449410|1.396282|1.624018|5.876627|7.000000|0.609422|0.702058|0.865254|1.359267|0.615783|0.528590|0.412687|1.533320|1.255229|0.000000|0.597792|0.531096|0.376731|0.412687|1.399752|1.301953|0.000000|63.000000|0.666533|0.669176|3.000000|0.739688|0.888889|-0.254839|9.000000|0.000000|1.880636|0.308745|0.308745|1.000000|0.676001|20200323.000000|20200323.000000|20230131.000000|20180730.000000|20190103.000000|20260828.000000
EX5:OI168LM16|2009-11-01|0.357131|0.728383|0.859287|0.490307|1.529925|5.755601|7.000000|0.623152|0.735019|0.923607|1.377126|0.703507|0.441145|0.529530|0.935242|0.980782|0.151515|0.449259|0.244328|-0.150258|0.529530|0.746273|0.939523|0.099291|141.000000|0.635484|0.427994|81.000000|0.373902|0.625000|-0.347889|16.000000|0.000000|1.641810|0.208191|0.208191|0.984589|0.358626|20150825.000000|20150825.000000|20160229.000000|20110328.000000|20121115.000000|20260828.000000
EX5:OI168LM16|2010-05-01|0.329681|0.735307|0.824289|0.448358|1.531917|6.032307|6.000000|0.617770|0.766325|0.943791|1.366840|0.652264|0.398908|0.488581|0.947758|0.965080|0.119497|0.399673|0.252594|-0.149263|0.488581|0.742916|0.914409|0.103704|135.000000|0.558319|0.359565|75.000000|0.394157|0.666667|-0.347741|15.000000|0.000000|1.875544|0.306868|0.306868|1.000000|0.331162|20200323.000000|20200323.000000|20160229.000000|20110328.000000|20140320.000000|20260828.000000
EX5:OI168LM16|2010-11-01|0.393537|0.643882|0.935005|0.611195|1.480649|5.837431|7.000000|0.620729|0.721447|0.888290|1.360721|0.673578|0.429633|0.482062|0.900777|0.984940|0.071895|0.416630|0.336821|-0.010475|0.531228|0.747265|0.930052|0.007752|129.000000|0.533573|0.402967|69.000000|0.396907|0.666667|-0.257391|15.000000|0.000000|1.641074|0.207836|0.207836|1.000000|0.395050|20150825.000000|20150825.000000|20160229.000000|20150615.000000|20160229.000000|20260828.000000
EX5:OI168LM16|2011-05-01|0.405199|0.654821|0.967537|0.618793|1.501993|5.738939|7.000000|0.616009|0.703419|0.893792|1.364994|0.632102|0.424829|0.444258|1.030820|1.034355|0.040816|0.429331|0.329155|0.015641|0.485587|0.878478|0.964117|0.000000|123.000000|0.557127|0.410554|63.000000|0.455674|0.714286|-0.257096|14.000000|0.000000|1.763193|0.262701|0.262701|1.000000|0.406781|20150825.000000|20150825.000000|20160531.000000|20150615.000000|20160526.000000|20260828.000000
EX5:OI168LM16|2011-11-01|0.411733|0.632530|0.964823|0.650931|1.563860|5.935048|6.000000|0.617834|0.711660|0.878843|1.354813|0.662685|0.424725|0.444819|1.028299|1.002046|0.000000|0.429332|0.358198|0.079649|0.484475|0.863568|0.931823|0.000000|117.000000|0.605614|0.407602|57.000000|0.409612|0.714286|-0.257373|14.000000|0.000000|1.755848|0.259617|0.259617|1.000000|0.413591|20150825.000000|20150825.000000|20161230.000000|20150615.000000|20160526.000000|20260828.000000
EX5:OI168LM16|2012-05-01|0.482887|0.649927|1.058666|0.742986|1.615903|5.585028|7.000000|0.620322|0.714575|0.886156|1.363129|0.679838|0.482230|0.529637|1.115467|1.130481|0.000000|0.532313|0.387002|0.143948|0.529637|1.005054|1.123307|0.000000|111.000000|0.659570|0.476267|51.000000|0.419005|0.769231|-0.243498|13.000000|0.000000|1.625529|0.200260|0.200260|1.000000|0.484647|20150825.000000|20150825.000000|20200529.000000|20150615.000000|20160229.000000|20260828.000000
EX5:OI168LM16|2012-11-01|0.534234|0.648807|1.133443|0.823409|1.652229|6.104043|7.000000|0.612662|0.719600|1.008851|1.350233|0.602740|0.466453|0.456985|1.109224|1.114337|0.000000|0.509790|0.400084|0.191942|0.480350|1.117724|1.107357|0.000000|105.000000|0.644803|0.468193|45.000000|0.442482|0.846154|-0.245186|13.000000|0.000000|1.703734|0.236970|0.236970|1.000000|0.536825|20150825.000000|20150825.000000|20200529.000000|20150615.000000|20150825.000000|20260828.000000
EX5:OI168LM16|2013-05-01|0.511662|0.620240|1.107567|0.824941|1.629388|5.814458|7.000000|0.614188|0.715541|0.848303|1.384089|0.643937|0.473614|0.495945|1.091882|1.169902|0.000000|0.588242|0.370760|0.118476|0.531282|1.122365|1.200054|0.000000|99.000000|0.669517|0.492957|39.000000|0.463240|0.833333|-0.256685|12.000000|0.000000|1.699793|0.235201|0.235201|1.000000|0.513331|20200323.000000|20200323.000000|20200529.000000|20150615.000000|20160526.000000|20260828.000000
EX5:OI168LM16|2013-11-01|0.489528|0.624994|1.058664|0.783252|1.641755|5.735631|7.000000|0.623943|0.741649|0.948702|1.404911|0.675321|0.450305|0.482554|0.997111|1.081424|0.000000|0.512803|0.366191|0.128048|0.546385|0.942210|1.100794|0.000000|93.000000|0.614987|0.448064|33.000000|0.412397|0.833333|-0.249321|12.000000|0.000000|1.677602|0.225084|0.225084|1.000000|0.490938|20200323.000000|20200323.000000|20200529.000000|20150615.000000|20160229.000000|20260828.000000
EX5:OI168LM16|2014-05-01|0.519396|0.693459|1.109621|0.748993|1.663737|5.730164|8.000000|0.594097|0.775418|1.031973|1.269014|0.475984|0.451960|0.462120|1.030140|1.107378|0.009009|0.502862|0.380775|0.024812|0.551334|0.930441|1.094733|0.000000|87.000000|0.606793|0.435524|27.000000|0.439672|0.727273|-0.258213|11.000000|0.000000|1.543522|0.157770|0.157770|1.000000|0.520631|20150825.000000|20150825.000000|20200529.000000|20150615.000000|20150825.000000|20260828.000000
EX5:OI168LM16|2014-11-01|0.576599|0.726487|1.187978|0.793681|1.629594|6.195959|7.000000|0.606386|0.729746|1.012552|1.293623|0.572870|0.549211|0.478092|1.367885|1.343588|0.000000|0.657870|0.513877|0.084694|0.556753|1.184299|1.315367|0.000000|81.000000|0.704244|0.556035|21.000000|0.448142|0.727273|-0.296245|11.000000|0.000000|1.515364|0.142120|0.142120|1.000000|0.578407|20150825.000000|20150825.000000|20200529.000000|20150615.000000|20160128.000000|20260828.000000
EX5:OI168LM16|2015-05-01|0.513870|0.554118|1.194350|0.927367|1.537597|6.170464|7.000000|0.603662|0.698849|0.910707|1.312474|0.530189|0.530012|0.415749|1.493752|1.243789|0.000000|0.593183|0.464402|0.193936|0.488447|1.308599|1.261234|0.000000|75.000000|0.671251|0.508505|15.000000|0.597935|0.800000|-0.260571|10.000000|0.000000|1.876000|0.307036|0.307036|1.000000|0.515388|20200323.000000|20200323.000000|20200529.000000|20150615.000000|20160513.000000|20260828.000000
EX5:OI168LM16|2015-11-01|0.567769|0.488533|1.272320|1.162192|1.597598|6.178459|7.000000|0.605620|0.699529|0.910626|1.299924|0.549253|0.528503|0.416092|1.479423|1.250100|0.000000|0.597776|0.537487|0.382897|0.426321|1.366346|1.270551|0.000000|69.000000|0.673563|0.672885|9.000000|0.573540|0.800000|-0.260345|10.000000|0.000000|1.875532|0.306863|0.306863|1.000000|0.569665|20200323.000000|20200323.000000|20230131.000000|20180730.000000|20190103.000000|20260828.000000
EX5:OI168LM16|2016-05-01|0.672232|0.488690|1.450386|1.375582|1.626078|5.783740|7.000000|0.605091|0.700886|0.911316|1.303454|0.552013|0.525174|0.412337|1.547233|1.272322|0.000000|0.594262|0.533997|0.377483|0.412337|1.377265|1.279946|0.000000|63.000000|0.664479|0.667825|3.000000|0.707278|0.888889|-0.259360|9.000000|0.000000|1.881172|0.308941|0.308941|1.000000|0.674915|20200323.000000|20200323.000000|20230131.000000|20180730.000000|20190103.000000|20260828.000000
EX5:OI168LM17|2009-11-01|0.319937|0.735368|0.810879|0.435070|1.501957|6.118287|6.000000|0.615118|0.747357|0.974971|1.342102|0.625789|0.378607|0.489134|0.854311|0.933047|0.151515|0.388125|0.185863|-0.148049|0.489134|0.652895|0.895732|0.120567|141.000000|0.603190|0.372845|81.000000|0.390926|0.625000|-0.347889|16.000000|0.000000|1.922137|0.323669|0.323669|0.984589|0.321258|20110808.000000|20110808.000000|20160229.000000|20110328.000000|20140320.000000|20260828.000000
EX5:OI168LM17|2010-05-01|0.351828|0.745995|0.849434|0.471622|1.538846|6.052236|7.000000|0.626911|0.791495|1.052628|1.353656|0.712650|0.423942|0.553664|0.892112|0.979051|0.119497|0.436463|0.302294|-0.145672|0.553664|0.749088|0.951125|0.081481|135.000000|0.606275|0.403842|75.000000|0.362750|0.666667|-0.347741|15.000000|0.000000|1.711183|0.240292|0.240292|1.000000|0.353421|20200323.000000|20200323.000000|20160229.000000|20110328.000000|20140320.000000|20260828.000000
EX5:OI168LM17|2010-11-01|0.383802|0.644292|0.935427|0.595696|1.464007|5.790838|7.000000|0.616548|0.755244|0.843799|1.344362|0.630429|0.433192|0.475875|0.917830|0.996742|0.078431|0.424147|0.324410|-0.020619|0.530648|0.761082|0.938948|0.015504|129.000000|0.542284|0.395683|69.000000|0.435106|0.666667|-0.249839|15.000000|0.000000|1.701192|0.235830|0.235830|1.000000|0.385272|20200323.000000|20200323.000000|20160229.000000|20150615.000000|20160229.000000|20260828.000000
EX5:OI168LM17|2011-05-01|0.432579|0.611213|1.009291|0.707738|1.509590|5.978404|7.000000|0.619670|0.740949|0.916455|1.342715|0.645170|0.466190|0.470909|1.006001|1.063317|0.040816|0.486862|0.360653|0.034071|0.529786|0.918979|1.053473|0.000000|123.000000|0.629990|0.462107|63.000000|0.449821|0.714286|-0.241060|14.000000|0.000000|1.702162|0.236265|0.236265|1.000000|0.434284|20200323.000000|20200323.000000|20160531.000000|20150615.000000|20160526.000000|20260828.000000
EX5:OI168LM17|2011-11-01|0.459266|0.651624|1.018078|0.704803|1.579292|5.869405|7.000000|0.618709|0.751559|1.052575|1.344774|0.656143|0.478564|0.526640|1.024346|1.097985|0.000000|0.489236|0.400896|0.097083|0.555949|0.880000|1.043885|0.000000|117.000000|0.673351|0.473702|57.000000|0.437369|0.714286|-0.242453|14.000000|0.000000|1.567901|0.170866|0.170866|1.000000|0.461372|20150825.000000|20150825.000000|20161230.000000|20150615.000000|20150825.000000|20260828.000000
EX5:OI168LM17|2012-05-01|0.457598|0.642206|1.035712|0.712541|1.596095|5.763918|6.000000|0.617469|0.756101|0.892528|1.361596|0.651572|0.447613|0.530781|1.016924|1.053371|0.000000|0.454024|0.366615|0.121303|0.530781|0.850473|0.993320|0.000000|111.000000|0.633205|0.430631|51.000000|0.436926|0.769231|-0.249603|13.000000|0.000000|1.700638|0.235581|0.235581|1.000000|0.459253|20200323.000000|20200323.000000|20200529.000000|20150615.000000|20160526.000000|20260828.000000
EX5:OI168LM17|2012-11-01|0.485970|0.662125|1.060125|0.733955|1.633857|5.968430|7.000000|0.626212|0.751262|1.004837|1.372715|0.710542|0.423562|0.545207|1.012691|1.070511|0.000000|0.452098|0.368651|0.118334|0.545207|0.829223|1.037257|0.000000|105.000000|0.593648|0.430552|45.000000|0.375999|0.846154|-0.242723|13.000000|0.000000|1.679178|0.225812|0.225812|1.000000|0.488292|20200323.000000|20200323.000000|20200529.000000|20150615.000000|20160526.000000|20260828.000000
EX5:OI168LM17|2013-05-01|0.512242|0.615626|1.104891|0.832068|1.627610|6.025288|7.000000|0.615435|0.734229|1.025647|1.343573|0.626967|0.513585|0.525666|1.152004|1.198030|0.000000|0.600330|0.397139|0.156090|0.553393|1.093235|1.206365|0.000000|99.000000|0.674144|0.500829|39.000000|0.482239|0.833333|-0.241196|12.000000|0.000000|1.711503|0.240434|0.240434|1.000000|0.513914|20200323.000000|20200323.000000|20200529.000000|20150615.000000|20160526.000000|20260828.000000
EX5:OI168LM17|2013-11-01|0.506190|0.639339|1.078098|0.791739|1.641309|5.710487|7.000000|0.612574|0.711342|0.902155|1.338251|0.604808|0.473393|0.455488|1.157470|1.159826|0.000000|0.556146|0.383339|0.154196|0.485953|1.164553|1.163985|0.000000|93.000000|0.650870|0.472626|33.000000|0.434594|0.833333|-0.262014|12.000000|0.000000|1.646976|0.210675|0.210675|1.000000|0.507655|20150825.000000|20150825.000000|20200529.000000|20150615.000000|20160229.000000|20260828.000000
EX5:OI168LM17|2014-05-01|0.534255|0.693465|1.130382|0.770414|1.668328|5.732130|8.000000|0.595389|0.750650|0.983909|1.260371|0.471981|0.462943|0.437123|1.233040|1.161055|0.000000|0.533508|0.409248|0.065539|0.460867|1.165122|1.153058|0.000000|87.000000|0.625294|0.455506|27.000000|0.434496|0.727273|-0.247916|11.000000|0.000000|1.543325|0.157663|0.157663|1.000000|0.535531|20150825.000000|20150825.000000|20200529.000000|20150615.000000|20150825.000000|20260828.000000
EX5:OI168LM17|2014-11-01|0.526769|0.726487|1.114331|0.725090|1.630973|5.974911|7.000000|0.607922|0.760512|0.946318|1.279295|0.578783|0.497241|0.477485|1.154348|1.176057|0.000000|0.546543|0.420082|0.079114|0.545978|1.004598|1.167735|0.000000|81.000000|0.636687|0.494353|21.000000|0.434935|0.727273|-0.296245|11.000000|0.000000|1.515364|0.142120|0.142120|1.000000|0.528396|20150825.000000|20150825.000000|20200529.000000|20150615.000000|20160128.000000|20260828.000000
EX5:OI168LM17|2015-05-01|0.495040|0.554118|1.161915|0.893384|1.534798|5.723441|7.000000|0.603337|0.708744|0.912349|1.310694|0.526415|0.509903|0.454012|1.378753|1.209102|0.000000|0.572848|0.454518|0.162842|0.488976|1.213835|1.219449|0.000000|75.000000|0.648395|0.490354|15.000000|0.557005|0.800000|-0.276170|10.000000|0.000000|1.969453|0.339918|0.339918|1.000000|0.496494|20200323.000000|20200323.000000|20200529.000000|20150615.000000|20160513.000000|20260828.000000
EX5:OI168LM17|2015-11-01|0.553413|0.489068|1.247576|1.131567|1.598342|5.750459|7.000000|0.602587|0.705838|0.912396|1.315980|0.523572|0.525024|0.454082|1.437491|1.224967|0.000000|0.591424|0.541125|0.370275|0.454082|1.263880|1.245378|0.000000|69.000000|0.657797|0.656909|9.000000|0.566050|0.800000|-0.275854|10.000000|0.000000|1.969274|0.339858|0.339858|1.000000|0.555253|20200323.000000|20200323.000000|20201231.000000|20180730.000000|20190103.000000|20260828.000000
EX5:OI168LM17|2016-05-01|0.634281|0.489282|1.379416|1.296351|1.628082|5.944562|7.000000|0.606843|0.757939|0.913134|1.317941|0.548426|0.509092|0.417937|1.384435|1.179837|0.000000|0.553430|0.486887|0.349880|0.417937|1.301855|1.204203|0.000000|63.000000|0.627877|0.629376|3.000000|0.463726|0.888889|-0.274161|9.000000|0.000000|1.872770|0.305841|0.305841|1.000000|0.636786|20200323.000000|20200323.000000|20230131.000000|20180730.000000|20190103.000000|20260828.000000
EX5:OI168LM18|2009-11-01|0.298574|0.735368|0.772837|0.406020|1.494893|5.565505|7.000000|0.617973|0.738376|0.923607|1.350139|0.635882|0.372051|0.489310|0.831738|0.935865|0.157576|0.363043|0.171161|-0.156427|0.489310|0.588078|0.855757|0.120567|141.000000|0.586750|0.351107|81.000000|0.337509|0.625000|-0.347889|16.000000|0.000000|1.913085|0.320469|0.320469|0.984589|0.299798|20200323.000000|20200323.000000|20160229.000000|20110328.000000|20140320.000000|20260828.000000
EX5:OI168LM18|2010-05-01|0.357581|0.745995|0.863770|0.479334|1.545863|5.786688|6.000000|0.621750|0.747224|0.947505|1.348260|0.670224|0.445890|0.529620|0.936224|1.008296|0.119497|0.460221|0.300919|-0.145748|0.529620|0.765678|0.975631|0.081481|135.000000|0.624819|0.412923|75.000000|0.450686|0.666667|-0.347741|15.000000|0.000000|1.702599|0.236462|0.236462|1.000000|0.359203|20200323.000000|20200323.000000|20160229.000000|20110328.000000|20140320.000000|20260828.000000
EX5:OI168LM18|2010-11-01|0.367324|0.696346|0.918858|0.527502|1.449852|5.510470|6.000000|0.610754|0.725662|0.956619|1.351958|0.581956|0.413314|0.455416|0.944383|0.964809|0.078431|0.416773|0.272824|-0.022719|0.489366|0.851658|0.940577|0.038760|129.000000|0.587744|0.376855|69.000000|0.375235|0.666667|-0.286557|15.000000|0.000000|1.912815|0.320373|0.320373|1.000000|0.368723|20200323.000000|20200323.000000|20160630.000000|20150615.000000|20160513.000000|20260828.000000
EX5:OI168LM18|2011-05-01|0.409170|0.611253|0.967536|0.669396|1.509454|5.389774|7.000000|0.622004|0.765423|0.915937|1.367750|0.681818|0.444255|0.473960|0.936884|1.018795|0.040816|0.442377|0.351275|0.034026|0.530645|0.786121|0.958547|0.000000|123.000000|0.539659|0.427753|63.000000|0.429976|0.714286|-0.250196|14.000000|0.000000|1.700986|0.235738|0.235738|1.000000|0.410770|20200323.000000|20200323.000000|20160531.000000|20150615.000000|20160526.000000|20260828.000000
EX5:OI168LM18|2011-11-01|0.450610|0.610233|1.017968|0.738423|1.565986|5.666196|6.000000|0.616822|0.747985|1.051903|1.353912|0.652446|0.478771|0.518674|1.022741|1.087414|0.000000|0.491747|0.380471|0.086598|0.553394|0.888601|1.050440|0.000000|117.000000|0.664092|0.462967|57.000000|0.450009|0.714286|-0.240924|14.000000|0.000000|1.711538|0.240449|0.240449|1.000000|0.452670|20200323.000000|20200323.000000|20161230.000000|20150615.000000|20160526.000000|20260828.000000
EX5:OI168LM18|2012-05-01|0.474139|0.674826|1.041804|0.702609|1.613411|5.565476|7.000000|0.614898|0.738388|1.029600|1.332939|0.600231|0.465058|0.557421|1.010538|1.101312|0.000000|0.531652|0.349560|0.107163|0.557421|0.953773|1.092195|0.000000|111.000000|0.660886|0.460117|51.000000|0.494898|0.769231|-0.245097|13.000000|0.000000|1.597511|0.186234|0.186234|1.000000|0.475863|20150825.000000|20150825.000000|20200529.000000|20150615.000000|20160229.000000|20260828.000000
EX5:OI168LM18|2012-11-01|0.513597|0.624151|1.100949|0.822872|1.650851|5.524715|7.000000|0.619992|0.745829|0.945201|1.385626|0.659917|0.474928|0.456234|1.068521|1.063768|0.000000|0.490054|0.408880|0.199464|0.480156|1.020614|1.023209|0.000000|105.000000|0.595042|0.467433|45.000000|0.439314|0.846154|-0.252846|13.000000|0.000000|1.716000|0.242424|0.242424|1.000000|0.516072|20150825.000000|20150825.000000|20200529.000000|20150615.000000|20150825.000000|20260828.000000
EX5:OI168LM18|2013-05-01|0.507818|0.616804|1.097189|0.823306|1.627693|5.653625|7.000000|0.615093|0.733292|1.023923|1.328180|0.635298|0.511164|0.527831|1.123956|1.191490|0.000000|0.585135|0.395191|0.153604|0.555183|1.073701|1.188078|0.000000|99.000000|0.666922|0.498094|39.000000|0.468878|0.833333|-0.242232|12.000000|0.000000|1.708275|0.238998|0.238998|1.000000|0.509474|20200323.000000|20200323.000000|20200529.000000|20150615.000000|20160526.000000|20260828.000000
EX5:OI168LM18|2013-11-01|0.484135|0.639378|1.045983|0.757197|1.640413|6.547569|7.000000|0.617336|0.711853|0.902385|1.359946|0.637821|0.469264|0.455269|1.141775|1.143078|0.000000|0.538764|0.372729|0.151509|0.485785|1.137624|1.155572|0.000000|93.000000|0.617765|0.462308|33.000000|0.443120|0.833333|-0.267388|12.000000|0.000000|1.646957|0.210666|0.210666|1.000000|0.485527|20150825.000000|20150825.000000|20200529.000000|20150615.000000|20160229.000000|20260828.000000
EX5:OI168LM18|2014-05-01|0.521762|0.696974|1.105456|0.748611|1.654426|6.314381|7.000000|0.602575|0.773342|1.048938|1.296316|0.511007|0.466127|0.461670|1.218079|1.125054|0.000000|0.545479|0.422632|0.032922|0.554085|0.988679|1.156942|0.000000|87.000000|0.606014|0.445329|27.000000|0.485221|0.727273|-0.250888|11.000000|0.000000|1.522206|0.145976|0.145976|1.000000|0.523004|20150825.000000|20150825.000000|20200529.000000|20150615.000000|20150825.000000|20260828.000000
EX5:OI168LM18|2014-11-01|0.523460|0.726487|1.109679|0.720536|1.630234|5.411089|8.000000|0.609695|0.761465|0.946340|1.303197|0.590609|0.491827|0.477393|1.146630|1.176616|0.000000|0.544449|0.418688|0.079107|0.545968|0.997219|1.171961|0.000000|81.000000|0.631232|0.496890|21.000000|0.454836|0.727273|-0.296245|11.000000|0.000000|1.515364|0.142120|0.142120|1.000000|0.525076|20150825.000000|20150825.000000|20200529.000000|20150615.000000|20160128.000000|20260828.000000
EX5:OI168LM18|2015-05-01|0.491401|0.554118|1.154066|0.886818|1.534391|5.563850|7.000000|0.607632|0.706419|0.913078|1.347477|0.553208|0.504167|0.455258|1.366253|1.209355|0.000000|0.572934|0.453417|0.159947|0.489355|1.199157|1.218119|0.000000|75.000000|0.642875|0.481185|15.000000|0.573092|0.800000|-0.280137|10.000000|0.000000|1.913128|0.320485|0.320485|1.000000|0.492843|20200323.000000|20200323.000000|20200529.000000|20150615.000000|20160513.000000|20260828.000000
EX5:OI168LM18|2015-11-01|0.531205|0.489286|1.213713|1.085674|1.594772|5.852844|7.000000|0.606171|0.706746|0.913306|1.338001|0.546186|0.506991|0.455282|1.393218|1.210119|0.000000|0.573294|0.515186|0.357516|0.455282|1.235243|1.232256|0.000000|69.000000|0.632706|0.632070|9.000000|0.575303|0.800000|-0.280397|10.000000|0.000000|1.912917|0.320409|0.320410|1.000000|0.532960|20200323.000000|20200323.000000|20201231.000000|20180730.000000|20190103.000000|20260828.000000
EX5:OI168LM18|2016-05-01|0.643571|0.489501|1.417148|1.314750|1.615279|5.407741|7.000000|0.604463|0.759111|0.913646|1.361570|0.547629|0.526711|0.420008|1.490585|1.249532|0.000000|0.576714|0.520622|0.366706|0.420008|1.345618|1.264867|0.000000|63.000000|0.634976|0.638132|3.000000|0.470165|0.888889|-0.278251|9.000000|0.000000|1.869646|0.304681|0.304681|1.000000|0.646119|20200323.000000|20200323.000000|20230131.000000|20180730.000000|20190103.000000|20260828.000000
