BASE|2009-11-01|0.314964|0.693960|0.604382|0.453864|1.620187|6.513478|6.000000|0.659951|0.999036|1.240627|1.427959|0.809630|0.345258|0.437173|0.826074|0.662208|0.072727|0.354410|0.200820|-0.043392|0.465111|0.761280|0.635717|0.042553|141.000000|0.461252|0.332922|81.000000|0.355592|0.750000|-0.277082|16.000000
BASE|2010-05-01|0.386654|0.663979|0.769709|0.582329|1.643964|6.919292|6.000000|0.661598|0.961168|1.241596|1.463840|0.774053|0.426251|0.431696|0.891936|0.818145|0.056604|0.436319|0.337015|-0.017465|0.451436|0.863560|0.854424|0.014815|135.000000|0.594415|0.421321|75.000000|0.387716|0.800000|-0.276843|15.000000
BASE|2010-11-01|0.324961|0.707306|0.633410|0.459434|1.612029|7.044267|6.000000|0.658376|0.925824|1.145085|1.401492|0.805978|0.369479|0.424419|0.905609|0.776198|0.084967|0.385978|0.209395|-0.061089|0.437072|0.917513|0.713867|0.069767|129.000000|0.462464|0.332224|69.000000|0.281902|0.800000|-0.316190|15.000000
BASE|2011-05-01|0.316556|0.702332|0.605391|0.450721|1.596396|6.706993|6.000000|0.662919|0.927899|1.126171|1.417640|0.806568|0.368996|0.441103|0.849744|0.731774|0.040816|0.391513|0.238177|-0.040188|0.452362|0.885366|0.739676|0.024390|123.000000|0.456260|0.336163|63.000000|0.360859|0.785714|-0.310331|14.000000
BASE|2011-11-01|0.360885|0.745172|0.689056|0.484297|1.640904|7.166607|7.000000|0.672308|1.011866|1.277698|1.430877|0.816775|0.388846|0.425505|0.968899|0.796228|0.042553|0.411019|0.249519|0.027506|0.433137|0.961479|0.782447|0.000000|117.000000|0.586368|0.339389|57.000000|0.386813|0.857143|-0.357911|14.000000
BASE|2012-05-01|0.364399|0.695070|0.701072|0.524262|1.655222|7.017899|6.000000|0.669655|0.896753|1.074116|1.457155|0.838320|0.406200|0.432282|0.863031|0.779368|0.029630|0.420243|0.341324|0.122458|0.463296|0.847484|0.766949|0.000000|111.000000|0.564410|0.392379|51.000000|0.368963|0.769231|-0.266259|13.000000
BASE|2012-11-01|0.462220|0.689124|0.869185|0.670735|1.694866|6.666922|6.000000|0.633093|0.877550|1.091374|1.480526|0.687909|0.524884|0.542830|1.076449|1.018112|0.015504|0.561728|0.398516|0.152549|0.542830|1.056312|1.024249|0.000000|105.000000|0.634630|0.473194|45.000000|0.377345|0.769231|-0.156592|13.000000
BASE|2013-05-01|0.472289|0.653723|0.894057|0.722460|1.685289|6.769186|7.000000|0.640924|0.794878|0.982195|1.441665|0.796976|0.508549|0.490601|1.120890|0.945324|0.016260|0.541909|0.437772|0.210076|0.510068|1.064405|0.997902|0.000000|99.000000|0.670713|0.475025|39.000000|0.422273|0.833333|-0.162553|12.000000
BASE|2013-11-01|0.454365|0.669472|0.874891|0.678692|1.670013|7.180484|7.000000|0.625618|0.842702|1.035315|1.437466|0.711538|0.489815|0.435420|1.127481|0.984218|0.008547|0.507200|0.369368|0.118071|0.449613|1.130357|0.971610|0.000000|93.000000|0.633773|0.428131|33.000000|0.384122|0.750000|-0.218313|12.000000
BASE|2014-05-01|0.461225|0.747492|0.883638|0.617029|1.670236|7.409002|6.000000|0.655705|1.063330|1.327542|1.475337|0.807205|0.480209|0.438099|1.093275|0.938046|0.027027|0.516876|0.422520|0.112204|0.439601|1.175786|0.978048|0.000000|87.000000|0.595752|0.423603|27.000000|0.436114|0.727273|-0.336172|11.000000
BASE|2014-11-01|0.480635|0.819996|0.913375|0.586143|1.627233|7.531097|7.000000|0.624030|0.738396|0.997798|1.446982|0.660589|0.589668|0.437579|1.264255|1.137839|0.028571|0.624475|0.527735|0.026504|0.559644|1.122903|1.188284|0.000000|81.000000|0.658605|0.508223|21.000000|0.470246|0.727273|-0.428941|11.000000
BASE|2015-05-01|0.482182|0.622013|0.997226|0.775196|1.591968|7.010411|7.000000|0.638292|0.740571|0.951859|1.458566|0.738903|0.608968|0.439527|1.291434|1.199386|0.000000|0.631227|0.564223|0.186105|0.577286|1.127102|1.188973|0.000000|75.000000|0.664195|0.561550|15.000000|0.474455|0.800000|-0.146421|10.000000
BASE|2015-11-01|0.618849|0.574713|1.266878|1.076796|1.648410|7.073630|7.000000|0.644984|0.745609|0.944390|1.474112|0.787614|0.649139|0.441470|1.312567|1.227607|0.000000|0.660862|0.578078|0.464053|0.574713|1.170488|1.240828|0.000000|69.000000|0.734709|0.739714|9.000000|0.585015|0.800000|-0.156067|10.000000
BASE|2016-05-01|0.652720|0.549885|1.382857|1.187012|1.670079|6.026931|6.000000|0.624818|0.740490|0.967177|1.463796|0.701475|0.634954|0.439713|1.334827|1.206256|0.000000|0.639115|0.583057|0.477797|0.549885|1.197286|1.241717|0.000000|63.000000|0.646660|0.649171|3.000000|0.494125|0.888889|-0.150877|9.000000
OFF_M13|2009-11-01|0.371979|0.672216|0.717504|0.553362|1.622834|6.338863|5.000000|0.686493|0.970325|1.149570|1.507596|0.834947|0.391539|0.454826|0.837124|0.764349|0.042424|0.428040|0.272702|-0.009865|0.457603|0.888091|0.768196|0.021277|141.000000|0.626514|0.407655|81.000000|0.286780|0.812500|-0.276083|16.000000
OFF_M13|2010-05-01|0.394585|0.673138|0.754656|0.586187|1.654567|7.887557|6.000000|0.692795|0.973516|1.150721|1.509608|0.844933|0.412514|0.454295|0.901611|0.784916|0.044025|0.443918|0.310302|-0.007965|0.457933|0.930911|0.798277|0.022222|135.000000|0.626041|0.412832|75.000000|0.381101|0.800000|-0.275895|15.000000
OFF_M13|2010-11-01|0.372888|0.718174|0.704645|0.519217|1.663360|6.134552|6.000000|0.675843|0.987764|1.191042|1.492121|0.860374|0.401366|0.478450|0.923004|0.852144|0.045752|0.471642|0.242699|-0.029156|0.478450|0.985772|0.835796|0.023256|129.000000|0.590769|0.385966|69.000000|0.371531|0.733333|-0.292918|15.000000
OFF_M13|2011-05-01|0.418373|0.681797|0.814830|0.613633|1.589164|6.501221|6.000000|0.676470|0.841477|1.030936|1.500676|0.847203|0.466606|0.448730|0.975762|0.905352|0.020408|0.514576|0.386828|-0.000625|0.541626|0.952792|0.910925|0.008130|123.000000|0.661965|0.464627|63.000000|0.273455|0.857143|-0.241402|14.000000
OFF_M13|2011-11-01|0.447330|0.679373|0.864847|0.658445|1.636469|5.275860|6.000000|0.675165|0.842775|1.023804|1.492727|0.849986|0.478462|0.527257|1.003365|0.913453|0.007092|0.514528|0.413863|0.098993|0.541472|0.954427|0.914451|0.000000|117.000000|0.695286|0.468789|57.000000|0.269400|0.857143|-0.239456|14.000000
OFF_M13|2012-05-01|0.451870|0.686550|0.865071|0.658174|1.652955|6.329885|6.000000|0.662246|0.863079|1.046770|1.515036|0.854922|0.456867|0.533122|1.015092|0.918340|0.014815|0.520577|0.354561|0.136516|0.533122|0.979511|0.933882|0.000000|111.000000|0.670361|0.441333|51.000000|0.381838|0.846154|-0.248575|13.000000
OFF_M13|2012-11-01|0.513264|0.644171|0.971475|0.796783|1.698577|7.999460|6.000000|0.660345|0.793310|0.949037|1.508706|0.853186|0.506807|0.539803|1.113264|1.008725|0.000000|0.561660|0.437947|0.158602|0.539803|1.040490|1.026308|0.000000|105.000000|0.675993|0.495582|45.000000|0.378476|0.923077|-0.179515|13.000000
OFF_M13|2013-05-01|0.473393|0.625297|0.902309|0.757070|1.674819|6.430169|6.000000|0.657682|0.796858|0.938672|1.485162|0.836162|0.512436|0.504813|1.084204|0.986208|0.000000|0.554669|0.402570|0.182187|0.531205|1.049627|1.011649|0.000000|99.000000|0.651154|0.478928|39.000000|0.367157|0.833333|-0.233916|12.000000
OFF_M13|2013-11-01|0.493619|0.644915|0.926079|0.765402|1.688662|6.398507|6.000000|0.664080|0.827736|0.939683|1.518237|0.800641|0.535402|0.454999|1.135058|1.054307|0.000000|0.589306|0.417639|0.138697|0.538794|1.109687|1.073896|0.000000|93.000000|0.678865|0.480185|33.000000|0.367312|0.833333|-0.232025|12.000000
OFF_M13|2014-05-01|0.517902|0.706303|0.966217|0.733258|1.679129|6.733201|6.000000|0.670907|0.966093|1.140905|1.509994|0.829219|0.528222|0.475959|1.138015|1.057288|0.000000|0.570692|0.475652|0.112939|0.533028|1.120181|1.070060|0.000000|87.000000|0.654904|0.477632|27.000000|0.381029|0.818182|-0.322221|11.000000
OFF_M13|2014-11-01|0.539324|0.764615|1.007589|0.705353|1.653690|8.453761|7.000000|0.626972|0.712264|1.011774|1.438676|0.697043|0.592092|0.458571|1.326788|1.174400|0.000000|0.621238|0.535695|0.203244|0.461131|1.347204|1.211719|0.000000|81.000000|0.705664|0.610092|21.000000|0.423039|0.818182|-0.474403|11.000000
OFF_M13|2015-05-01|0.480274|0.608950|0.969374|0.788692|1.612980|6.535894|7.000000|0.643637|0.756633|0.972345|1.489280|0.797347|0.572518|0.434712|1.214697|1.130001|0.000000|0.593148|0.482357|0.154997|0.567295|1.084040|1.118017|0.000000|75.000000|0.651086|0.559024|15.000000|0.531289|0.800000|-0.218641|10.000000
OFF_M13|2015-11-01|0.572242|0.566941|1.165961|1.009350|1.661975|6.767013|7.000000|0.644959|0.758092|0.971383|1.494133|0.810030|0.609313|0.435082|1.255830|1.128834|0.000000|0.615742|0.517674|0.426334|0.566941|1.106759|1.167157|0.000000|69.000000|0.661017|0.658326|9.000000|0.530181|0.800000|-0.216146|10.000000
OFF_M13|2016-05-01|0.657738|0.578626|1.344110|1.136724|1.673010|6.475301|7.000000|0.635577|0.755166|1.027576|1.500064|0.783579|0.591198|0.425051|1.305828|1.159864|0.000000|0.624433|0.551872|0.459552|0.578626|1.132824|1.187264|0.000000|63.000000|0.644185|0.650553|3.000000|0.621550|0.888889|-0.154444|9.000000
OFF|2009-11-01|0.380978|0.660613|0.740667|0.576704|1.605413|5.594260|5.000000|0.672836|0.947206|1.149435|1.509112|0.844875|0.415142|0.529357|0.925629|0.847934|0.036364|0.457942|0.276050|-0.002624|0.529357|0.794781|0.852977|0.007092|141.000000|0.624892|0.432905|81.000000|0.374901|0.812500|-0.276083|16.000000
OFF|2010-05-01|0.429027|0.652302|0.825733|0.657713|1.654988|4.740150|6.000000|0.684557|0.928176|1.149684|1.505701|0.856448|0.453722|0.542296|0.956408|0.923258|0.037736|0.505555|0.348049|0.003485|0.549002|0.892009|0.878186|0.000000|135.000000|0.682350|0.470723|75.000000|0.465615|0.800000|-0.275895|15.000000
OFF|2010-11-01|0.385670|0.693265|0.730473|0.556310|1.660374|5.536069|6.000000|0.675788|0.968830|1.117317|1.525170|0.833853|0.417760|0.496254|0.945419|0.871427|0.039216|0.488064|0.309689|-0.020184|0.529977|0.920916|0.835547|0.023256|129.000000|0.609202|0.424238|69.000000|0.374633|0.800000|-0.268140|15.000000
OFF|2011-05-01|0.415445|0.659888|0.805752|0.629569|1.595332|5.623877|6.000000|0.663959|0.829350|0.980716|1.505922|0.819371|0.493375|0.447807|0.999182|0.917931|0.020408|0.546842|0.395516|0.002716|0.534673|1.027804|0.957294|0.000000|123.000000|0.653444|0.478011|63.000000|0.359597|0.857143|-0.235964|14.000000
OFF|2011-11-01|0.429375|0.656222|0.831694|0.654314|1.626346|5.844911|6.000000|0.666749|0.817169|1.011631|1.498075|0.811990|0.468950|0.504119|1.023270|0.925219|0.000000|0.529430|0.372809|0.108087|0.522407|1.018462|0.960141|0.000000|117.000000|0.653330|0.447147|57.000000|0.368372|0.857143|-0.204813|14.000000
OFF|2012-05-01|0.479715|0.663665|0.915281|0.722828|1.664978|4.641131|6.000000|0.657965|0.823303|0.998270|1.502102|0.794761|0.535756|0.532916|1.075020|1.001546|0.000000|0.557347|0.454401|0.198293|0.532916|1.050520|0.991877|0.000000|111.000000|0.709136|0.508640|51.000000|0.465732|0.846154|-0.236804|13.000000
OFF|2012-11-01|0.512466|0.639697|0.978090|0.801107|1.696810|5.539988|6.000000|0.653639|0.781485|0.934535|1.491897|0.840381|0.512711|0.541953|1.124561|1.049613|0.000000|0.566028|0.422426|0.153167|0.541953|1.044422|1.002335|0.000000|105.000000|0.671592|0.498834|45.000000|0.462519|0.923077|-0.183513|13.000000
OFF|2013-05-01|0.475842|0.619358|0.920578|0.768284|1.668952|4.984287|6.000000|0.646691|0.777475|0.890531|1.472728|0.803456|0.532820|0.490362|1.106405|1.012009|0.000000|0.547543|0.432410|0.196749|0.522015|1.062028|0.996151|0.000000|99.000000|0.646787|0.488797|39.000000|0.413082|0.833333|-0.111383|12.000000
OFF|2013-11-01|0.473603|0.641470|0.893256|0.738309|1.676788|4.429285|6.000000|0.643516|0.769364|0.933517|1.492360|0.774679|0.545946|0.444047|1.210227|1.059453|0.000000|0.568121|0.438719|0.178908|0.524699|1.083557|1.035376|0.000000|93.000000|0.654211|0.488716|33.000000|0.371805|0.833333|-0.241180|12.000000
OFF|2014-05-01|0.488253|0.709342|0.916460|0.688318|1.668218|5.698428|6.000000|0.653359|0.979232|1.156096|1.501379|0.800867|0.539474|0.441204|1.223418|1.061912|0.000000|0.548027|0.459760|0.117848|0.521401|1.077961|1.039209|0.000000|87.000000|0.616874|0.474784|27.000000|0.466119|0.818182|-0.320098|11.000000
OFF|2014-11-01|0.496321|0.784676|0.920307|0.632517|1.652984|5.613213|7.000000|0.638235|0.761699|1.055894|1.505387|0.775652|0.605411|0.437024|1.287484|1.234993|0.000000|0.647356|0.550842|0.045052|0.584371|1.142580|1.206305|0.000000|81.000000|0.683804|0.561885|21.000000|0.465289|0.727273|-0.489927|11.000000
OFF|2015-05-01|0.524523|0.609669|1.060950|0.860341|1.613277|6.218008|7.000000|0.640281|0.748377|0.924593|1.471032|0.800663|0.627778|0.430967|1.372884|1.235476|0.000000|0.650742|0.549612|0.210342|0.529846|1.273074|1.221124|0.000000|75.000000|0.707330|0.608292|15.000000|0.585783|0.800000|-0.202475|10.000000
OFF|2015-11-01|0.572592|0.572008|1.172179|1.001021|1.661287|6.973607|7.000000|0.641432|0.763818|0.987788|1.480291|0.806991|0.617402|0.435051|1.251372|1.174779|0.000000|0.626679|0.539747|0.430880|0.572008|1.114350|1.218773|0.000000|69.000000|0.661252|0.669753|9.000000|0.578309|0.800000|-0.215975|10.000000
OFF|2016-05-01|0.663972|0.581902|1.358234|1.141037|1.673651|5.348298|7.000000|0.629569|0.762998|1.035628|1.501392|0.756078|0.605615|0.433760|1.320223|1.236849|0.000000|0.644394|0.586057|0.473786|0.581902|1.167854|1.253349|0.000000|63.000000|0.649945|0.658078|3.000000|0.682173|0.888889|-0.154444|9.000000
OFF_BUY1|2009-11-01|0.372741|0.680167|0.715716|0.548015|1.582097|7.744177|4.000000|0.677503|1.005354|1.172473|1.540526|0.859767|0.411066|0.570159|0.928362|0.860446|0.078788|0.471246|0.238439|-0.034784|0.575211|0.819256|0.914770|0.035461|141.000000|0.618915|0.439960|81.000000|0.359676|0.750000|-0.284491|16.000000
OFF_BUY1|2010-05-01|0.391801|0.680239|0.746095|0.575975|1.612794|7.751083|4.000000|0.683685|1.006819|1.172336|1.545582|0.858495|0.422072|0.561030|0.995203|0.899169|0.075472|0.501391|0.286499|-0.034796|0.575201|0.871679|0.928606|0.037037|135.000000|0.619089|0.442741|75.000000|0.379823|0.800000|-0.284552|15.000000
OFF_BUY1|2010-11-01|0.439941|0.630460|0.851081|0.697810|1.631182|7.757601|4.000000|0.673159|0.861103|1.037409|1.533917|0.824233|0.490309|0.453495|0.994313|0.954774|0.026144|0.543435|0.427489|0.035927|0.530611|1.020308|0.980042|0.000000|129.000000|0.611922|0.504024|69.000000|0.344958|0.800000|-0.222780|15.000000
OFF_BUY1|2011-05-01|0.428282|0.645033|0.838543|0.663969|1.561156|7.750538|4.000000|0.679165|0.863678|0.981241|1.531072|0.838853|0.485703|0.446196|0.997865|0.954562|0.020408|0.541662|0.404523|0.030026|0.550494|0.983956|0.957647|0.000000|123.000000|0.619679|0.483782|63.000000|0.354771|0.857143|-0.225219|14.000000
OFF_BUY1|2011-11-01|0.458324|0.645751|0.887943|0.709753|1.608351|7.750943|4.000000|0.680852|0.864421|0.981399|1.532537|0.845764|0.496233|0.500435|1.053782|0.984558|0.007092|0.544331|0.440957|0.128201|0.550513|0.991100|1.021938|0.000000|117.000000|0.687539|0.492865|57.000000|0.354854|0.857143|-0.225274|14.000000
OFF_BUY1|2012-05-01|0.489461|0.629517|0.941677|0.777517|1.629317|7.769880|4.000000|0.660128|0.784102|0.944103|1.521814|0.829016|0.545473|0.530661|1.110213|1.024712|0.000000|0.558622|0.492238|0.245313|0.530661|1.059945|1.052025|0.000000|111.000000|0.692420|0.519427|51.000000|0.344822|0.769231|-0.222628|13.000000
OFF_BUY1|2012-11-01|0.532987|0.609323|1.030713|0.874720|1.655067|7.726643|4.000000|0.638886|0.759384|0.931000|1.518027|0.796605|0.556777|0.465226|1.160574|1.018585|0.000000|0.559437|0.500786|0.286962|0.465226|1.189806|1.046599|0.000000|105.000000|0.675240|0.523274|45.000000|0.338791|0.923077|-0.229485|13.000000
OFF_BUY1|2013-05-01|0.504579|0.585125|0.997441|0.862344|1.629671|7.740128|4.000000|0.635733|0.749735|0.928378|1.500029|0.768590|0.564657|0.454542|1.211115|1.075129|0.000000|0.576115|0.513566|0.293259|0.465137|1.216132|1.088904|0.000000|99.000000|0.677597|0.533653|39.000000|0.361192|0.916667|-0.227772|12.000000
OFF_BUY1|2013-11-01|0.468154|0.642247|0.889107|0.728932|1.643969|7.715513|4.000000|0.647485|0.786788|0.943116|1.505218|0.733333|0.513254|0.430073|1.155233|1.007294|0.000000|0.559224|0.450894|0.209872|0.472337|1.183951|1.037212|0.000000|93.000000|0.630040|0.469647|33.000000|0.367574|0.833333|-0.195054|12.000000
OFF_BUY1|2014-05-01|0.489893|0.708774|0.921977|0.691183|1.630895|7.769106|4.000000|0.675244|0.983200|1.153911|1.527916|0.849566|0.567898|0.429836|1.219328|1.127665|0.000000|0.606382|0.520013|0.123394|0.547976|1.122994|1.108199|0.000000|87.000000|0.644870|0.475849|27.000000|0.380649|0.818182|-0.363553|11.000000
OFF_BUY1|2014-11-01|0.529891|0.707843|0.998031|0.748599|1.618753|7.819602|4.000000|0.658939|0.757003|0.978415|1.509165|0.815304|0.604010|0.435651|1.348643|1.163866|0.000000|0.646356|0.556285|0.206536|0.524422|1.266252|1.241060|0.000000|81.000000|0.700076|0.633795|21.000000|0.384553|0.727273|-0.302594|11.000000
OFF_BUY1|2015-05-01|0.556365|0.587457|1.167683|0.947074|1.567953|6.858339|4.000000|0.663090|0.776508|1.051312|1.556344|0.838746|0.627988|0.434349|1.382887|1.304464|0.000000|0.643721|0.534873|0.286566|0.587457|1.132292|1.229990|0.000000|75.000000|0.704213|0.615312|15.000000|0.490232|0.800000|-0.221600|10.000000
OFF_BUY1|2015-11-01|0.621430|0.584430|1.293937|1.063310|1.628567|6.858350|5.000000|0.663834|0.765952|1.034605|1.552810|0.852204|0.637966|0.434353|1.370637|1.310960|0.000000|0.666265|0.558438|0.479622|0.584430|1.172137|1.270267|0.000000|69.000000|0.709109|0.715067|9.000000|0.490236|0.900000|-0.200200|10.000000
OFF_BUY1|2016-05-01|0.667190|0.581778|1.397155|1.146811|1.642875|6.850155|4.000000|0.644207|0.756020|1.022289|1.555388|0.810682|0.606111|0.436219|1.334860|1.247084|0.000000|0.656349|0.544818|0.466085|0.581778|1.162428|1.245564|0.000000|63.000000|0.667996|0.674550|3.000000|0.631322|0.888889|-0.180388|9.000000
OFF_BUY3|2009-11-01|0.381146|0.660813|0.741017|0.576784|1.605594|5.357896|5.000000|0.675627|0.946814|1.151629|1.517303|0.832465|0.412951|0.521034|0.924074|0.846890|0.036364|0.460021|0.276882|-0.003118|0.521034|0.801751|0.842903|0.007092|141.000000|0.616763|0.429466|81.000000|0.377071|0.812500|-0.273984|16.000000
OFF_BUY3|2010-05-01|0.432831|0.662847|0.829842|0.652989|1.654203|6.596495|5.000000|0.683579|0.951304|1.151783|1.522995|0.863869|0.463271|0.533332|0.978491|0.940968|0.044025|0.496060|0.338045|-0.005605|0.533332|0.921192|0.877007|0.007407|135.000000|0.700462|0.465819|75.000000|0.462507|0.800000|-0.273889|15.000000
OFF_BUY3|2010-11-01|0.402259|0.698258|0.761643|0.576088|1.657634|7.103402|5.000000|0.690888|0.968951|1.114438|1.512701|0.872855|0.417276|0.497685|1.002291|0.887962|0.045752|0.482754|0.304055|-0.021420|0.525403|0.918827|0.848203|0.023256|129.000000|0.608513|0.416256|69.000000|0.378567|0.800000|-0.272623|15.000000
OFF_BUY3|2011-05-01|0.414016|0.684775|0.800265|0.604602|1.595101|6.492688|6.000000|0.680778|0.866401|1.041603|1.521284|0.843585|0.478864|0.456568|1.020807|0.956007|0.027211|0.543554|0.352959|0.001435|0.528348|1.028781|0.977516|0.000000|123.000000|0.662457|0.462086|63.000000|0.352556|0.857143|-0.243956|14.000000
OFF_BUY3|2011-11-01|0.425704|0.683113|0.829733|0.623182|1.622679|4.821296|6.000000|0.679763|0.865096|1.041553|1.485015|0.841824|0.461847|0.517717|1.063994|0.917390|0.014184|0.524331|0.339755|0.099586|0.526217|0.997934|0.932871|0.000000|117.000000|0.653040|0.428595|57.000000|0.291115|0.857143|-0.255088|14.000000
OFF_BUY3|2012-05-01|0.456206|0.663947|0.864546|0.687112|1.665351|7.013850|6.000000|0.666224|0.821891|0.985568|1.504330|0.835348|0.518400|0.533556|1.060242|0.964310|0.007407|0.563099|0.420201|0.191271|0.533556|1.055371|0.993547|0.000000|111.000000|0.670429|0.497566|51.000000|0.464762|0.846154|-0.250490|13.000000
OFF_BUY3|2012-11-01|0.509070|0.648948|0.963324|0.784454|1.695366|7.245574|6.000000|0.659596|0.807530|0.980527|1.504197|0.838892|0.513174|0.546158|1.148254|1.079334|0.000000|0.574408|0.419736|0.146144|0.546158|1.051725|1.012112|0.000000|105.000000|0.662937|0.497041|45.000000|0.463990|0.846154|-0.186915|13.000000
OFF_BUY3|2013-05-01|0.475037|0.620395|0.913631|0.765701|1.669181|5.541921|6.000000|0.644999|0.782542|0.893348|1.485958|0.750386|0.542267|0.491358|1.132098|1.033881|0.000000|0.560460|0.436513|0.196394|0.520382|1.089998|1.016376|0.000000|99.000000|0.649811|0.494008|39.000000|0.397041|0.833333|-0.111808|12.000000
OFF_BUY3|2013-11-01|0.475627|0.633388|0.890479|0.750925|1.678475|5.964751|6.000000|0.643545|0.755132|0.913554|1.497419|0.776923|0.556151|0.467182|1.181641|1.074965|0.000000|0.584411|0.442745|0.183013|0.532616|1.099741|1.052594|0.000000|93.000000|0.637435|0.496721|33.000000|0.369022|0.833333|-0.206111|12.000000
OFF_BUY3|2014-05-01|0.515000|0.718308|0.971976|0.716962|1.662667|5.864920|6.000000|0.654933|1.009600|1.189176|1.492606|0.826217|0.516490|0.438948|1.180204|1.028106|0.000000|0.548141|0.460793|0.110789|0.522561|1.075594|1.007827|0.000000|87.000000|0.646560|0.474446|27.000000|0.379239|0.818182|-0.320293|11.000000
OFF_BUY3|2014-11-01|0.445880|0.844844|0.795261|0.527767|1.650415|6.627382|6.000000|0.637149|0.738749|0.932247|1.492077|0.764540|0.569348|0.434378|1.253661|1.146441|0.038095|0.607981|0.502961|-0.018079|0.546150|1.128901|1.140221|0.037037|81.000000|0.666311|0.548464|21.000000|0.464390|0.727273|-0.600098|11.000000
OFF_BUY3|2015-05-01|0.486405|0.600748|0.978179|0.809665|1.614266|5.186216|6.000000|0.636513|0.745383|0.938591|1.486475|0.774338|0.604536|0.438910|1.287409|1.192703|0.000000|0.627123|0.528438|0.159712|0.550250|1.167356|1.215862|0.000000|75.000000|0.657087|0.583236|15.000000|0.573643|0.800000|-0.218368|10.000000
OFF_BUY3|2015-11-01|0.567410|0.550250|1.157198|1.031187|1.667133|5.325581|6.000000|0.643515|0.761657|0.938895|1.503417|0.783435|0.624493|0.434729|1.286469|1.207679|0.000000|0.626101|0.553256|0.439281|0.550250|1.177960|1.220357|0.000000|69.000000|0.657598|0.654719|9.000000|0.611046|0.800000|-0.218087|10.000000
OFF_BUY3|2016-05-01|0.685706|0.581886|1.405694|1.178420|1.673905|5.045886|7.000000|0.629870|0.750271|1.036020|1.499065|0.767238|0.610096|0.428936|1.335348|1.259165|0.000000|0.657250|0.593272|0.480678|0.581886|1.190280|1.267491|0.000000|63.000000|0.672250|0.679979|3.000000|0.742318|0.888889|-0.154490|9.000000
OFF_BUY5|2009-11-01|0.382998|0.660613|0.745211|0.579762|1.605277|5.598785|5.000000|0.672251|0.947206|1.149435|1.508790|0.845867|0.415142|0.529357|0.932814|0.852272|0.036364|0.457942|0.276050|-0.002624|0.529357|0.794781|0.852977|0.007092|141.000000|0.624892|0.432905|81.000000|0.374901|0.812500|-0.276083|16.000000
OFF_BUY5|2010-05-01|0.431556|0.652302|0.831934|0.661589|1.653992|5.320227|6.000000|0.686074|0.928176|1.149684|1.508690|0.856192|0.459055|0.542296|0.986321|0.934177|0.037736|0.505552|0.348049|0.003485|0.549002|0.891514|0.878186|0.000000|135.000000|0.685409|0.470559|75.000000|0.463302|0.800000|-0.275895|15.000000
OFF_BUY5|2010-11-01|0.390675|0.693265|0.740602|0.563530|1.660111|5.521948|6.000000|0.675757|0.968830|1.117317|1.524807|0.834113|0.421492|0.496254|0.945419|0.873568|0.039216|0.488064|0.309689|-0.020184|0.529977|0.920916|0.835547|0.023256|129.000000|0.609202|0.424325|69.000000|0.374633|0.800000|-0.268140|15.000000
OFF_BUY5|2011-05-01|0.416186|0.653357|0.808249|0.636996|1.597623|5.089714|6.000000|0.671365|0.818147|0.976518|1.497696|0.844141|0.474824|0.453102|0.993375|0.930944|0.013605|0.529386|0.375353|0.009036|0.548903|0.964443|0.960820|0.000000|123.000000|0.668363|0.468877|63.000000|0.355166|0.857143|-0.242928|14.000000
OFF_BUY5|2011-11-01|0.426724|0.654337|0.830431|0.652147|1.637599|5.750277|6.000000|0.661590|0.824179|1.003780|1.485647|0.810301|0.455973|0.464913|0.997383|0.894101|0.000000|0.484130|0.408685|0.114192|0.464913|1.040834|0.913326|0.000000|117.000000|0.644185|0.448774|57.000000|0.280776|0.857143|-0.232861|14.000000
OFF_BUY5|2012-05-01|0.462288|0.683400|0.879533|0.676453|1.663136|5.508900|6.000000|0.658236|0.848396|1.037087|1.509165|0.804836|0.522605|0.533943|1.024196|0.937218|0.007407|0.554516|0.432772|0.190404|0.533943|1.042674|0.988639|0.000000|111.000000|0.684904|0.495820|51.000000|0.465892|0.846154|-0.240227|13.000000
OFF_BUY5|2012-11-01|0.494932|0.643232|0.939365|0.769445|1.691379|5.329333|7.000000|0.652790|0.822519|0.991284|1.503305|0.823705|0.536316|0.571650|1.173314|1.049449|0.000000|0.571112|0.430549|0.146798|0.571650|0.999060|1.029027|0.000000|105.000000|0.650692|0.501915|45.000000|0.462793|0.846154|-0.155818|13.000000
OFF_BUY5|2013-05-01|0.473217|0.620230|0.919668|0.762969|1.666601|4.879161|6.000000|0.652354|0.775112|0.893150|1.451639|0.798828|0.498239|0.490553|1.080616|0.962531|0.000000|0.529448|0.431269|0.194746|0.521759|1.022789|0.977172|0.000000|99.000000|0.647221|0.471985|39.000000|0.366036|0.833333|-0.111997|12.000000
OFF_BUY5|2013-11-01|0.475110|0.641470|0.896236|0.740658|1.673965|6.094856|6.000000|0.647711|0.767306|0.933517|1.484334|0.773397|0.511499|0.441981|1.121975|1.009451|0.000000|0.562318|0.436199|0.178908|0.524699|1.075594|1.018543|0.000000|93.000000|0.654195|0.473166|33.000000|0.325477|0.833333|-0.241180|12.000000
OFF_BUY5|2014-05-01|0.492510|0.709550|0.928556|0.694117|1.664220|8.122471|6.000000|0.660113|0.978908|1.155325|1.485754|0.822215|0.500417|0.440923|1.130749|0.996320|0.000000|0.528431|0.438056|0.119692|0.520806|1.036037|0.989083|0.000000|87.000000|0.622148|0.457364|27.000000|0.379610|0.818182|-0.298057|11.000000
OFF_BUY5|2014-11-01|0.503450|0.762807|0.935347|0.659997|1.660528|5.855342|7.000000|0.627532|0.721297|0.924138|1.425814|0.682783|0.555650|0.451826|1.241554|1.119668|0.000000|0.580788|0.503134|0.178586|0.501038|1.193884|1.128020|0.000000|81.000000|0.662316|0.574919|21.000000|0.379885|0.818182|-0.479727|11.000000
OFF_BUY5|2015-05-01|0.536350|0.609669|1.089983|0.879739|1.613015|5.324015|6.000000|0.641096|0.748377|0.924593|1.469635|0.808032|0.627505|0.430967|1.372742|1.245018|0.000000|0.664965|0.549449|0.210342|0.529846|1.273074|1.226205|0.000000|75.000000|0.724830|0.614628|15.000000|0.605951|0.800000|-0.202475|10.000000
OFF_BUY5|2015-11-01|0.583843|0.544237|1.193165|1.072773|1.666391|5.403295|7.000000|0.638315|0.757229|0.948491|1.492248|0.804711|0.620984|0.435186|1.285397|1.215851|0.000000|0.632467|0.557054|0.447307|0.544237|1.201851|1.232281|0.000000|69.000000|0.675065|0.664611|9.000000|0.615393|0.800000|-0.217229|10.000000
OFF_BUY5|2016-05-01|0.665768|0.581902|1.362922|1.144124|1.673984|5.166129|7.000000|0.628719|0.758982|1.035628|1.501259|0.752491|0.605615|0.433553|1.320315|1.236799|0.000000|0.645071|0.586090|0.473815|0.581902|1.167922|1.253315|0.000000|63.000000|0.651646|0.659267|3.000000|0.704220|0.888889|-0.154444|9.000000
#EX5|2011-11-01|601088,002128,000933
EX5:BASE|2009-11-01|0.460363|0.649607|0.995861|0.708679|1.584468|7.327172|6.000000|0.632980|0.942584|1.177589|1.389086|0.660710|0.482918|0.516870|1.111746|1.120815|0.054545|0.530984|0.343687|-0.007523|0.525616|0.922392|1.061904|0.007092|141.000000|0.741894|0.487760|81.000000|0.355687|0.875000|-0.240168|16.000000
EX5:BASE|2010-05-01|0.476284|0.658494|1.027526|0.723294|1.613822|6.816006|7.000000|0.627141|0.944384|1.177043|1.373241|0.620778|0.489813|0.516683|1.155588|1.135928|0.050314|0.527351|0.409140|-0.012271|0.522027|0.955659|1.107249|0.007407|135.000000|0.728236|0.489966|75.000000|0.362821|0.866667|-0.239942|15.000000
EX5:BASE|2010-11-01|0.463955|0.638467|1.022501|0.726670|1.544159|7.118213|6.000000|0.614580|0.793531|0.990461|1.365738|0.572722|0.520598|0.437679|1.210518|1.205908|0.052288|0.555576|0.449241|-0.004191|0.531756|1.000832|1.180219|0.007752|129.000000|0.707890|0.515767|69.000000|0.395924|0.866667|-0.269488|15.000000
EX5:BASE|2011-05-01|0.453432|0.709967|0.966913|0.638666|1.563813|6.951795|7.000000|0.637273|0.835339|0.985983|1.411917|0.652635|0.459977|0.486174|1.179233|1.191690|0.020408|0.508099|0.356513|0.035476|0.535783|0.948330|1.110493|0.000000|123.000000|0.676542|0.450996|63.000000|0.459155|0.857143|-0.096782|14.000000
EX5:BASE|2011-11-01|0.500278|0.702115|1.041348|0.712530|1.610911|8.021697|7.000000|0.652976|0.870256|0.987613|1.416551|0.680090|0.495192|0.549921|1.126041|1.153549|0.007092|0.519697|0.430609|0.140816|0.549921|0.953627|1.091018|0.000000|117.000000|0.722396|0.469815|57.000000|0.427446|0.857143|-0.072073|14.000000
EX5:BASE|2012-05-01|0.559109|0.651987|1.172958|0.857547|1.645346|6.995967|7.000000|0.609255|0.762436|0.950835|1.394142|0.557825|0.576833|0.533423|1.333902|1.355016|0.000000|0.604099|0.539306|0.198706|0.533423|1.105119|1.287782|0.000000|111.000000|0.795891|0.572445|51.000000|0.453598|0.846154|-0.056409|13.000000
EX5:BASE|2012-11-01|0.535330|0.706582|1.082142|0.757634|1.674598|6.919777|7.000000|0.631200|0.799496|1.137928|1.425128|0.660214|0.498762|0.537939|1.263735|1.272666|0.007752|0.540484|0.433058|0.173121|0.537939|1.004732|1.188065|0.000000|105.000000|0.700370|0.490800|45.000000|0.464701|0.769231|-0.101589|13.000000
EX5:BASE|2013-05-01|0.508067|0.737712|1.092588|0.688707|1.630664|7.036362|7.000000|0.617461|0.762766|1.075199|1.379832|0.604443|0.510684|0.549996|1.258393|1.289053|0.016260|0.558283|0.412390|0.131051|0.549996|1.022128|1.223660|0.000000|99.000000|0.712947|0.464612|39.000000|0.452031|0.750000|-0.104046|12.000000
EX5:BASE|2013-11-01|0.608150|0.667775|1.291928|0.910711|1.647132|7.361521|8.000000|0.608476|0.736535|0.901294|1.356949|0.545833|0.607908|0.433208|1.456129|1.400234|0.000000|0.626766|0.553073|0.322802|0.535453|1.180599|1.414275|0.000000|93.000000|0.786299|0.590613|33.000000|0.451208|0.833333|-0.056576|12.000000
EX5:BASE|2014-05-01|0.610161|0.754997|1.271442|0.808164|1.654301|8.878861|8.000000|0.598350|0.733848|1.049734|1.335579|0.489993|0.560218|0.432081|1.493405|1.338729|0.000000|0.568659|0.496711|0.169090|0.523846|1.090665|1.363450|0.000000|87.000000|0.751374|0.521925|27.000000|0.445153|0.727273|-0.191422|11.000000
EX5:BASE|2014-11-01|0.643298|0.768886|1.335234|0.836662|1.644509|7.125031|7.000000|0.598828|0.717935|0.985248|1.325267|0.490435|0.635609|0.331827|1.627073|1.460031|0.000000|0.634342|0.554966|0.226505|0.518496|1.247732|1.484421|0.000000|81.000000|0.799996|0.658246|21.000000|0.467640|0.818182|-0.383796|11.000000
EX5:BASE|2015-05-01|0.555024|0.620413|1.308701|0.894604|1.581584|7.172124|7.000000|0.615346|0.736051|0.853284|1.376072|0.604625|0.625080|0.329705|1.424125|1.398245|0.000000|0.610725|0.550293|0.247984|0.536323|1.204148|1.470256|0.000000|75.000000|0.749631|0.569125|15.000000|0.501165|0.800000|-0.155896|10.000000
EX5:BASE|2015-11-01|0.690396|0.535288|1.613217|1.289767|1.627655|7.881474|7.000000|0.626113|0.742144|0.850064|1.382147|0.668693|0.712516|0.329953|1.770391|1.590767|0.000000|0.703589|0.617644|0.517348|0.535288|1.410591|1.612019|0.000000|69.000000|0.818482|0.814979|9.000000|0.607533|0.800000|-0.152266|10.000000
EX5:BASE|2016-05-01|0.715409|0.524358|1.727718|1.364351|1.654615|7.032627|7.000000|0.609830|0.703452|0.830255|1.374564|0.578318|0.616886|0.330691|1.792380|1.438941|0.000000|0.615533|0.547156|0.450719|0.524358|1.223193|1.460007|0.000000|63.000000|0.706391|0.712184|3.000000|0.669076|0.888889|-0.061809|9.000000
EX5:OFF_M13|2009-11-01|0.450416|0.614803|0.946686|0.732618|1.596710|6.516184|6.000000|0.676605|0.991836|1.160504|1.457217|0.841400|0.487345|0.567081|1.143181|1.054257|0.042424|0.541357|0.317938|0.025575|0.570825|0.908723|1.034084|0.000000|141.000000|0.636498|0.512672|81.000000|0.437219|0.812500|-0.258414|16.000000
EX5:OFF_M13|2010-05-01|0.472836|0.604345|0.986090|0.782394|1.630955|7.117088|6.000000|0.672971|0.997337|1.160240|1.470463|0.796571|0.517802|0.553425|1.255160|1.168206|0.044025|0.572809|0.381957|0.028091|0.570713|0.966524|1.117132|0.000000|135.000000|0.615531|0.535993|75.000000|0.444397|0.866667|-0.258564|15.000000
EX5:OFF_M13|2010-11-01|0.498539|0.606603|1.056158|0.821855|1.627644|6.449669|6.000000|0.671210|0.949222|1.119165|1.470111|0.805202|0.532585|0.458226|1.306165|1.265044|0.026144|0.588851|0.432289|0.049280|0.570733|1.031745|1.146034|0.000000|129.000000|0.654754|0.543462|69.000000|0.406053|0.866667|-0.195595|15.000000
EX5:OFF_M13|2011-05-01|0.486969|0.611734|1.053396|0.796046|1.577021|6.033573|6.000000|0.661443|0.803911|1.047816|1.463115|0.783106|0.534485|0.415306|1.222031|1.275352|0.000000|0.572068|0.440467|0.091281|0.570559|1.006382|1.154587|0.000000|123.000000|0.632548|0.531459|63.000000|0.433100|0.857143|-0.178443|14.000000
EX5:OFF_M13|2011-11-01|0.514897|0.613220|1.100560|0.839660|1.623030|6.158478|6.000000|0.667633|0.814358|1.048288|1.465827|0.791326|0.542006|0.521697|1.333906|1.315154|0.000000|0.585381|0.462513|0.166483|0.570566|1.070022|1.214236|0.000000|117.000000|0.756915|0.533653|57.000000|0.439649|0.928571|-0.178589|14.000000
EX5:OFF_M13|2012-05-01|0.547935|0.570481|1.184324|0.960478|1.636962|7.221752|7.000000|0.647260|0.785917|1.084095|1.454524|0.752159|0.573395|0.526415|1.434620|1.434445|0.000000|0.633194|0.504804|0.228770|0.570481|1.116533|1.297391|0.000000|111.000000|0.775554|0.569560|51.000000|0.459043|0.769231|-0.140705|13.000000
EX5:OFF_M13|2012-11-01|0.584386|0.549896|1.303074|1.062722|1.664813|5.749722|7.000000|0.636114|0.764919|0.908315|1.418727|0.706671|0.590755|0.485435|1.492111|1.460629|0.000000|0.614495|0.544940|0.328243|0.503773|1.196325|1.316608|0.000000|105.000000|0.731817|0.589241|45.000000|0.421768|0.923077|-0.187434|13.000000
EX5:OFF_M13|2013-05-01|0.546935|0.545763|1.198011|1.002147|1.662414|5.609818|7.000000|0.643456|0.767654|0.880245|1.438336|0.728170|0.579734|0.480064|1.529926|1.394193|0.000000|0.594017|0.533576|0.304324|0.497040|1.202397|1.272267|0.000000|99.000000|0.723849|0.570538|39.000000|0.406352|0.916667|-0.135356|12.000000
EX5:OFF_M13|2013-11-01|0.580429|0.575973|1.219439|1.007736|1.670960|7.283744|7.000000|0.634841|0.781678|1.038894|1.427717|0.737821|0.622782|0.414551|1.560378|1.495592|0.000000|0.643133|0.547767|0.263848|0.563338|1.150146|1.396235|0.000000|93.000000|0.750712|0.586099|33.000000|0.434837|0.916667|-0.201501|12.000000
EX5:OFF_M13|2014-05-01|0.634724|0.638610|1.346563|0.993915|1.667312|7.022727|7.000000|0.630947|0.838681|0.971446|1.431687|0.686791|0.613110|0.421220|1.710924|1.512649|0.000000|0.629313|0.547602|0.257134|0.493378|1.295806|1.462404|0.000000|87.000000|0.754033|0.592900|27.000000|0.421621|0.818182|-0.209946|11.000000
EX5:OFF_M13|2014-11-01|0.643341|0.650322|1.352679|0.989264|1.662214|5.783607|7.000000|0.626098|0.785354|1.034710|1.390050|0.697043|0.663443|0.439675|1.725575|1.579814|0.000000|0.694611|0.603525|0.250899|0.557295|1.260302|1.513680|0.000000|81.000000|0.766606|0.675638|21.000000|0.480323|0.818182|-0.232430|11.000000
EX5:OFF_M13|2015-05-01|0.555430|0.582521|1.256671|0.953492|1.602925|6.937340|7.000000|0.634431|0.804321|1.083579|1.417961|0.682756|0.664027|0.435809|1.671158|1.555014|0.000000|0.695688|0.613685|0.223581|0.570856|1.274009|1.493593|0.000000|75.000000|0.737851|0.622649|15.000000|0.640643|0.800000|-0.211178|10.000000
EX5:OFF_M13|2015-11-01|0.661327|0.516134|1.526932|1.281311|1.655514|6.202514|7.000000|0.629827|0.790078|1.006181|1.439160|0.723404|0.681354|0.435702|1.727293|1.542617|0.000000|0.687640|0.620233|0.516099|0.516134|1.395694|1.492464|0.000000|69.000000|0.764898|0.754476|9.000000|0.632452|0.800000|-0.217649|10.000000
EX5:OFF_M13|2016-05-01|0.733724|0.495616|1.707756|1.480430|1.663738|7.085628|7.000000|0.615244|0.762334|0.955974|1.398551|0.615385|0.680489|0.383869|1.919364|1.583062|0.000000|0.688966|0.641759|0.539062|0.495616|1.480018|1.544261|0.000000|63.000000|0.723278|0.731785|3.000000|0.859824|0.888889|-0.124130|9.000000
EX5:OFF|2009-11-01|0.446419|0.621675|0.956053|0.718091|1.597791|5.016588|6.000000|0.666211|0.989679|1.160504|1.449636|0.779350|0.501896|0.567081|1.179923|1.092944|0.048485|0.552531|0.336389|0.022866|0.570757|0.937963|1.100382|0.000000|141.000000|0.619815|0.521713|81.000000|0.445201|0.875000|-0.258414|16.000000
EX5:OFF|2010-05-01|0.448865|0.626112|0.938519|0.716908|1.634658|5.140828|6.000000|0.676656|0.944762|1.160240|1.466094|0.786592|0.502778|0.536225|1.167483|1.097385|0.044025|0.543102|0.366914|0.014572|0.536225|0.992159|1.045995|0.000000|135.000000|0.606752|0.504566|75.000000|0.449182|0.800000|-0.258564|15.000000
EX5:OFF|2010-11-01|0.476957|0.603807|1.006341|0.789916|1.626084|6.028435|6.000000|0.676297|0.961345|1.122523|1.466509|0.808583|0.525844|0.459679|1.234549|1.187061|0.026144|0.563572|0.430091|0.047426|0.570731|0.970350|1.083035|0.000000|129.000000|0.592033|0.530943|69.000000|0.426061|0.866667|-0.195595|15.000000
EX5:OFF|2011-05-01|0.475829|0.611503|1.044282|0.778130|1.579808|5.517008|6.000000|0.657979|0.784022|0.941662|1.453016|0.751045|0.536561|0.424636|1.393148|1.246283|0.000000|0.566446|0.427988|0.084152|0.490349|1.155519|1.199616|0.000000|123.000000|0.627455|0.525087|63.000000|0.444761|0.928571|-0.178710|14.000000
EX5:OFF|2011-11-01|0.499419|0.609176|1.065980|0.819826|1.621092|6.119623|6.000000|0.675690|0.830551|1.049621|1.474246|0.796395|0.553795|0.521910|1.257394|1.259639|0.000000|0.584027|0.463121|0.161759|0.570712|1.041618|1.180919|0.000000|117.000000|0.736233|0.535734|57.000000|0.486701|0.928571|-0.183632|14.000000
EX5:OFF|2012-05-01|0.512131|0.608199|1.105419|0.842046|1.656246|5.432420|7.000000|0.644755|0.827150|1.044203|1.465279|0.719056|0.550151|0.517164|1.545472|1.385517|0.000000|0.643830|0.459125|0.198946|0.517164|1.249546|1.333064|0.000000|111.000000|0.737113|0.543332|51.000000|0.444003|0.846154|-0.090649|13.000000
EX5:OFF|2012-11-01|0.628345|0.563474|1.382438|1.115127|1.661145|6.594046|7.000000|0.631930|0.774497|1.116117|1.424922|0.640560|0.648997|0.520296|1.583389|1.613176|0.000000|0.674879|0.614259|0.323433|0.563474|1.231417|1.445712|0.000000|105.000000|0.798985|0.658754|45.000000|0.487329|0.923077|-0.171478|13.000000
EX5:OFF|2013-05-01|0.552093|0.567248|1.206603|0.973284|1.661517|5.038330|7.000000|0.635010|0.760601|0.941608|1.397122|0.700710|0.589732|0.474738|1.571445|1.456152|0.000000|0.627163|0.525434|0.296958|0.490316|1.308742|1.354384|0.000000|99.000000|0.741452|0.578131|39.000000|0.439224|0.916667|-0.139391|12.000000
EX5:OFF|2013-11-01|0.568206|0.577247|1.218771|0.984338|1.672298|5.232832|7.000000|0.620566|0.775621|0.989849|1.379107|0.626603|0.589998|0.411382|1.603856|1.473465|0.000000|0.642939|0.548992|0.249817|0.496526|1.298502|1.424236|0.000000|93.000000|0.736133|0.581175|33.000000|0.458017|0.916667|-0.165612|12.000000
EX5:OFF|2014-05-01|0.671990|0.639779|1.398889|1.050348|1.669161|5.519650|7.000000|0.644487|0.865846|1.080073|1.417506|0.688459|0.679118|0.401530|1.739429|1.630004|0.000000|0.734178|0.615684|0.211226|0.563248|1.311778|1.566841|0.000000|87.000000|0.811346|0.637083|27.000000|0.504746|0.818182|-0.194089|11.000000
EX5:OFF|2014-11-01|0.624762|0.653726|1.353595|0.955694|1.654264|5.196467|7.000000|0.620787|0.735285|0.972174|1.346544|0.652174|0.643094|0.318560|1.977064|1.551479|0.000000|0.649257|0.596161|0.278509|0.519637|1.275012|1.469570|0.000000|81.000000|0.747524|0.657346|21.000000|0.443953|0.818182|-0.246367|11.000000
EX5:OFF|2015-05-01|0.573690|0.582521|1.300056|0.984840|1.603426|5.245507|7.000000|0.635738|0.803527|1.048552|1.410457|0.687178|0.676602|0.435809|1.671158|1.555863|0.000000|0.711234|0.618013|0.223539|0.570856|1.269416|1.487366|0.000000|75.000000|0.762143|0.638388|15.000000|0.681393|0.800000|-0.211178|10.000000
EX5:OFF|2015-11-01|0.631395|0.516134|1.468472|1.223317|1.656011|5.318689|7.000000|0.632407|0.789567|1.006253|1.431366|0.694149|0.674086|0.435702|1.729222|1.548924|0.000000|0.678556|0.617956|0.520100|0.516134|1.406968|1.510326|0.000000|69.000000|0.733296|0.711626|9.000000|0.596904|0.800000|-0.217649|10.000000
EX5:OFF|2016-05-01|0.735214|0.495138|1.707861|1.484866|1.664453|5.254317|7.000000|0.617864|0.764256|0.951607|1.422683|0.611798|0.669992|0.383869|1.943349|1.574384|0.000000|0.698501|0.645785|0.545544|0.495138|1.503335|1.549095|0.000000|63.000000|0.728202|0.730745|3.000000|0.850041|0.888889|-0.124130|9.000000
EX5:OFF_BUY1|2009-11-01|0.481954|0.579899|1.004594|0.831100|1.570902|6.658123|4.000000|0.661733|0.959863|1.145947|1.510642|0.799454|0.541064|0.509650|1.207319|1.141817|0.048485|0.575099|0.378428|0.033169|0.509650|1.085301|1.138545|0.000000|141.000000|0.647227|0.552326|81.000000|0.449162|0.875000|-0.260252|16.000000
EX5:OFF_BUY1|2010-05-01|0.505781|0.580032|1.044674|0.871989|1.601284|6.660117|4.000000|0.666743|0.971394|1.145652|1.517824|0.796827|0.555496|0.509652|1.262676|1.159230|0.044025|0.586599|0.406094|0.032652|0.509652|1.102593|1.154675|0.000000|135.000000|0.647226|0.559271|75.000000|0.452331|0.866667|-0.260227|15.000000
EX5:OFF_BUY1|2010-11-01|0.500142|0.639574|1.038644|0.781993|1.591117|6.719933|4.000000|0.674255|0.931094|1.092823|1.524620|0.817165|0.521214|0.472582|1.236814|1.125926|0.026144|0.573460|0.428668|0.018507|0.558957|1.025947|1.127762|0.000000|129.000000|0.634210|0.534942|69.000000|0.371975|0.800000|-0.196335|15.000000
EX5:OFF_BUY1|2011-05-01|0.507259|0.639706|1.074935|0.792957|1.533423|6.726020|4.000000|0.666617|0.828988|1.053745|1.521919|0.801505|0.526232|0.425548|1.236719|1.171183|0.000000|0.584985|0.447811|0.061602|0.558939|1.048456|1.153217|0.000000|123.000000|0.634296|0.539003|63.000000|0.414098|0.785714|-0.191783|14.000000
EX5:OFF_BUY1|2011-11-01|0.542471|0.637648|1.131839|0.850736|1.583501|6.729572|4.000000|0.671676|0.838355|1.054164|1.523286|0.803717|0.556322|0.518677|1.386504|1.241996|0.000000|0.603837|0.491353|0.149076|0.559155|1.079953|1.187576|0.000000|117.000000|0.821960|0.552728|57.000000|0.414100|0.785714|-0.188016|14.000000
EX5:OFF_BUY1|2012-05-01|0.543815|0.643898|1.130553|0.844568|1.596122|6.669440|4.000000|0.653870|0.823030|0.985675|1.519971|0.794473|0.567092|0.519960|1.521576|1.386995|0.000000|0.620091|0.480728|0.208802|0.519960|1.192574|1.218196|0.000000|111.000000|0.799196|0.548660|51.000000|0.457120|0.769231|-0.182480|13.000000
EX5:OFF_BUY1|2012-11-01|0.642875|0.519969|1.402394|1.236372|1.603587|6.669343|4.000000|0.641610|0.788519|0.985778|1.512177|0.759678|0.615773|0.476432|1.610877|1.434835|0.000000|0.650906|0.579151|0.348067|0.519969|1.260377|1.352499|0.000000|105.000000|0.799299|0.620840|45.000000|0.509774|0.846154|-0.182453|13.000000
EX5:OFF_BUY1|2013-05-01|0.572481|0.588322|1.223805|0.973074|1.593952|6.720966|5.000000|0.654700|0.824177|0.985529|1.479958|0.748843|0.581882|0.496378|1.544284|1.283039|0.000000|0.603029|0.534278|0.296669|0.519733|1.173997|1.253649|0.000000|99.000000|0.784468|0.570726|39.000000|0.366017|0.833333|-0.185288|12.000000
EX5:OFF_BUY1|2013-11-01|0.635636|0.559031|1.327924|1.137031|1.620724|6.802169|4.000000|0.642269|0.786909|1.053835|1.480773|0.738462|0.660920|0.425315|1.646148|1.481289|0.000000|0.658133|0.592827|0.345592|0.559031|1.215472|1.395453|0.000000|93.000000|0.813767|0.635794|33.000000|0.414103|0.916667|-0.186045|12.000000
EX5:OFF_BUY1|2014-05-01|0.665480|0.606668|1.365188|1.096943|1.621723|6.637653|5.000000|0.648173|0.808248|0.993341|1.454515|0.760173|0.638729|0.423359|1.623499|1.376349|0.000000|0.643332|0.577753|0.301084|0.527612|1.265662|1.352922|0.000000|87.000000|0.776946|0.629700|27.000000|0.391249|0.818182|-0.186474|11.000000
EX5:OFF_BUY1|2014-11-01|0.607907|0.722005|1.219850|0.841971|1.610735|6.797924|4.000000|0.644412|0.808439|1.053844|1.492204|0.741217|0.663427|0.432802|1.754661|1.506018|0.000000|0.693233|0.589975|0.197893|0.558951|1.269444|1.447826|0.000000|81.000000|0.809600|0.655843|21.000000|0.457537|0.727273|-0.324294|11.000000
EX5:OFF_BUY1|2015-05-01|0.652170|0.519888|1.464441|1.254444|1.554562|6.678291|5.000000|0.643437|0.807216|0.985678|1.491338|0.751216|0.676268|0.422744|1.785313|1.548537|0.000000|0.711578|0.618446|0.398381|0.519888|1.422076|1.481051|0.000000|75.000000|0.797797|0.664217|15.000000|0.557771|0.800000|-0.182482|10.000000
EX5:OFF_BUY1|2015-11-01|0.700202|0.519941|1.550884|1.346697|1.615887|6.683244|5.000000|0.646835|0.806766|0.985715|1.493837|0.753799|0.704039|0.422687|1.810521|1.548513|0.000000|0.721502|0.647269|0.547616|0.519941|1.467435|1.504435|0.000000|69.000000|0.797567|0.791273|9.000000|0.557776|0.900000|-0.182363|10.000000
EX5:OFF_BUY1|2016-05-01|0.736350|0.489699|1.643268|1.503679|1.623220|6.740608|5.000000|0.632618|0.792308|0.954556|1.452741|0.732164|0.647173|0.436364|1.688468|1.424131|0.000000|0.675534|0.600037|0.511421|0.489699|1.506598|1.441698|0.000000|63.000000|0.741977|0.737769|3.000000|0.744601|0.888889|-0.160514|9.000000
EX5:OFF_BUY3|2009-11-01|0.449617|0.600684|0.949047|0.748508|1.601041|5.073175|6.000000|0.675040|0.989808|1.160504|1.460267|0.779350|0.513681|0.567081|1.141876|1.077299|0.048485|0.539030|0.322239|0.022842|0.569364|0.942010|1.053572|0.000000|141.000000|0.637089|0.522567|81.000000|0.444761|0.812500|-0.258414|16.000000
EX5:OFF_BUY3|2010-05-01|0.469397|0.600233|0.983851|0.782025|1.632656|5.156639|6.000000|0.678436|1.000851|1.160240|1.463499|0.780962|0.515157|0.553425|1.234293|1.121780|0.044025|0.560548|0.377018|0.022732|0.569427|0.947256|1.099726|0.000000|135.000000|0.636884|0.524582|75.000000|0.445946|0.800000|-0.258564|15.000000
EX5:OFF_BUY3|2010-11-01|0.460355|0.605878|0.973532|0.759814|1.625718|5.649006|6.000000|0.675706|0.958397|1.122044|1.467095|0.803901|0.517344|0.456758|1.210162|1.170236|0.026144|0.544565|0.421621|0.045234|0.568781|0.950932|1.073855|0.000000|129.000000|0.564593|0.517318|69.000000|0.427140|0.866667|-0.195595|15.000000
EX5:OFF_BUY3|2011-05-01|0.476621|0.615583|1.030771|0.774259|1.574552|6.182638|6.000000|0.664937|0.827052|1.047683|1.490374|0.730694|0.539274|0.422629|1.223550|1.273332|0.000000|0.579050|0.423842|0.078641|0.569295|1.017136|1.162260|0.000000|123.000000|0.612580|0.530283|63.000000|0.457275|0.928571|-0.179552|14.000000
EX5:OFF_BUY3|2011-11-01|0.515596|0.612969|1.104339|0.841144|1.625040|5.140532|6.000000|0.675292|0.827025|1.048072|1.496879|0.749930|0.560431|0.521743|1.328175|1.310977|0.000000|0.613922|0.462393|0.161786|0.569408|1.078176|1.221693|0.000000|117.000000|0.761749|0.550654|57.000000|0.461594|0.928571|-0.183642|14.000000
EX5:OFF_BUY3|2012-05-01|0.549633|0.610449|1.160942|0.900375|1.648614|5.227829|6.000000|0.655595|0.861124|1.044007|1.479550|0.734888|0.608069|0.556414|1.569025|1.522429|0.000000|0.680261|0.514198|0.222217|0.556414|1.231321|1.375882|0.000000|111.000000|0.803644|0.594535|51.000000|0.510258|0.846154|-0.155736|13.000000
EX5:OFF_BUY3|2012-11-01|0.577666|0.603108|1.228305|0.957815|1.676062|6.348023|7.000000|0.649939|0.786738|1.116699|1.462279|0.708457|0.598745|0.565446|1.498355|1.469337|0.000000|0.662029|0.484031|0.209218|0.565446|1.181181|1.373390|0.000000|105.000000|0.761020|0.576996|45.000000|0.477377|0.923077|-0.045051|13.000000
EX5:OFF_BUY3|2013-05-01|0.601242|0.568760|1.339796|1.057112|1.649455|5.161927|6.000000|0.642092|0.759309|1.085467|1.443609|0.719222|0.651309|0.427059|1.597388|1.541480|0.000000|0.657063|0.586490|0.301522|0.568760|1.274957|1.420088|0.000000|99.000000|0.766302|0.630648|39.000000|0.490880|0.916667|-0.167310|12.000000
EX5:OFF_BUY3|2013-11-01|0.593675|0.573186|1.257820|1.035746|1.669044|5.168751|7.000000|0.620023|0.771267|1.104214|1.411730|0.618590|0.615425|0.400412|1.630937|1.510144|0.000000|0.684762|0.559802|0.261862|0.560610|1.227786|1.444555|0.000000|93.000000|0.757453|0.607919|33.000000|0.477715|0.916667|-0.167461|12.000000
EX5:OFF_BUY3|2014-05-01|0.628801|0.636325|1.344692|0.988176|1.665419|5.883880|7.000000|0.618042|0.784167|1.045729|1.413356|0.598065|0.616606|0.398477|1.609722|1.389621|0.000000|0.615128|0.553859|0.279990|0.511730|1.238510|1.379751|0.000000|87.000000|0.731250|0.603331|27.000000|0.446209|0.909091|-0.173600|11.000000
EX5:OFF_BUY3|2014-11-01|0.550125|0.804449|1.089666|0.683853|1.654138|4.849670|7.000000|0.613716|0.789464|1.161119|1.428427|0.583304|0.677584|0.394192|1.807718|1.601066|0.000000|0.693578|0.607562|0.110654|0.557834|1.298155|1.522434|0.000000|81.000000|0.757646|0.664442|21.000000|0.523302|0.818182|-0.563927|11.000000
EX5:OFF_BUY3|2015-05-01|0.534888|0.580812|1.209366|0.920932|1.602151|5.106484|7.000000|0.637068|0.789118|1.030847|1.424806|0.726603|0.612181|0.431964|1.579178|1.442137|0.000000|0.630171|0.556292|0.266334|0.528574|1.297287|1.409894|0.000000|75.000000|0.713758|0.602389|15.000000|0.650132|0.800000|-0.195558|10.000000
EX5:OFF_BUY3|2015-11-01|0.622463|0.528596|1.427326|1.177578|1.658755|4.555558|7.000000|0.648536|0.791502|0.988556|1.413045|0.684271|0.653372|0.431807|1.744905|1.545965|0.000000|0.670668|0.608033|0.511054|0.528596|1.345503|1.441971|0.000000|69.000000|0.726346|0.699191|9.000000|0.639287|0.800000|-0.196251|10.000000
EX5:OFF_BUY3|2016-05-01|0.697329|0.495093|1.647773|1.408481|1.665145|4.847342|7.000000|0.617817|0.763540|0.967086|1.409703|0.600638|0.655749|0.383869|1.919531|1.530530|0.000000|0.653868|0.604954|0.516592|0.495093|1.438041|1.492575|0.000000|63.000000|0.689834|0.691631|3.000000|0.754584|0.888889|-0.124130|9.000000
EX5:OFF_BUY5|2009-11-01|0.439201|0.633084|0.920080|0.693748|1.593941|5.827171|6.000000|0.676524|0.931061|1.160504|1.476137|0.814594|0.511646|0.512992|1.180139|1.046918|0.048485|0.535933|0.314193|0.007177|0.512992|1.014033|1.040480|0.000000|141.000000|0.629653|0.501312|81.000000|0.448569|0.812500|-0.258414|16.000000
EX5:OFF_BUY5|2010-05-01|0.456523|0.609697|0.952755|0.748771|1.628299|5.548056|6.000000|0.675125|0.985931|1.160240|1.466366|0.801433|0.503338|0.553425|1.161958|1.086281|0.044025|0.547063|0.378324|0.024635|0.570848|0.937950|1.045777|0.000000|135.000000|0.586260|0.511125|75.000000|0.442808|0.866667|-0.258564|15.000000
EX5:OFF_BUY5|2010-11-01|0.476847|0.603807|1.005587|0.789733|1.625999|5.930827|6.000000|0.676476|0.961345|1.122523|1.468216|0.807022|0.524589|0.459679|1.234549|1.187061|0.026144|0.562324|0.430091|0.047426|0.570731|0.970350|1.083035|0.000000|129.000000|0.592667|0.530943|69.000000|0.426061|0.866667|-0.195595|15.000000
EX5:OFF_BUY5|2011-05-01|0.477117|0.611503|1.047886|0.780235|1.579972|5.161014|6.000000|0.657925|0.784022|0.941662|1.444663|0.749652|0.538297|0.424636|1.393148|1.246283|0.000000|0.566608|0.427988|0.084152|0.490349|1.155519|1.199616|0.000000|123.000000|0.638621|0.525087|63.000000|0.444761|0.928571|-0.178710|14.000000
EX5:OFF_BUY5|2011-11-01|0.487149|0.609176|1.040493|0.799685|1.620891|5.744489|6.000000|0.675415|0.830551|1.048898|1.476364|0.785976|0.543851|0.521910|1.260826|1.262130|0.000000|0.568614|0.463121|0.161759|0.570712|1.043491|1.180904|0.000000|117.000000|0.717001|0.534514|57.000000|0.487742|0.928571|-0.183632|14.000000
EX5:OFF_BUY5|2012-05-01|0.513023|0.608199|1.108509|0.843511|1.656519|5.008740|7.000000|0.644760|0.827150|1.044203|1.463720|0.719056|0.550151|0.517164|1.545472|1.385517|0.000000|0.643830|0.459125|0.198946|0.517164|1.249546|1.333064|0.000000|111.000000|0.741742|0.543332|51.000000|0.444003|0.846154|-0.090649|13.000000
EX5:OFF_BUY5|2012-11-01|0.559761|0.586482|1.199251|0.954439|1.673325|5.115440|7.000000|0.655943|0.773720|0.952261|1.452252|0.752531|0.567640|0.490330|1.513929|1.340879|0.000000|0.601541|0.530090|0.298452|0.490330|1.227913|1.257776|0.000000|105.000000|0.732833|0.572377|45.000000|0.497390|0.846154|-0.140963|13.000000
EX5:OFF_BUY5|2013-05-01|0.584149|0.566590|1.279950|1.030991|1.660098|5.227269|6.000000|0.643870|0.780022|1.040441|1.423705|0.742055|0.624436|0.460296|1.509581|1.528044|0.000000|0.655016|0.571758|0.286903|0.566590|1.182516|1.404261|0.000000|99.000000|0.761759|0.615550|39.000000|0.469946|0.916667|-0.175925|12.000000
EX5:OFF_BUY5|2013-11-01|0.572689|0.577247|1.229209|0.992104|1.672188|5.128908|7.000000|0.621084|0.775621|0.989849|1.381048|0.633654|0.603581|0.411382|1.613812|1.487180|0.000000|0.650150|0.548992|0.249817|0.496526|1.309641|1.422370|0.000000|93.000000|0.741724|0.586503|33.000000|0.457802|0.916667|-0.165612|12.000000
EX5:OFF_BUY5|2014-05-01|0.685147|0.625634|1.447049|1.095125|1.662013|6.132984|7.000000|0.641191|0.772694|1.052466|1.419055|0.737492|0.689254|0.388115|1.937643|1.630306|0.000000|0.726276|0.626238|0.262494|0.548359|1.378733|1.593129|0.000000|87.000000|0.823453|0.661041|27.000000|0.457689|0.909091|-0.165262|11.000000
EX5:OFF_BUY5|2014-11-01|0.590210|0.702394|1.236533|0.840283|1.654349|5.444778|7.000000|0.620049|0.784315|0.943785|1.406420|0.622957|0.663215|0.433697|1.748257|1.565556|0.000000|0.701485|0.618697|0.203960|0.537750|1.377636|1.519958|0.000000|81.000000|0.740940|0.656404|21.000000|0.510211|0.818182|-0.343522|11.000000
EX5:OFF_BUY5|2015-05-01|0.568977|0.582521|1.290393|0.976749|1.603562|5.130011|7.000000|0.635843|0.803527|1.048552|1.412161|0.689757|0.674896|0.435809|1.671158|1.548013|0.000000|0.708034|0.618061|0.223539|0.570856|1.262298|1.487761|0.000000|75.000000|0.756594|0.633578|15.000000|0.668294|0.800000|-0.211178|10.000000
EX5:OFF_BUY5|2015-11-01|0.644153|0.565099|1.481486|1.139895|1.653641|5.172076|7.000000|0.635088|0.797781|1.040321|1.428043|0.704787|0.690754|0.436008|1.728767|1.592923|0.000000|0.703534|0.635977|0.504718|0.565099|1.300136|1.494689|0.000000|69.000000|0.750239|0.728636|9.000000|0.667122|0.800000|-0.212341|10.000000
EX5:OFF_BUY5|2016-05-01|0.734343|0.495138|1.709276|1.483107|1.663822|5.222748|7.000000|0.617066|0.764218|0.951607|1.409247|0.607413|0.675948|0.383869|1.941538|1.590364|0.000000|0.703084|0.645833|0.545590|0.495138|1.503438|1.538506|0.000000|63.000000|0.727594|0.730064|3.000000|0.844697|0.888889|-0.124130|9.000000
