T300s50a_al|2009-11-01|-0.132086|0.991390|-0.272636|-0.133233|0.885297|10.970865|-0.059279|0.870454|-0.071469|0.529762|-0.130637|0.876829|0.671329|0.054364|0.625000|-0.840456|16.000000
T300s50a_al|2010-11-01|-0.159867|0.989459|-0.303517|-0.161571|0.869765|16.441630|-0.032189|0.840357|-0.044903|0.525641|-0.079544|0.844807|0.595420|-0.001600|0.466667|-0.804783|15.000000
T300s50a_al|2011-11-01|-0.149036|0.983120|-0.261645|-0.151595|0.900788|18.642556|-0.061934|0.840484|-0.100054|0.552448|-0.099063|0.894743|0.621849|-0.024838|0.500000|-0.858041|14.000000
T300s50a_al|2012-11-01|0.096381|0.842522|0.138437|0.114396|0.976236|8.402085|0.137360|0.548278|0.306999|0.335878|0.106616|0.715073|0.214953|0.074413|0.692308|-0.662714|13.000000
T300s50a_al|2013-11-01|0.110445|0.843029|0.167837|0.131010|0.977732|7.555743|0.125557|0.408102|0.259650|0.369748|0.115133|0.717999|0.284211|0.133723|0.750000|-0.666305|12.000000
T300s50a_al|2014-11-01|0.050221|0.879565|0.033914|0.057097|0.969988|8.865550|-0.028497|0.532736|-0.057422|0.532710|0.123480|0.656456|0.301205|0.091733|0.545455|-0.714618|11.000000
T300s50a_al|2015-11-01|0.017262|0.909202|-0.026648|0.018986|0.894884|12.111024|0.099121|0.516013|0.300801|0.368421|0.234170|0.573317|0.271429|0.162395|0.700000|-0.868751|10.000000
T300s50a_al|2016-11-01|0.084131|0.778591|0.102039|0.108056|0.969532|9.551544|0.162338|0.426436|0.394796|0.313253|0.265071|0.477987|0.000000|0.211525|0.666667|-0.735090|9.000000
T300s50a_al|2017-11-01|0.060907|0.670409|0.057180|0.090850|0.979877|9.209579|0.184646|0.456543|0.384653|0.271429|0.217377|0.548053|0.000000|0.089664|0.625000|-0.591340|8.000000
T300s50a_al|2018-11-01|0.190849|0.406568|0.386818|0.469415|0.995855|7.309334|0.287579|0.342735|0.881620|0.155172|0.245001|0.358746|0.000000|0.133159|1.000000|0.009966|7.000000
T300s50a_al|2019-11-01|0.179423|0.408170|0.344113|0.439578|0.987570|7.356437|0.271377|0.346927|0.779242|0.086957|0.244231|0.346927|0.000000|0.128861|0.833333|-0.134454|6.000000
T300s50a_al|2020-11-01|0.156218|0.545651|0.290744|0.286297|0.994628|8.233255|0.003277|0.451202|0.005002|0.500000|0.129721|0.532259|0.000000|0.187517|0.600000|-0.141269|5.000000
M500s40a_al|2009-11-01|-0.164231|0.988346|-0.324279|-0.166168|0.907894|13.897837|-0.032877|0.707707|-0.044580|0.571429|-0.150992|0.866057|0.594406|0.009707|0.562500|-0.779591|16.000000
M500s40a_al|2010-11-01|-0.209082|0.988869|-0.373855|-0.211436|0.884139|18.522453|-0.086501|0.773282|-0.111765|0.596154|-0.177838|0.876189|0.694656|0.005234|0.533333|-0.786898|15.000000
M500s40a_al|2011-11-01|-0.166132|0.984483|-0.353580|-0.168750|0.913211|15.197971|-0.044753|0.689496|-0.063926|0.545455|-0.193501|0.896712|0.697479|0.109002|0.571429|-0.743915|14.000000
M500s40a_al|2012-11-01|-0.162729|0.980940|-0.366004|-0.165891|0.913072|16.418695|-0.060896|0.710907|-0.110593|0.572519|-0.224852|0.908895|0.766355|0.022043|0.538462|-0.780729|13.000000
M500s40a_al|2013-11-01|-0.200007|0.985991|-0.402632|-0.202849|0.931089|14.632377|-0.139331|0.733820|-0.200094|0.655462|-0.256368|0.918763|0.852632|-0.090211|0.333333|-0.737644|12.000000
M500s40a_al|2014-11-01|-0.222049|0.986924|-0.409472|-0.224991|0.878274|16.399299|-0.171797|0.782413|-0.213641|0.691589|-0.311225|0.951617|0.795181|-0.028204|0.363636|-0.765378|11.000000
M500s40a_al|2015-11-01|-0.317565|0.986827|-0.565683|-0.321804|0.859419|19.352780|-0.197261|0.797992|-0.272172|0.873684|-0.336165|0.915911|0.828571|-0.251643|0.400000|-0.812310|10.000000
M500s40a_al|2016-11-01|-0.311356|0.975047|-0.605899|-0.319324|0.919549|20.936643|-0.092135|0.627219|-0.149992|0.626506|-0.181367|0.837968|0.724138|-0.253809|0.333333|-0.729712|9.000000
M500s40a_al|2017-11-01|-0.303592|0.966663|-0.537751|-0.314061|0.895946|28.638054|-0.173115|0.756010|-0.243686|0.857143|-0.242069|0.853702|0.934783|-0.215540|0.250000|-0.752760|8.000000
M500s40a_al|2018-11-01|-0.216742|0.872434|-0.410713|-0.248434|0.941667|18.378160|0.001344|0.673916|0.002175|0.482759|-0.062980|0.703945|0.529412|0.024705|0.571429|-0.672270|7.000000
M500s40a_al|2019-11-01|-0.182701|0.784474|-0.386731|-0.232897|0.941524|16.521579|-0.000873|0.630541|-0.001412|0.521739|0.021280|0.680391|0.363636|0.188427|0.666667|-0.613792|6.000000
M500s40a_al|2020-11-01|-0.288935|0.920982|-0.536773|-0.313725|0.939409|14.726469|-0.316665|0.855177|-0.380095|1.000000|-0.288754|0.915494|1.000000|-0.137977|0.000000|-0.498084|5.000000
S1000s30a_al|2009-11-01|-0.143515|0.988267|-0.340015|-0.145219|0.957130|11.265369|-0.027674|0.729207|-0.040323|0.541667|0.042450|0.739579|0.419580|-0.043924|0.375000|-0.724270|16.000000
S1000s30a_al|2010-11-01|-0.092472|0.974375|-0.222340|-0.094904|0.974558|11.425509|-0.012441|0.701361|-0.018977|0.538462|0.001950|0.733757|0.480916|-0.021011|0.466667|-0.594299|15.000000
S1000s30a_al|2011-11-01|-0.143230|0.982654|-0.330317|-0.145759|0.951871|11.634853|-0.031624|0.675504|-0.047312|0.517483|-0.038652|0.749430|0.537815|-0.037696|0.500000|-0.590083|14.000000
S1000s30a_al|2012-11-01|-0.160716|0.988977|-0.384770|-0.162507|0.960118|10.134501|-0.099665|0.726687|-0.151136|0.610687|-0.112913|0.787928|0.682243|-0.120874|0.461538|-0.693957|13.000000
S1000s30a_al|2013-11-01|-0.171853|0.987602|-0.390912|-0.174011|0.974068|10.278247|-0.077199|0.677471|-0.124061|0.605042|-0.089065|0.766506|0.631579|0.078891|0.583333|-0.658828|12.000000
S1000s30a_al|2014-11-01|-0.118339|0.962289|-0.318438|-0.122977|0.948643|10.313327|-0.013504|0.617245|-0.021877|0.504673|-0.077938|0.711388|0.590361|0.041468|0.545455|-0.582770|11.000000
S1000s30a_al|2015-11-01|-0.276807|0.988515|-0.564013|-0.280023|0.920252|12.697034|-0.161812|0.798028|-0.202765|0.694737|-0.227920|0.865961|0.700000|-0.166170|0.300000|-0.731346|10.000000
S1000s30a_al|2016-11-01|-0.290699|0.987511|-0.542633|-0.294375|0.969088|13.448021|-0.270036|0.820418|-0.329144|0.795181|-0.259161|0.931001|0.965517|-0.141062|0.444444|-0.675828|9.000000
S1000s30a_al|2017-11-01|-0.289776|0.982586|-0.499045|-0.294912|0.969672|13.746269|-0.379369|0.851345|-0.422910|0.585714|-0.208326|0.933346|1.000000|-0.150239|0.500000|-0.712028|8.000000
S1000s30a_al|2018-11-01|-0.331089|0.986386|-0.615365|-0.335659|0.972991|12.017848|-0.485636|0.910127|-0.516783|0.724138|-0.320600|0.952181|1.000000|-0.010009|0.428571|-0.782048|7.000000
S1000s30a_al|2019-11-01|-0.316333|0.978314|-0.563311|-0.323345|0.962426|11.146637|-0.471948|0.910049|-0.506001|0.913043|-0.346387|0.945989|1.000000|-0.243951|0.333333|-0.721520|6.000000
S1000s30a_al|2020-11-01|-0.309538|0.971921|-0.595978|-0.318481|0.982259|13.263509|-0.338853|0.838561|-0.400772|1.000000|-0.216486|0.899189|1.000000|0.051369|0.600000|-0.629562|5.000000
ALLs15a_al|2009-11-01|-0.017632|0.912682|-0.096866|-0.019319|0.985996|6.908705|0.069042|0.701502|0.096843|0.428571|0.101335|0.742822|0.321678|-0.051405|0.437500|-0.612394|16.000000
ALLs15a_al|2010-11-01|-0.452779|0.999955|-0.567023|-0.452799|0.923800|17.725193|-0.220531|0.928678|-0.254002|0.782051|-0.253015|0.963600|0.900763|-0.317119|0.266667|-0.896523|15.000000
ALLs15a_al|2011-11-01|-0.001358|0.884228|-0.068894|-0.001535|0.977859|6.960856|0.160264|0.655101|0.269941|0.293706|0.190171|0.736151|0.243697|-0.026516|0.428571|-0.584640|14.000000
ALLs15a_al|2012-11-01|0.050438|0.849596|0.041364|0.059367|0.995164|6.038922|0.121234|0.617789|0.218683|0.335878|0.129401|0.692806|0.299065|0.010847|0.538462|-0.549248|13.000000
ALLs15a_al|2013-11-01|-0.020314|0.912521|-0.110167|-0.022261|0.989698|6.645850|0.023565|0.685934|0.040102|0.470588|0.041247|0.727039|0.389474|-0.076854|0.333333|-0.589833|12.000000
ALLs15a_al|2014-11-01|-0.132592|0.957557|-0.285893|-0.138469|0.983598|8.621608|-0.025308|0.754986|-0.042645|0.551402|-0.063773|0.757922|0.614458|-0.160522|0.272727|-0.615084|11.000000
ALLs15a_al|2015-11-01|-0.144993|0.947078|-0.312751|-0.153095|0.953846|8.254820|0.049956|0.823141|0.067034|0.463158|0.058900|0.823141|0.428571|-0.135545|0.400000|-0.692838|10.000000
ALLs15a_al|2016-11-01|-0.234413|0.978592|-0.454873|-0.239541|0.971448|8.967140|-0.119637|0.789833|-0.179469|0.638554|-0.222561|0.897887|0.844828|-0.269961|0.222222|-0.669216|9.000000
ALLs15a_al|2017-11-01|-0.443284|0.995209|-0.675432|-0.445418|0.981652|20.146464|-0.429796|0.868137|-0.462127|0.985714|-0.361539|0.960844|1.000000|-0.332778|0.000000|-0.797675|8.000000
ALLs15a_al|2018-11-01|-0.394980|0.987899|-0.683056|-0.399818|0.977481|9.095179|-0.490297|0.916882|-0.524243|1.000000|-0.410049|0.978383|1.000000|-0.238665|0.142857|-0.777869|7.000000
ALLs15a_al|2019-11-01|-0.329414|0.969094|-0.635776|-0.339919|0.980746|8.480867|-0.446940|0.908532|-0.480242|0.913043|-0.323864|0.945067|1.000000|-0.217372|0.166667|-0.633311|6.000000
ALLs15a_al|2020-11-01|-0.352588|0.967293|-0.643414|-0.364510|0.983710|8.176741|-0.453935|0.927451|-0.493058|1.000000|-0.297419|0.942104|1.000000|-0.243485|0.200000|-0.582284|5.000000
HS300now_al|2009-11-01|0.128150|0.695396|0.237529|0.184284|0.946865|4.829746|0.128166|0.405166|0.329473|0.220238|0.205500|0.638544|0.090909|0.109824|0.562500|-0.447415|16.000000
HS300now_al|2010-11-01|0.068495|0.933841|0.080668|0.073348|0.908328|5.436672|0.180958|0.489663|0.396694|0.326923|0.125310|0.677198|0.312977|-0.051279|0.466667|-0.661373|15.000000
HS300now_al|2011-11-01|0.059645|0.920031|0.060968|0.064830|0.936017|6.038471|0.155065|0.612482|0.317186|0.272727|0.056032|0.738048|0.268908|-0.068352|0.428571|-0.607041|14.000000
HS300now_al|2012-11-01|0.021494|0.938498|-0.023413|0.022902|0.944068|5.832460|0.086080|0.633934|0.195407|0.312977|-0.003435|0.838706|0.542056|-0.075911|0.461538|-0.621806|13.000000
HS300now_al|2013-11-01|0.238417|0.654487|0.586092|0.364281|0.960162|4.388290|0.223620|0.436093|0.550372|0.126050|0.358780|0.436093|0.105263|0.354932|0.666667|-0.351230|12.000000
HS300now_al|2014-11-01|0.168136|0.740946|0.339014|0.226921|0.944096|5.302788|0.133832|0.463009|0.403023|0.074766|0.277207|0.502671|0.084337|0.069561|0.545455|-0.371669|11.000000
HS300now_al|2015-11-01|0.212226|0.537078|0.478712|0.395149|0.970186|7.243456|0.218236|0.443150|0.615883|0.168421|0.234753|0.537078|0.000000|0.099202|0.600000|-0.285587|10.000000
HS300now_al|2016-11-01|0.301101|0.464353|0.763138|0.648433|0.988919|4.642370|0.330798|0.308712|1.066566|0.000000|0.447222|0.435551|0.000000|0.330838|0.777778|-0.213134|9.000000
HS300now_al|2017-11-01|0.270116|0.495155|0.616701|0.545517|0.984294|4.891728|0.418369|0.321140|1.146429|0.000000|0.468858|0.321140|0.000000|0.307505|0.750000|-0.105890|8.000000
HS300now_al|2018-11-01|0.165661|0.488167|0.329023|0.339353|0.980159|5.646300|0.146333|0.355093|0.543616|0.034483|0.299125|0.483294|0.000000|0.139254|0.571429|-0.080935|7.000000
HS300now_al|2019-11-01|0.325625|0.329791|0.801729|0.987367|0.990993|4.621620|0.353769|0.327528|1.183106|0.000000|0.387259|0.329791|0.000000|0.346834|0.833333|-0.039921|6.000000
HS300now_al|2020-11-01|0.237422|0.363091|0.577855|0.653890|0.988668|4.943497|0.247225|0.256229|0.893192|0.000000|0.237302|0.363091|0.000000|0.342833|0.800000|-0.048773|5.000000
ZZ1000now_al|2009-11-01|-0.147587|0.990719|-0.283178|-0.148970|0.631869|2.815502|-0.159381|0.814333|-0.249944|0.654762|-0.168135|0.895098|0.930070|0.000000|0.375000|-0.753780|16.000000
ZZ1000now_al|2010-11-01|-0.156103|0.990719|-0.287653|-0.157565|0.671598|3.184697|-0.194330|0.824067|-0.254616|0.705128|-0.172176|0.895098|0.992366|0.000000|0.400000|-0.753780|15.000000
ZZ1000now_al|2011-11-01|-0.165826|0.990719|-0.292647|-0.167380|0.717456|3.674533|-0.226160|0.850786|-0.260477|0.776224|-0.181464|0.895098|0.991597|0.000000|0.428571|-0.753780|14.000000
ZZ1000now_al|2012-11-01|-0.176790|0.990719|-0.298128|-0.178446|0.769807|4.339222|-0.233972|0.858362|-0.275563|0.816794|-0.185363|0.895098|1.000000|0.000000|0.461538|-0.753780|13.000000
ZZ1000now_al|2013-11-01|-0.188970|0.990719|-0.304034|-0.190741|0.828794|5.268877|-0.234709|0.858362|-0.275888|0.815126|-0.176129|0.890935|1.000000|-0.073126|0.500000|-0.753780|12.000000
ZZ1000now_al|2014-11-01|-0.097882|0.979588|-0.190507|-0.099922|0.901433|5.885914|-0.056548|0.677419|-0.076604|0.598131|-0.068152|0.797016|0.566265|0.035374|0.545455|-0.726392|11.000000
ZZ1000now_al|2015-11-01|-0.107910|0.914689|-0.214105|-0.117974|0.927530|7.236463|-0.067610|0.667239|-0.101328|0.631579|-0.053892|0.724810|0.614286|0.111405|0.600000|-0.779229|10.000000
ZZ1000now_al|2016-11-01|-0.116086|0.895745|-0.237306|-0.129597|0.931090|8.338268|-0.042223|0.694835|-0.064631|0.566265|-0.002379|0.738121|0.500000|0.113956|0.666667|-0.800681|9.000000
ZZ1000now_al|2017-11-01|-0.030696|0.783525|-0.097214|-0.039177|0.943298|5.931872|-0.012190|0.656008|-0.019111|0.542857|0.012720|0.723771|0.413043|0.159223|0.750000|-0.655465|8.000000
ZZ1000now_al|2018-11-01|0.057169|0.725795|0.047673|0.078767|0.993637|5.394446|-0.018699|0.597012|-0.030906|0.568966|-0.003083|0.706771|0.500000|0.114634|0.714286|-0.363719|7.000000
ZZ1000now_al|2019-11-01|0.065294|0.703971|0.056165|0.092751|0.993608|5.721589|-0.040880|0.614837|-0.066489|0.565217|0.074621|0.662769|0.136364|0.130500|0.833333|-0.365568|6.000000
ZZ1000now_al|2020-11-01|0.104365|0.756149|0.134362|0.138022|0.987402|7.821428|0.009431|0.646139|0.015632|0.470588|0.166931|0.756149|0.000000|0.494140|0.600000|-0.383080|5.000000
