#METRIC|m2|年化,最大回撤,Sharpe,Calmar,平均仓位,年均换手,持仓数中位,单票权重中位,单票权重P90,单票权重最大,前三权重中位,单票超60%天数占比,滚动3年年化中位,滚动3年回撤中位,滚动3年Calmar中位,滚动3年Sharpe中位,滚动3年为负的窗口占比,滚动5年年化中位,滚动5年年化P25,滚动5年年化最差,滚动5年回撤中位,滚动5年Calmar中位,滚动5年Sharpe中位,滚动5年为负的窗口占比,滚动5年窗口数,互不重叠5年块中位,滚动10年年化中位,滚动10年窗口数,逐年收益中位,逐年为正比例,逐年最差,完整自然年数,强平次数,最低担保比例,最低股票同跌缓冲,最低总资产冲击缓冲,rf覆盖率,年化_交易日口径,最低担保比例日,最低股票同跌缓冲日,滚动5年年化最差窗口末日,最大回撤起日,最大回撤止日,末次净值日
#MARKET|a
#EX5|fixed|000338,000651,000933,002128,600585,601088
EX5:BASE|2009-11-01|0.334816|0.728247|0.830280|0.459756|1.519101|5.932466|6.000000|0.610487|0.732482|1.026941|1.302546|0.587418|0.405213|0.495089|0.813744|0.944414|0.145455|0.412013|0.256097|-0.116549|0.495089|0.699913|0.901582|0.063830|141.000000|0.451137|0.389074|81.000000|0.335803|0.687500|-0.347889|16.000000|0.000000|1.545560|0.158881|0.158881|0.984589|0.336207|20150825.000000|20150825.000000|20160229.000000|20110328.000000|20121129.000000|20260828.000000
EX5:BASE|2010-05-01|0.357934|0.728197|0.875473|0.491535|1.539399|5.713104|7.000000|0.608374|0.735629|0.974100|1.307823|0.565546|0.414873|0.502592|0.843598|0.981439|0.113208|0.423111|0.300719|-0.106585|0.502592|0.705170|0.925578|0.059259|135.000000|0.440637|0.394918|75.000000|0.413826|0.733333|-0.347741|15.000000|0.000000|1.742782|0.254066|0.254066|1.000000|0.359558|20200323.000000|20200323.000000|20160229.000000|20110328.000000|20121129.000000|20260828.000000
EX5:BASE|2010-11-01|0.387392|0.662562|0.928925|0.584688|1.457725|6.213548|7.000000|0.610849|0.698191|1.027357|1.312512|0.582211|0.415990|0.450925|0.849836|0.965880|0.052288|0.427153|0.321155|0.027059|0.493028|0.721234|0.905588|0.000000|129.000000|0.453361|0.397580|69.000000|0.382395|0.733333|-0.256214|15.000000|0.000000|1.545940|0.159088|0.159088|1.000000|0.388878|20150825.000000|20150825.000000|20160229.000000|20150612.000000|20150825.000000|20260828.000000
EX5:BASE|2011-05-01|0.434288|0.634032|1.019837|0.684962|1.506613|6.052353|7.000000|0.602719|0.702854|0.954822|1.270450|0.526885|0.439014|0.467322|0.907212|1.021264|0.013605|0.449064|0.351130|0.095184|0.511204|0.833999|1.006573|0.000000|123.000000|0.529005|0.440218|63.000000|0.422434|0.785714|-0.276301|14.000000|0.000000|1.729783|0.248461|0.248461|1.000000|0.436000|20200323.000000|20200323.000000|20200529.000000|20150612.000000|20150825.000000|20260828.000000
EX5:BASE|2011-11-01|0.464693|0.622812|1.062745|0.746120|1.561153|5.681386|7.000000|0.600931|0.692800|0.912675|1.275087|0.507263|0.456876|0.476113|0.929846|1.072625|0.000000|0.477626|0.376600|0.107871|0.509272|0.912306|1.080676|0.000000|117.000000|0.634997|0.461393|57.000000|0.444977|0.785714|-0.279545|14.000000|0.000000|1.732741|0.249743|0.249743|1.000000|0.466827|20200323.000000|20200323.000000|20200529.000000|20150612.000000|20150825.000000|20260828.000000
EX5:BASE|2012-05-01|0.466920|0.674709|1.040734|0.692032|1.607919|6.041904|7.000000|0.604585|0.700276|1.063561|1.328302|0.537839|0.446458|0.493469|0.959084|1.091718|0.000000|0.455836|0.363921|0.098866|0.493469|0.792186|0.960071|0.000000|111.000000|0.592423|0.422592|51.000000|0.396256|0.846154|-0.271695|13.000000|0.000000|1.549943|0.161260|0.161260|1.000000|0.468614|20150825.000000|20150825.000000|20200529.000000|20150612.000000|20150825.000000|20260828.000000
EX5:BASE|2012-11-01|0.516215|0.704551|1.102004|0.732686|1.637419|5.762717|7.000000|0.606202|0.705280|1.161755|1.353559|0.546702|0.435898|0.500814|1.015581|1.090189|0.000000|0.454447|0.364404|0.077021|0.500814|0.857191|1.002251|0.000000|105.000000|0.598881|0.428318|45.000000|0.396286|0.846154|-0.257516|13.000000|0.000000|1.492438|0.128942|0.128942|1.000000|0.518705|20150825.000000|20150825.000000|20200529.000000|20150612.000000|20150825.000000|20260828.000000
EX5:BASE|2013-05-01|0.416512|0.675036|0.959790|0.617021|1.638886|5.865257|7.000000|0.598614|0.729801|0.941859|1.318748|0.489355|0.379810|0.490419|0.777869|0.975432|0.000000|0.386844|0.288662|0.036168|0.515874|0.749881|0.950106|0.000000|99.000000|0.546848|0.364786|39.000000|0.458194|0.833333|-0.294879|12.000000|0.000000|1.604304|0.189680|0.189680|1.000000|0.417830|20150825.000000|20150825.000000|20200529.000000|20150612.000000|20150825.000000|20260828.000000
EX5:BASE|2013-11-01|0.500072|0.625012|1.100180|0.800100|1.613795|5.701443|6.000000|0.613301|0.720548|0.864071|1.342958|0.608013|0.462000|0.450087|1.144985|1.162249|0.000000|0.522096|0.357615|0.095317|0.491842|1.061512|1.174889|0.000000|93.000000|0.614709|0.455976|33.000000|0.472622|0.833333|-0.251903|12.000000|0.000000|1.758696|0.260816|0.260816|1.000000|0.501517|20200323.000000|20200323.000000|20200529.000000|20150615.000000|20160229.000000|20260828.000000
EX5:BASE|2014-05-01|0.554818|0.759418|1.122572|0.730583|1.641606|6.047797|7.000000|0.594223|0.707813|1.331212|1.313051|0.465644|0.473222|0.463065|1.311445|1.265629|0.000000|0.570652|0.387727|0.020077|0.502210|1.136283|1.244171|0.000000|87.000000|0.635799|0.478301|27.000000|0.468610|0.727273|-0.279716|11.000000|0.000000|1.391050|0.065454|0.065454|1.000000|0.556151|20150825.000000|20150825.000000|20200529.000000|20150612.000000|20150825.000000|20260828.000000
EX5:BASE|2014-11-01|0.552519|0.710716|1.156883|0.777412|1.624916|5.821570|7.000000|0.596197|0.702640|0.919055|1.259396|0.477565|0.493704|0.457119|1.357350|1.304821|0.000000|0.585865|0.439133|0.030955|0.507101|1.155322|1.283228|0.000000|81.000000|0.650642|0.504696|21.000000|0.449686|0.727273|-0.267051|11.000000|0.000000|1.475415|0.118892|0.118892|1.000000|0.554240|20150825.000000|20150825.000000|20200529.000000|20150612.000000|20150825.000000|20260828.000000
EX5:BASE|2015-05-01|0.456994|0.496727|1.157659|0.920009|1.492519|6.098785|7.000000|0.593396|0.680844|0.837793|1.312361|0.468417|0.456773|0.409165|1.115497|1.176894|0.000000|0.487373|0.350253|0.120942|0.496727|0.981441|1.148668|0.000000|75.000000|0.594329|0.432522|15.000000|0.533451|0.800000|-0.293312|10.000000|0.000000|1.751627|0.257833|0.257833|1.000000|0.458320|20200323.000000|20200323.000000|20200529.000000|20200114.000000|20200323.000000|20260828.000000
EX5:BASE|2015-11-01|0.514372|0.496823|1.228839|1.035323|1.555503|5.554477|7.000000|0.595772|0.684740|0.840354|1.300846|0.464929|0.480540|0.409091|1.229912|1.209078|0.000000|0.527519|0.468871|0.296060|0.496823|1.063178|1.198601|0.000000|69.000000|0.615129|0.611436|9.000000|0.564215|0.800000|-0.280955|10.000000|0.000000|1.751601|0.257822|0.257822|1.000000|0.516062|20200323.000000|20200323.000000|20230131.000000|20200114.000000|20200323.000000|20260828.000000
EX5:BASE|2016-05-01|0.605944|0.498455|1.396738|1.215643|1.591802|5.537742|6.000000|0.596264|0.683620|0.847257|1.334507|0.466321|0.479878|0.427189|1.267916|1.222560|0.000000|0.526896|0.479712|0.288620|0.498455|1.057433|1.206206|0.000000|63.000000|0.600977|0.600948|3.000000|0.722128|0.888889|-0.262683|9.000000|0.000000|1.749048|0.256739|0.256739|1.000000|0.608317|20200323.000000|20200323.000000|20230131.000000|20200114.000000|20200323.000000|20260828.000000
EX5:EBFIX160|2009-11-01|0.321006|0.669590|0.840138|0.479406|1.391001|7.600231|6.000000|0.590070|0.643449|0.737575|1.258129|0.426225|0.401946|0.461940|0.835864|0.967464|0.133333|0.397070|0.235416|-0.073345|0.461940|0.699419|0.913248|0.035461|141.000000|0.498956|0.367799|81.000000|0.323768|0.687500|-0.264609|16.000000|0.000000|2.441429|0.467525|0.467525|0.984589|0.322332|20160107.000000|20160107.000000|20160229.000000|20110328.000000|20121129.000000|20260828.000000
EX5:EBFIX160|2010-05-01|0.324370|0.669631|0.841841|0.484400|1.426888|7.596907|6.000000|0.589533|0.641630|0.714593|1.242990|0.420902|0.373840|0.461368|0.785340|0.923886|0.100629|0.378549|0.236420|-0.072679|0.461368|0.649050|0.888938|0.037037|135.000000|0.463825|0.364187|75.000000|0.363500|0.733333|-0.264745|15.000000|0.000000|2.441008|0.467433|0.467433|1.000000|0.325824|20160107.000000|20160107.000000|20160229.000000|20110328.000000|20121129.000000|20260828.000000
EX5:EBFIX160|2010-11-01|0.374773|0.628106|0.956250|0.596671|1.350314|7.518246|6.000000|0.586529|0.636598|0.736391|1.250550|0.384400|0.424440|0.424024|1.006267|1.044363|0.052288|0.433473|0.309284|0.044606|0.462189|0.762990|0.967213|0.000000|129.000000|0.532658|0.408768|69.000000|0.355411|0.733333|-0.237538|15.000000|0.000000|2.443061|0.467881|0.467881|1.000000|0.376204|20160107.000000|20160107.000000|20160229.000000|20150612.000000|20160510.000000|20260828.000000
EX5:EBFIX160|2011-05-01|0.351374|0.625016|0.905317|0.562184|1.401972|7.591120|6.000000|0.582568|0.631886|0.708073|1.210807|0.365292|0.381332|0.445085|0.854460|0.969399|0.013605|0.381160|0.275799|0.064669|0.461429|0.672783|0.869727|0.000000|123.000000|0.410302|0.349128|63.000000|0.397283|0.785714|-0.278608|14.000000|0.000000|2.441789|0.467603|0.467603|1.000000|0.352721|20160107.000000|20160107.000000|20200630.000000|20150612.000000|20160526.000000|20260828.000000
EX5:EBFIX160|2011-11-01|0.395596|0.634948|0.980407|0.623037|1.434389|7.559734|6.000000|0.586234|0.641037|0.735118|1.256857|0.395899|0.421561|0.461878|1.023255|1.049472|0.000000|0.441644|0.326110|0.096366|0.461878|0.736226|0.966609|0.000000|117.000000|0.545391|0.387985|57.000000|0.396794|0.785714|-0.237168|14.000000|0.000000|2.441346|0.467507|0.467507|1.000000|0.397372|20160104.000000|20160104.000000|20200529.000000|20150612.000000|20160510.000000|20260828.000000
EX5:EBFIX160|2012-05-01|0.416363|0.630820|1.014339|0.660035|1.480755|7.480161|6.000000|0.581460|0.629521|0.700883|1.223115|0.350664|0.412293|0.461363|0.982266|1.055020|0.000000|0.406810|0.329078|0.065362|0.461363|0.811305|0.955672|0.000000|111.000000|0.537801|0.383520|51.000000|0.431440|0.846154|-0.286376|13.000000|0.000000|2.443330|0.467939|0.467939|1.000000|0.417849|20160104.000000|20160104.000000|20200529.000000|20150612.000000|20160526.000000|20260828.000000
EX5:EBFIX160|2012-11-01|0.451480|0.638803|1.065110|0.706759|1.515620|7.567788|7.000000|0.580415|0.630818|0.703205|1.232750|0.350940|0.407875|0.462036|0.947481|1.052410|0.000000|0.423230|0.324943|0.058934|0.462036|0.911862|1.022593|0.000000|105.000000|0.528775|0.387897|45.000000|0.431489|0.846154|-0.280559|13.000000|0.000000|2.442584|0.467777|0.467777|1.000000|0.453614|20160107.000000|20160107.000000|20200529.000000|20150612.000000|20160526.000000|20260828.000000
EX5:EBFIX160|2013-05-01|0.414740|0.631895|1.001769|0.656344|1.505267|7.491401|6.000000|0.579226|0.633386|0.702783|1.223342|0.350509|0.409789|0.461327|1.016465|1.059708|0.000000|0.444754|0.312674|0.063014|0.461327|0.976032|1.107895|0.000000|99.000000|0.527205|0.395144|39.000000|0.478669|0.833333|-0.303402|12.000000|0.000000|2.440680|0.467362|0.467362|1.000000|0.416052|20160107.000000|20160107.000000|20200529.000000|20150612.000000|20160526.000000|20260828.000000
EX5:EBFIX160|2013-11-01|0.458891|0.636686|1.067346|0.720750|1.494501|7.708490|6.000000|0.586553|0.646210|0.735312|1.252560|0.395513|0.447179|0.452316|1.141961|1.138467|0.000000|0.478065|0.342063|0.096948|0.461438|1.036033|1.155493|0.000000|93.000000|0.555798|0.435779|33.000000|0.489902|0.833333|-0.230328|12.000000|0.000000|2.440135|0.467243|0.467243|1.000000|0.460200|20160107.000000|20160107.000000|20200529.000000|20150612.000000|20160510.000000|20260828.000000
EX5:EBFIX160|2014-05-01|0.488608|0.657770|1.122544|0.742825|1.523150|7.080608|7.000000|0.567950|0.626315|0.696104|1.210546|0.313542|0.434037|0.424105|1.127239|1.147734|0.000000|0.477820|0.336815|0.047232|0.461995|1.034568|1.164404|0.000000|87.000000|0.542332|0.414668|27.000000|0.393545|0.818182|-0.311204|11.000000|0.000000|2.423658|0.463621|0.463621|1.000000|0.489758|20150702.000000|20150702.000000|20200529.000000|20150612.000000|20160229.000000|20260828.000000
EX5:EBFIX160|2014-11-01|0.484816|0.645021|1.126795|0.751627|1.517513|7.221189|7.000000|0.567344|0.624970|0.697573|1.182981|0.301565|0.445365|0.435195|1.184366|1.193937|0.000000|0.499153|0.362570|0.058432|0.461838|1.083092|1.192036|0.000000|81.000000|0.548015|0.431045|21.000000|0.394077|0.727273|-0.250774|11.000000|0.000000|2.433101|0.465703|0.465703|1.000000|0.486294|20150824.000000|20150824.000000|20200529.000000|20150612.000000|20160519.000000|20260828.000000
EX5:EBFIX160|2015-05-01|0.413718|0.464587|1.098232|0.890506|1.428708|6.996871|6.000000|0.570755|0.624011|0.689028|1.212869|0.313927|0.434425|0.406838|1.170714|1.172375|0.000000|0.480317|0.351385|0.102537|0.461525|1.050825|1.188268|0.000000|75.000000|0.539603|0.404538|15.000000|0.480824|0.800000|-0.334766|10.000000|0.000000|2.458148|0.471147|0.471147|1.000000|0.414901|20250407.000000|20250407.000000|20200529.000000|20151225.000000|20160513.000000|20260828.000000
EX5:EBFIX160|2015-11-01|0.427713|0.461480|1.107666|0.926829|1.494763|6.915411|7.000000|0.574009|0.627579|0.694217|1.219160|0.337294|0.424418|0.406771|1.074816|1.120129|0.000000|0.441821|0.397850|0.229397|0.461480|0.976456|1.100179|0.000000|69.000000|0.517589|0.515037|9.000000|0.480104|0.800000|-0.321943|10.000000|0.000000|2.460897|0.471738|0.471737|1.000000|0.429080|20200203.000000|20200203.000000|20230131.000000|20200114.000000|20200323.000000|20260828.000000
EX5:EBFIX160|2016-05-01|0.546959|0.461938|1.341455|1.184054|1.502984|7.468062|7.000000|0.580394|0.629464|0.692560|1.220807|0.347150|0.470718|0.405722|1.210555|1.211428|0.000000|0.506468|0.454323|0.281555|0.461938|1.098320|1.203908|0.000000|63.000000|0.541224|0.541465|3.000000|0.527730|0.888889|-0.230568|9.000000|0.000000|2.458545|0.471232|0.471232|1.000000|0.549065|20250407.000000|20250407.000000|20230131.000000|20200114.000000|20200323.000000|20260828.000000
EX5:EBQ30|2009-11-01|0.244031|0.669590|0.731313|0.364449|1.274937|5.671879|6.000000|0.552126|0.630600|0.690027|1.095583|0.300910|0.293421|0.461261|0.675597|0.811768|0.139394|0.266183|0.162196|-0.031081|0.461261|0.562152|0.779737|0.014184|141.000000|0.256524|0.262286|81.000000|0.300128|0.687500|-0.324527|16.000000|0.000000|2.459212|0.471375|0.471375|0.984589|0.245011|20250407.000000|20250407.000000|20160229.000000|20110328.000000|20121129.000000|20260828.000000
EX5:EBQ30|2010-05-01|0.252871|0.669631|0.743690|0.377627|1.288720|7.123979|6.000000|0.565115|0.633818|0.689890|1.138797|0.315351|0.303032|0.454585|0.673925|0.814244|0.106918|0.259472|0.168927|-0.032084|0.461018|0.547534|0.750329|0.007407|135.000000|0.242007|0.266327|75.000000|0.347554|0.733333|-0.325309|15.000000|0.000000|2.456419|0.470774|0.470774|1.000000|0.253975|20250407.000000|20250407.000000|20160229.000000|20110328.000000|20121129.000000|20260828.000000
EX5:EBQ30|2010-11-01|0.278005|0.495108|0.826295|0.561504|1.224467|6.443841|6.000000|0.551212|0.621571|0.677373|1.106911|0.256453|0.328700|0.458229|0.733250|0.884297|0.058824|0.275209|0.213118|0.009526|0.461722|0.578648|0.786404|0.000000|129.000000|0.240076|0.283243|69.000000|0.404830|0.733333|-0.325852|15.000000|0.000000|2.455342|0.470542|0.470542|1.000000|0.279030|20250407.000000|20250407.000000|20200529.000000|20150612.000000|20160526.000000|20260828.000000
EX5:EBQ30|2011-05-01|0.304174|0.461345|0.893200|0.659320|1.260199|5.761261|6.000000|0.547282|0.616781|0.676152|1.116091|0.231010|0.349935|0.397535|0.845472|0.956037|0.020408|0.276349|0.219815|0.037922|0.456799|0.620475|0.803155|0.000000|123.000000|0.244476|0.296351|63.000000|0.415769|0.785714|-0.325805|14.000000|0.000000|2.458162|0.471150|0.471150|1.000000|0.305320|20250407.000000|20250407.000000|20200630.000000|20200114.000000|20200323.000000|20260828.000000
EX5:EBQ30|2011-11-01|0.324883|0.461973|0.931247|0.703251|1.296204|6.317439|6.000000|0.543353|0.620512|0.675385|1.139102|0.255768|0.372274|0.396630|0.912428|0.994003|0.007092|0.294376|0.255404|0.040353|0.457859|0.674122|0.849265|0.000000|117.000000|0.392960|0.313725|57.000000|0.433059|0.785714|-0.324771|14.000000|0.000000|2.458432|0.471208|0.471208|1.000000|0.326305|20250407.000000|20250407.000000|20200630.000000|20200114.000000|20200323.000000|20260828.000000
EX5:EBQ30|2012-05-01|0.344535|0.462006|0.972107|0.745737|1.338982|5.665004|6.000000|0.552898|0.620760|0.679782|1.103673|0.248700|0.358978|0.391326|0.923264|0.977264|0.007407|0.296419|0.246364|0.042556|0.462006|0.662202|0.836428|0.000000|111.000000|0.381977|0.305739|51.000000|0.455291|0.846154|-0.324559|13.000000|0.000000|2.456323|0.470754|0.470754|1.000000|0.345734|20200203.000000|20200203.000000|20200630.000000|20200114.000000|20200323.000000|20260828.000000
EX5:EBQ30|2012-11-01|0.373896|0.500992|1.011692|0.746311|1.353267|6.229154|7.000000|0.548909|0.622586|0.675871|1.119938|0.242913|0.349102|0.456119|0.716815|0.899125|0.007752|0.286056|0.244698|0.005522|0.461864|0.606269|0.822354|0.000000|105.000000|0.397957|0.309884|45.000000|0.431347|0.846154|-0.324341|13.000000|0.000000|2.456940|0.470887|0.470887|1.000000|0.375618|20200203.000000|20200203.000000|20200529.000000|20150612.000000|20160526.000000|20260828.000000
EX5:EBQ30|2013-05-01|0.338546|0.461674|0.942648|0.733301|1.343706|7.126532|7.000000|0.545384|0.627325|0.670004|1.099951|0.261031|0.341290|0.420804|0.799497|0.925875|0.008130|0.270323|0.225692|0.024164|0.461674|0.592120|0.787129|0.000000|99.000000|0.380507|0.311425|39.000000|0.419553|0.833333|-0.324539|12.000000|0.000000|2.460478|0.471648|0.471647|1.000000|0.339589|20200203.000000|20200203.000000|20200630.000000|20200114.000000|20200323.000000|20260828.000000
EX5:EBQ30|2013-11-01|0.357855|0.462067|0.979886|0.774465|1.339937|6.119288|6.000000|0.532316|0.630046|0.684256|1.083016|0.261218|0.361990|0.423320|0.858165|0.973628|0.008547|0.280105|0.240076|0.030924|0.462067|0.606199|0.807309|0.000000|93.000000|0.386964|0.327527|33.000000|0.435787|0.833333|-0.325272|12.000000|0.000000|2.455724|0.470625|0.470624|1.000000|0.358842|20200203.000000|20200203.000000|20200630.000000|20200114.000000|20200323.000000|20260828.000000
EX5:EBQ30|2014-05-01|0.398256|0.497134|1.071527|0.801103|1.323098|6.271260|7.000000|0.519846|0.623716|0.672395|1.062532|0.227819|0.373522|0.444335|0.848737|0.998617|0.009009|0.287652|0.242755|0.004440|0.460397|0.624791|0.837623|0.000000|87.000000|0.400856|0.335058|27.000000|0.431015|0.818182|-0.324577|11.000000|0.000000|2.456494|0.470791|0.470791|1.000000|0.399167|20200203.000000|20200203.000000|20200529.000000|20150612.000000|20160510.000000|20260828.000000
EX5:EBQ30|2014-11-01|0.377345|0.482074|1.026509|0.782753|1.341276|6.166451|6.000000|0.514258|0.622995|0.681966|1.065289|0.213217|0.334499|0.461358|0.829404|0.957388|0.009524|0.287388|0.238408|0.005436|0.461358|0.605343|0.818207|0.000000|81.000000|0.394920|0.314992|21.000000|0.427851|0.818182|-0.326938|11.000000|0.000000|2.438275|0.466836|0.466836|1.000000|0.378456|20150119.000000|20150119.000000|20200529.000000|20150612.000000|20160510.000000|20260828.000000
EX5:EBQ30|2015-05-01|0.295103|0.461515|0.901988|0.639423|1.250379|6.371622|6.000000|0.527911|0.628888|0.675228|1.094488|0.254186|0.344514|0.434499|0.804476|0.945021|0.010101|0.289918|0.249511|0.011065|0.461515|0.628188|0.827988|0.000000|75.000000|0.388709|0.300069|15.000000|0.430551|0.800000|-0.323358|10.000000|0.000000|2.449591|0.469299|0.469299|1.000000|0.295913|20250407.000000|20250407.000000|20200529.000000|20200114.000000|20200323.000000|20260828.000000
EX5:EBQ30|2015-11-01|0.328543|0.461722|0.969314|0.711559|1.315649|6.333618|6.000000|0.521544|0.628477|0.677006|1.069375|0.246455|0.360470|0.450611|0.816386|0.993196|0.010753|0.311983|0.263997|0.126148|0.461722|0.675693|0.906241|0.000000|69.000000|0.399169|0.400894|9.000000|0.429349|0.800000|-0.312444|10.000000|0.000000|2.458399|0.471201|0.471201|1.000000|0.329558|20250407.000000|20250407.000000|20201231.000000|20200114.000000|20200323.000000|20260828.000000
EX5:EBQ30|2016-05-01|0.398373|0.461980|1.144651|0.862316|1.333760|6.273553|6.000000|0.516137|0.625851|0.670342|1.059793|0.244719|0.367508|0.452552|0.867183|1.009333|0.000000|0.369816|0.262564|0.178598|0.461980|0.802065|1.036258|0.000000|63.000000|0.394695|0.398508|3.000000|0.441114|0.888889|-0.313225|9.000000|0.000000|2.461265|0.471817|0.471816|1.000000|0.399836|20200203.000000|20200203.000000|20230131.000000|20200114.000000|20200323.000000|20260828.000000
EX5:EBS02|2009-11-01|0.321006|0.669590|0.840138|0.479406|1.391001|7.600231|6.000000|0.590070|0.643449|0.737575|1.258129|0.426225|0.401946|0.461940|0.835864|0.967464|0.133333|0.397070|0.235416|-0.073345|0.461940|0.699419|0.913248|0.035461|141.000000|0.498956|0.367799|81.000000|0.323768|0.687500|-0.264609|16.000000|0.000000|2.441429|0.467525|0.467525|0.984589|0.322332|20160107.000000|20160107.000000|20160229.000000|20110328.000000|20121129.000000|20260828.000000
EX5:EBS02|2010-05-01|0.324370|0.669631|0.841841|0.484400|1.426888|7.596907|6.000000|0.589533|0.641630|0.714593|1.242990|0.420902|0.373840|0.461368|0.785340|0.923886|0.100629|0.378549|0.236420|-0.072679|0.461368|0.649050|0.888938|0.037037|135.000000|0.463825|0.364187|75.000000|0.363500|0.733333|-0.264745|15.000000|0.000000|2.441008|0.467433|0.467433|1.000000|0.325824|20160107.000000|20160107.000000|20160229.000000|20110328.000000|20121129.000000|20260828.000000
EX5:EBS02|2010-11-01|0.374773|0.628106|0.956250|0.596671|1.350314|7.518246|6.000000|0.586529|0.636598|0.736391|1.250550|0.384400|0.424440|0.424024|1.006267|1.044363|0.052288|0.433473|0.309284|0.044606|0.462189|0.762990|0.967213|0.000000|129.000000|0.532658|0.408768|69.000000|0.355411|0.733333|-0.237538|15.000000|0.000000|2.443061|0.467881|0.467881|1.000000|0.376204|20160107.000000|20160107.000000|20160229.000000|20150612.000000|20160510.000000|20260828.000000
EX5:EBS02|2011-05-01|0.351374|0.625016|0.905317|0.562184|1.401972|7.591120|6.000000|0.582568|0.631886|0.708073|1.210807|0.365292|0.381332|0.445085|0.854460|0.969399|0.013605|0.381160|0.275799|0.064669|0.461429|0.672783|0.869727|0.000000|123.000000|0.410302|0.349128|63.000000|0.397283|0.785714|-0.278608|14.000000|0.000000|2.441789|0.467603|0.467603|1.000000|0.352721|20160107.000000|20160107.000000|20200630.000000|20150612.000000|20160526.000000|20260828.000000
EX5:EBS02|2011-11-01|0.395596|0.634948|0.980407|0.623037|1.434389|7.559734|6.000000|0.586234|0.641037|0.735118|1.256857|0.395899|0.421561|0.461878|1.023255|1.049472|0.000000|0.441644|0.326110|0.096366|0.461878|0.736226|0.966609|0.000000|117.000000|0.545391|0.387985|57.000000|0.396794|0.785714|-0.237168|14.000000|0.000000|2.441346|0.467507|0.467507|1.000000|0.397372|20160104.000000|20160104.000000|20200529.000000|20150612.000000|20160510.000000|20260828.000000
EX5:EBS02|2012-05-01|0.416363|0.630820|1.014339|0.660035|1.480755|7.480161|6.000000|0.581460|0.629521|0.700883|1.223115|0.350664|0.412293|0.461363|0.982266|1.055020|0.000000|0.406810|0.329078|0.065362|0.461363|0.811305|0.955672|0.000000|111.000000|0.537801|0.383520|51.000000|0.431440|0.846154|-0.286376|13.000000|0.000000|2.443330|0.467939|0.467939|1.000000|0.417849|20160104.000000|20160104.000000|20200529.000000|20150612.000000|20160526.000000|20260828.000000
EX5:EBS02|2012-11-01|0.451480|0.638803|1.065110|0.706759|1.515620|7.567788|7.000000|0.580415|0.630818|0.703205|1.232750|0.350940|0.407875|0.462036|0.947481|1.052410|0.000000|0.423230|0.324943|0.058934|0.462036|0.911862|1.022593|0.000000|105.000000|0.528775|0.387897|45.000000|0.431489|0.846154|-0.280559|13.000000|0.000000|2.442584|0.467777|0.467777|1.000000|0.453614|20160107.000000|20160107.000000|20200529.000000|20150612.000000|20160526.000000|20260828.000000
EX5:EBS02|2013-05-01|0.414740|0.631895|1.001769|0.656344|1.505267|7.491401|6.000000|0.579226|0.633386|0.702783|1.223342|0.350509|0.409789|0.461327|1.016465|1.059708|0.000000|0.444754|0.312674|0.063014|0.461327|0.976032|1.107895|0.000000|99.000000|0.527205|0.395144|39.000000|0.478669|0.833333|-0.303402|12.000000|0.000000|2.440680|0.467362|0.467362|1.000000|0.416052|20160107.000000|20160107.000000|20200529.000000|20150612.000000|20160526.000000|20260828.000000
EX5:EBS02|2013-11-01|0.458891|0.636686|1.067346|0.720750|1.494501|7.708490|6.000000|0.586553|0.646210|0.735312|1.252560|0.395513|0.447179|0.452316|1.141961|1.138467|0.000000|0.478065|0.342063|0.096948|0.461438|1.036033|1.155493|0.000000|93.000000|0.555798|0.435779|33.000000|0.489902|0.833333|-0.230328|12.000000|0.000000|2.440135|0.467243|0.467243|1.000000|0.460200|20160107.000000|20160107.000000|20200529.000000|20150612.000000|20160510.000000|20260828.000000
EX5:EBS02|2014-05-01|0.488608|0.657770|1.122544|0.742825|1.523150|7.080608|7.000000|0.567950|0.626315|0.696104|1.210546|0.313542|0.434037|0.424105|1.127239|1.147734|0.000000|0.477820|0.336815|0.047232|0.461995|1.034568|1.164404|0.000000|87.000000|0.542332|0.414668|27.000000|0.393545|0.818182|-0.311204|11.000000|0.000000|2.423658|0.463621|0.463621|1.000000|0.489758|20150702.000000|20150702.000000|20200529.000000|20150612.000000|20160229.000000|20260828.000000
EX5:EBS02|2014-11-01|0.484816|0.645021|1.126795|0.751627|1.517513|7.221189|7.000000|0.567344|0.624970|0.697573|1.182981|0.301565|0.445365|0.435195|1.184366|1.193937|0.000000|0.499153|0.362570|0.058432|0.461838|1.083092|1.192036|0.000000|81.000000|0.548015|0.431045|21.000000|0.394077|0.727273|-0.250774|11.000000|0.000000|2.433101|0.465703|0.465703|1.000000|0.486294|20150824.000000|20150824.000000|20200529.000000|20150612.000000|20160519.000000|20260828.000000
EX5:EBS02|2015-05-01|0.413718|0.464587|1.098232|0.890506|1.428708|6.996871|6.000000|0.570755|0.624011|0.689028|1.212869|0.313927|0.434425|0.406838|1.170714|1.172375|0.000000|0.480317|0.351385|0.102537|0.461525|1.050825|1.188268|0.000000|75.000000|0.539603|0.404538|15.000000|0.480824|0.800000|-0.334766|10.000000|0.000000|2.458148|0.471147|0.471147|1.000000|0.414901|20250407.000000|20250407.000000|20200529.000000|20151225.000000|20160513.000000|20260828.000000
EX5:EBS02|2015-11-01|0.427713|0.461480|1.107666|0.926829|1.494763|6.915411|7.000000|0.574009|0.627579|0.694217|1.219160|0.337294|0.424418|0.406771|1.074816|1.120129|0.000000|0.441821|0.397850|0.229397|0.461480|0.976456|1.100179|0.000000|69.000000|0.517589|0.515037|9.000000|0.480104|0.800000|-0.321943|10.000000|0.000000|2.460897|0.471738|0.471737|1.000000|0.429080|20200203.000000|20200203.000000|20230131.000000|20200114.000000|20200323.000000|20260828.000000
EX5:EBS02|2016-05-01|0.546959|0.461938|1.341455|1.184054|1.502984|7.468062|7.000000|0.580394|0.629464|0.692560|1.220807|0.347150|0.470718|0.405722|1.210555|1.211428|0.000000|0.506468|0.454323|0.281555|0.461938|1.098320|1.203908|0.000000|63.000000|0.541224|0.541465|3.000000|0.527730|0.888889|-0.230568|9.000000|0.000000|2.458545|0.471232|0.471232|1.000000|0.549065|20250407.000000|20250407.000000|20230131.000000|20200114.000000|20200323.000000|20260828.000000
EX5:EBS03|2009-11-01|0.334113|0.591893|0.904780|0.564482|1.343434|7.500737|6.000000|0.578135|0.634481|0.737288|1.216565|0.370642|0.403987|0.461981|0.952332|1.023952|0.127273|0.412123|0.244682|-0.009657|0.461981|0.790611|0.995719|0.007092|141.000000|0.449487|0.361641|81.000000|0.323800|0.750000|-0.239603|16.000000|0.000000|2.457243|0.470952|0.470952|0.984589|0.335500|20160107.000000|20160107.000000|20160229.000000|20110328.000000|20121129.000000|20260828.000000
EX5:EBS03|2010-05-01|0.364295|0.592027|0.965358|0.615334|1.375706|7.139195|6.000000|0.572693|0.626060|0.733748|1.218716|0.325775|0.428212|0.462398|1.056303|1.066151|0.100629|0.448177|0.274722|-0.010149|0.462398|0.876112|1.059063|0.007407|135.000000|0.510562|0.399656|75.000000|0.300346|0.733333|-0.249759|15.000000|0.000000|2.453185|0.470077|0.470077|1.000000|0.365951|20250407.000000|20250407.000000|20160229.000000|20110328.000000|20121129.000000|20260828.000000
EX5:EBS03|2010-11-01|0.375448|0.530597|0.994552|0.707596|1.331297|7.580133|6.000000|0.581606|0.631215|0.736182|1.231996|0.362514|0.432432|0.408977|1.085769|1.088139|0.052288|0.456432|0.313507|0.073742|0.462057|0.889454|1.075745|0.000000|129.000000|0.490564|0.409558|69.000000|0.362039|0.733333|-0.231234|15.000000|0.000000|2.457673|0.471044|0.471044|1.000000|0.376882|20160107.000000|20160107.000000|20160229.000000|20150612.000000|20160510.000000|20260828.000000
EX5:EBS03|2011-05-01|0.393630|0.533066|1.023694|0.738427|1.377614|7.099259|6.000000|0.573154|0.625460|0.735056|1.232249|0.328876|0.437445|0.421758|1.087680|1.109637|0.013605|0.457202|0.324341|0.104782|0.462303|0.886578|1.065761|0.000000|123.000000|0.506286|0.408361|63.000000|0.344238|0.785714|-0.243435|14.000000|0.000000|2.453584|0.470163|0.470163|1.000000|0.395162|20250407.000000|20250407.000000|20160531.000000|20150612.000000|20160510.000000|20260828.000000
EX5:EBS03|2011-11-01|0.394667|0.548864|1.019007|0.719063|1.421423|7.684270|6.000000|0.576624|0.623123|0.692547|1.196058|0.339220|0.419621|0.424670|1.019185|1.059848|0.000000|0.426583|0.332571|0.092208|0.461410|0.796690|1.018273|0.000000|117.000000|0.533071|0.389014|57.000000|0.398055|0.785714|-0.286276|14.000000|0.000000|2.453141|0.470067|0.470067|1.000000|0.396438|20250407.000000|20250407.000000|20200529.000000|20150612.000000|20160526.000000|20260828.000000
EX5:EBS03|2012-05-01|0.419775|0.546463|1.063906|0.768169|1.471481|7.084631|6.000000|0.572747|0.620772|0.691539|1.196343|0.305893|0.414908|0.454583|1.029221|1.077808|0.000000|0.434273|0.338998|0.095608|0.462043|0.816836|1.043620|0.000000|111.000000|0.525440|0.386456|51.000000|0.391910|0.846154|-0.283778|13.000000|0.000000|2.453776|0.470204|0.470204|1.000000|0.421275|20250407.000000|20250407.000000|20200529.000000|20150612.000000|20160526.000000|20260828.000000
EX5:EBS03|2012-11-01|0.480601|0.532323|1.156893|0.902837|1.483942|7.486594|6.000000|0.580899|0.635132|0.735579|1.243326|0.360788|0.446180|0.445689|1.081169|1.114321|0.000000|0.465528|0.345020|0.130231|0.462395|0.945652|1.120763|0.000000|105.000000|0.541956|0.422353|45.000000|0.431574|0.846154|-0.249339|13.000000|0.000000|2.454731|0.470410|0.470410|1.000000|0.482894|20250407.000000|20250407.000000|20200529.000000|20150612.000000|20160510.000000|20260828.000000
EX5:EBS03|2013-05-01|0.451402|0.526243|1.105232|0.857781|1.480577|7.117284|6.000000|0.576510|0.634431|0.735884|1.227626|0.340019|0.447287|0.443035|1.120368|1.163702|0.000000|0.468696|0.340052|0.136121|0.461620|0.977714|1.142451|0.000000|99.000000|0.545418|0.429747|39.000000|0.464470|0.833333|-0.229631|12.000000|0.000000|2.453012|0.470039|0.470039|1.000000|0.452847|20250407.000000|20250407.000000|20200630.000000|20150612.000000|20160510.000000|20260828.000000
EX5:EBS03|2013-11-01|0.460578|0.542653|1.112438|0.848752|1.476159|7.634651|6.000000|0.584072|0.639052|0.734657|1.242969|0.365705|0.448472|0.449191|1.087853|1.150898|0.000000|0.466436|0.333068|0.125884|0.462125|1.009329|1.127473|0.000000|93.000000|0.541315|0.426379|33.000000|0.470150|0.833333|-0.243242|12.000000|0.000000|2.454641|0.470391|0.470391|1.000000|0.461892|20250407.000000|20250407.000000|20200529.000000|20150612.000000|20160510.000000|20260828.000000
EX5:EBS03|2014-05-01|0.480963|0.557840|1.152494|0.862187|1.502989|6.993071|7.000000|0.571801|0.629712|0.694343|1.189818|0.326551|0.422015|0.424077|0.997624|1.060123|0.000000|0.425471|0.298356|0.086888|0.462102|0.921967|1.064803|0.000000|87.000000|0.510619|0.399541|27.000000|0.391897|0.818182|-0.316142|11.000000|0.000000|2.454046|0.470263|0.470263|1.000000|0.482093|20250407.000000|20250407.000000|20200529.000000|20150612.000000|20160510.000000|20260828.000000
EX5:EBS03|2014-11-01|0.507369|0.520987|1.212025|0.973861|1.496977|7.092537|7.000000|0.568097|0.624342|0.697709|1.178737|0.291478|0.439222|0.434063|1.144515|1.173314|0.000000|0.487852|0.348361|0.110360|0.461837|1.057343|1.178063|0.000000|81.000000|0.541810|0.422653|21.000000|0.393728|0.818182|-0.250059|11.000000|0.000000|2.438275|0.466836|0.466836|1.000000|0.508927|20150119.000000|20150119.000000|20200529.000000|20150612.000000|20160128.000000|20260828.000000
EX5:EBS03|2015-05-01|0.413718|0.464587|1.098232|0.890506|1.428708|6.996871|6.000000|0.570755|0.624011|0.689028|1.212869|0.313927|0.434425|0.406838|1.170714|1.172375|0.000000|0.480317|0.351385|0.102537|0.461525|1.050825|1.188268|0.000000|75.000000|0.539603|0.404538|15.000000|0.480824|0.800000|-0.334766|10.000000|0.000000|2.458148|0.471147|0.471147|1.000000|0.414901|20250407.000000|20250407.000000|20200529.000000|20151225.000000|20160513.000000|20260828.000000
EX5:EBS03|2015-11-01|0.427713|0.461480|1.107666|0.926829|1.494763|6.915411|7.000000|0.574009|0.627579|0.694217|1.219160|0.337294|0.424418|0.406771|1.074816|1.120129|0.000000|0.441821|0.397850|0.229397|0.461480|0.976456|1.100179|0.000000|69.000000|0.517589|0.515037|9.000000|0.480104|0.800000|-0.321943|10.000000|0.000000|2.460897|0.471738|0.471737|1.000000|0.429080|20200203.000000|20200203.000000|20230131.000000|20200114.000000|20200323.000000|20260828.000000
EX5:EBS03|2016-05-01|0.546959|0.461938|1.341455|1.184054|1.502984|7.468062|7.000000|0.580394|0.629464|0.692560|1.220807|0.347150|0.470718|0.405722|1.210555|1.211428|0.000000|0.506468|0.454323|0.281555|0.461938|1.098320|1.203908|0.000000|63.000000|0.541224|0.541465|3.000000|0.527730|0.888889|-0.230568|9.000000|0.000000|2.458545|0.471232|0.471232|1.000000|0.549065|20250407.000000|20250407.000000|20230131.000000|20200114.000000|20200323.000000|20260828.000000
