#METRIC|m2|年化,最大回撤,Sharpe,Calmar,平均仓位,年均换手,持仓数中位,单票权重中位,单票权重P90,单票权重最大,前三权重中位,单票超60%天数占比,滚动3年年化中位,滚动3年回撤中位,滚动3年Calmar中位,滚动3年Sharpe中位,滚动3年为负的窗口占比,滚动5年年化中位,滚动5年年化P25,滚动5年年化最差,滚动5年回撤中位,滚动5年Calmar中位,滚动5年Sharpe中位,滚动5年为负的窗口占比,滚动5年窗口数,互不重叠5年块中位,滚动10年年化中位,滚动10年窗口数,逐年收益中位,逐年为正比例,逐年最差,完整自然年数,强平次数,最低担保比例,最低股票同跌缓冲,最低总资产冲击缓冲,rf覆盖率,年化_交易日口径,最低担保比例日,最低股票同跌缓冲日,滚动5年年化最差窗口末日,最大回撤起日,最大回撤止日,末次净值日
BASE|2009-11-01|0.313671|0.693960|0.753637|0.452001|1.620187|6.513478|6.000000|0.659951|0.999036|1.240627|1.427959|0.809630|0.345258|0.437173|0.826074|0.818675|0.072727|0.354410|0.200820|-0.043392|0.465111|0.761280|0.789551|0.042553|141.000000|0.461252|0.332922|81.000000|0.355592|0.750000|-0.277082|16.000000|0.000000|1.828535|0.289048|0.289048|0.984589|0.314964|20150824.000000|20150824.000000|20160229.000000|20150612.000000|20160616.000000|20260828.000000
BASE|2010-05-01|0.384892|0.663979|0.872536|0.579674|1.643964|6.919292|6.000000|0.661598|0.961168|1.241596|1.463840|0.774053|0.426251|0.431696|0.891936|0.921144|0.056604|0.436319|0.337015|-0.017465|0.451436|0.863560|0.943248|0.014815|135.000000|0.594415|0.421321|75.000000|0.387716|0.800000|-0.276843|15.000000|0.000000|1.742886|0.254111|0.254111|1.000000|0.386654|20150825.000000|20150825.000000|20160229.000000|20150609.000000|20160201.000000|20260828.000000
BASE|2010-11-01|0.323747|0.707306|0.772943|0.457718|1.612029|7.044267|6.000000|0.658376|0.925824|1.145085|1.401492|0.805978|0.369479|0.424419|0.905609|0.885043|0.084967|0.385978|0.209395|-0.061089|0.437072|0.917513|0.841897|0.069767|129.000000|0.462464|0.332224|69.000000|0.281902|0.800000|-0.316190|15.000000|0.000000|1.826051|0.288081|0.288081|1.000000|0.324961|20150825.000000|20150825.000000|20160630.000000|20150609.000000|20160616.000000|20260828.000000
BASE|2011-05-01|0.315362|0.702332|0.755310|0.449022|1.596396|6.706993|6.000000|0.662919|0.927899|1.126171|1.417640|0.806568|0.368996|0.441103|0.849744|0.849565|0.040816|0.391513|0.238177|-0.040188|0.452362|0.885366|0.857344|0.024390|123.000000|0.456260|0.336163|63.000000|0.360859|0.785714|-0.310331|14.000000|0.000000|1.712320|0.240796|0.240796|1.000000|0.316556|20150825.000000|20150825.000000|20160531.000000|20150609.000000|20160616.000000|20260828.000000
BASE|2011-11-01|0.359292|0.745172|0.821145|0.482160|1.640904|7.166607|7.000000|0.672308|1.011866|1.277698|1.430877|0.816775|0.388846|0.425505|0.968899|0.894870|0.042553|0.411019|0.249519|0.027506|0.433137|0.961479|0.889535|0.000000|117.000000|0.586368|0.339389|57.000000|0.386813|0.857143|-0.357911|14.000000|0.000000|1.859362|0.300836|0.300836|1.000000|0.360885|20150824.000000|20150824.000000|20161230.000000|20150609.000000|20160203.000000|20260828.000000
BASE|2012-05-01|0.363126|0.695070|0.829275|0.522431|1.655222|7.017899|6.000000|0.669655|0.896753|1.074116|1.457155|0.838320|0.406200|0.432282|0.863031|0.891631|0.029630|0.420243|0.341324|0.122458|0.463296|0.847484|0.884850|0.000000|111.000000|0.564410|0.392379|51.000000|0.368963|0.769231|-0.266259|13.000000|0.000000|1.710115|0.239817|0.239817|1.000000|0.364399|20150825.000000|20150825.000000|20170531.000000|20150609.000000|20160201.000000|20260828.000000
BASE|2012-11-01|0.460040|0.689124|0.955280|0.667571|1.694866|6.666922|6.000000|0.633093|0.877550|1.091374|1.480526|0.687909|0.524884|0.542830|1.076449|1.067008|0.015504|0.561728|0.398516|0.152549|0.542830|1.056312|1.066691|0.000000|105.000000|0.634630|0.473194|45.000000|0.377345|0.769231|-0.156592|13.000000|0.000000|1.729113|0.248170|0.248170|1.000000|0.462220|20150825.000000|20150825.000000|20200430.000000|20150609.000000|20160201.000000|20260828.000000
BASE|2013-05-01|0.470772|0.653723|0.971692|0.720140|1.685289|6.769186|7.000000|0.640924|0.794878|0.982195|1.441665|0.796976|0.508549|0.490601|1.120890|1.019260|0.016260|0.541909|0.437772|0.210076|0.510068|1.064405|1.049548|0.000000|99.000000|0.670713|0.475025|39.000000|0.422273|0.833333|-0.162553|12.000000|0.000000|1.707217|0.238527|0.238527|1.000000|0.472289|20150825.000000|20150825.000000|20200430.000000|20150612.000000|20160201.000000|20260828.000000
BASE|2013-11-01|0.453076|0.669472|0.956104|0.676765|1.670013|7.180484|7.000000|0.625618|0.842702|1.035315|1.437466|0.711538|0.489815|0.435420|1.127481|1.020146|0.008547|0.507200|0.369368|0.118071|0.449613|1.130357|1.025595|0.000000|93.000000|0.633773|0.428131|33.000000|0.384122|0.750000|-0.218313|12.000000|0.000000|1.896537|0.314540|0.314540|1.000000|0.454365|20200323.000000|20200323.000000|20181228.000000|20150612.000000|20160616.000000|20260828.000000
BASE|2014-05-01|0.460151|0.747492|0.964667|0.615593|1.670236|7.409002|6.000000|0.655705|1.063330|1.327542|1.475337|0.807205|0.480209|0.438099|1.093275|1.000993|0.027027|0.516876|0.422520|0.112204|0.439601|1.175786|1.026598|0.000000|87.000000|0.595752|0.423603|27.000000|0.436114|0.727273|-0.336172|11.000000|0.000000|1.879052|0.308162|0.308162|1.000000|0.461225|20200323.000000|20200323.000000|20200430.000000|20150609.000000|20160616.000000|20260828.000000
BASE|2014-11-01|0.479176|0.819996|0.988287|0.584364|1.627233|7.531097|7.000000|0.624030|0.738396|0.997798|1.446982|0.660589|0.589668|0.437579|1.264255|1.150285|0.028571|0.624475|0.527735|0.026504|0.559644|1.122903|1.169589|0.000000|81.000000|0.658605|0.508223|21.000000|0.470246|0.727273|-0.428941|11.000000|0.000000|1.795592|0.276005|0.276005|1.000000|0.480635|20200323.000000|20200323.000000|20200430.000000|20150609.000000|20160613.000000|20260828.000000
BASE|2015-05-01|0.480776|0.622013|1.035162|0.772936|1.591968|7.010411|7.000000|0.638292|0.740571|0.951859|1.458566|0.738903|0.608968|0.439527|1.291434|1.184431|0.000000|0.631227|0.564223|0.186105|0.577286|1.127102|1.170456|0.000000|75.000000|0.664195|0.561550|15.000000|0.474455|0.800000|-0.146421|10.000000|0.000000|2.000200|0.350065|0.350065|1.000000|0.482182|20200319.000000|20200319.000000|20200529.000000|20150609.000000|20160518.000000|20260828.000000
BASE|2015-11-01|0.616760|0.574713|1.211256|1.073162|1.648410|7.073630|7.000000|0.644984|0.745609|0.944390|1.474112|0.787614|0.649139|0.441470|1.312567|1.191715|0.000000|0.660862|0.578078|0.464053|0.574713|1.170488|1.201198|0.000000|69.000000|0.734709|0.739714|9.000000|0.585015|0.800000|-0.156067|10.000000|0.000000|2.052453|0.366612|0.366612|1.000000|0.618849|20200319.000000|20200319.000000|20201130.000000|20200114.000000|20200323.000000|20260828.000000
BASE|2016-05-01|0.650141|0.549885|1.281797|1.182322|1.670079|6.026931|6.000000|0.624818|0.740490|0.967177|1.463796|0.701475|0.634954|0.439713|1.334827|1.193221|0.000000|0.639115|0.583057|0.477797|0.549885|1.197286|1.199705|0.000000|63.000000|0.646660|0.649171|3.000000|0.494125|0.888889|-0.150877|9.000000|0.000000|1.974873|0.341730|0.341730|1.000000|0.652720|20200323.000000|20200323.000000|20230131.000000|20200114.000000|20200323.000000|20260828.000000
B2ALL|2009-11-01|0.332901|0.692822|0.785390|0.480500|1.615159|8.944727|6.000000|0.674192|0.977399|1.134937|1.502599|0.859022|0.338446|0.459870|0.831032|0.806654|0.090909|0.375567|0.206093|-0.051122|0.459870|0.748458|0.811049|0.049645|141.000000|0.516581|0.348293|81.000000|0.309878|0.750000|-0.270380|16.000000|0.000000|1.867691|0.303953|0.303953|0.984589|0.334282|20150825.000000|20150825.000000|20160229.000000|20150612.000000|20160616.000000|20260828.000000
B2ALL|2010-05-01|0.355194|0.665666|0.818610|0.533591|1.643288|8.940785|6.000000|0.656517|0.934158|1.134229|1.476801|0.801945|0.348324|0.461530|0.819266|0.822248|0.081761|0.391109|0.219141|-0.045282|0.461530|0.887130|0.882241|0.044444|135.000000|0.503638|0.359832|75.000000|0.356501|0.733333|-0.270628|15.000000|0.000000|1.944381|0.331407|0.331407|1.000000|0.356804|20200323.000000|20200323.000000|20160229.000000|20150612.000000|20160616.000000|20260828.000000
B2ALL|2010-11-01|0.353061|0.715420|0.812267|0.493502|1.609919|7.355221|6.000000|0.680108|0.922513|1.185843|1.459587|0.804661|0.386278|0.458796|0.909756|0.878778|0.071895|0.464122|0.246005|-0.058080|0.459230|1.010654|0.967541|0.069767|129.000000|0.608405|0.399835|69.000000|0.321862|0.733333|-0.281468|15.000000|0.000000|1.851043|0.297693|0.297693|1.000000|0.354399|20200323.000000|20200323.000000|20160229.000000|20150609.000000|20160215.000000|20260828.000000
B2ALL|2011-05-01|0.293639|0.686859|0.730858|0.427509|1.586599|5.657793|7.000000|0.651620|0.901077|1.091818|1.478094|0.785694|0.342315|0.432329|0.793511|0.856386|0.034014|0.428738|0.256028|-0.036035|0.446907|0.962591|0.919661|0.024390|123.000000|0.482682|0.370313|63.000000|0.315328|0.714286|-0.208090|14.000000|0.000000|1.890859|0.312482|0.312482|1.000000|0.294741|20150825.000000|20150825.000000|20160630.000000|20150612.000000|20160616.000000|20260828.000000
B2ALL|2011-11-01|0.376477|0.707011|0.849879|0.532490|1.636483|8.790656|6.000000|0.647952|0.926226|1.174564|1.473208|0.763299|0.407901|0.458311|0.940661|0.928205|0.021277|0.469455|0.272709|0.040807|0.458311|1.024316|0.963267|0.000000|117.000000|0.610415|0.367582|57.000000|0.339446|0.714286|-0.223066|14.000000|0.000000|1.929291|0.326177|0.326177|1.000000|0.378155|20200323.000000|20200323.000000|20161230.000000|20150609.000000|20160616.000000|20260828.000000
B2ALL|2012-05-01|0.419611|0.681753|0.911796|0.615488|1.660205|7.768042|6.000000|0.640708|0.883353|1.061008|1.465732|0.724396|0.478424|0.459673|1.101263|0.999781|0.014815|0.506422|0.408762|0.143096|0.459673|1.101700|1.034048|0.000000|111.000000|0.651907|0.465510|51.000000|0.358993|0.769231|-0.180705|13.000000|0.000000|1.801030|0.278191|0.278191|1.000000|0.421110|20150825.000000|20150825.000000|20170531.000000|20150609.000000|20160201.000000|20260828.000000
B2ALL|2012-11-01|0.488562|0.682065|0.999273|0.716298|1.687271|6.971645|6.000000|0.635011|0.868239|1.052203|1.430212|0.716498|0.510838|0.462610|1.133051|1.037048|0.015504|0.566476|0.418290|0.214530|0.462610|1.225245|1.074997|0.000000|105.000000|0.684654|0.486695|45.000000|0.378477|0.769231|-0.194278|13.000000|0.000000|1.801284|0.278292|0.278292|1.000000|0.490899|20150825.000000|20150825.000000|20200630.000000|20150609.000000|20160201.000000|20260828.000000
B2ALL|2013-05-01|0.413045|0.667408|0.901411|0.618879|1.660784|7.414200|7.000000|0.636040|0.822638|1.018788|1.438263|0.724776|0.434246|0.436733|0.989616|0.958218|0.024390|0.466858|0.320545|0.126745|0.456907|1.022756|0.961198|0.000000|99.000000|0.607372|0.392559|39.000000|0.380580|0.750000|-0.185518|12.000000|0.000000|1.878932|0.308117|0.308117|1.000000|0.414351|20150825.000000|20150825.000000|20200630.000000|20150612.000000|20160616.000000|20260828.000000
B2ALL|2013-11-01|0.429624|0.650504|0.922090|0.660448|1.673754|8.144934|7.000000|0.631551|0.822499|1.005190|1.425240|0.759936|0.472418|0.437045|1.085730|0.990712|0.008547|0.489711|0.375413|0.124011|0.437922|1.118811|0.997643|0.000000|93.000000|0.592112|0.419249|33.000000|0.322872|0.750000|-0.184015|12.000000|0.000000|1.841945|0.294224|0.294224|1.000000|0.430838|20150825.000000|20150825.000000|20181228.000000|20150615.000000|20160616.000000|20260828.000000
B2ALL|2014-05-01|0.501304|0.671560|1.023891|0.746477|1.677212|6.901558|7.000000|0.645656|0.846243|1.022770|1.439557|0.811875|0.496798|0.437584|1.133447|1.051993|0.000000|0.534600|0.459417|0.179378|0.451402|1.184312|1.045504|0.000000|87.000000|0.621742|0.452958|27.000000|0.354641|0.727273|-0.200810|11.000000|0.000000|1.879867|0.308462|0.308462|1.000000|0.502489|20150825.000000|20150825.000000|20200630.000000|20150612.000000|20160215.000000|20260828.000000
B2ALL|2014-11-01|0.530978|0.715563|1.063216|0.742042|1.648447|7.414887|7.000000|0.629928|0.725991|0.867954|1.441538|0.743304|0.495793|0.454517|1.138011|1.035236|0.000000|0.520728|0.454958|0.210510|0.455513|1.143169|1.045805|0.000000|81.000000|0.655215|0.497214|21.000000|0.353926|0.727273|-0.209923|11.000000|0.000000|1.926262|0.325118|0.325118|1.000000|0.532621|20200323.000000|20200323.000000|20200630.000000|20150609.000000|20160128.000000|20260828.000000
B2ALL|2015-05-01|0.499836|0.606817|1.044005|0.823701|1.604015|8.611540|7.000000|0.650345|0.747540|0.859983|1.476328|0.802912|0.594255|0.446838|1.371379|1.137269|0.000000|0.614158|0.547150|0.224282|0.456458|1.374453|1.143699|0.000000|75.000000|0.675604|0.536586|15.000000|0.411128|0.800000|-0.160844|10.000000|0.000000|1.919329|0.322680|0.322680|1.000000|0.501306|20200323.000000|20200323.000000|20200529.000000|20150609.000000|20160518.000000|20260828.000000
B2ALL|2015-11-01|0.581224|0.580125|1.155299|1.001896|1.659391|9.112710|7.000000|0.644748|0.766520|1.022038|1.473385|0.797492|0.625725|0.442563|1.341426|1.188377|0.000000|0.636017|0.580833|0.465911|0.580125|1.146192|1.188951|0.000000|69.000000|0.698505|0.709974|9.000000|0.431276|0.800000|-0.159583|10.000000|0.000000|1.949647|0.333213|0.333213|1.000000|0.583173|20200323.000000|20200323.000000|20201130.000000|20200114.000000|20200323.000000|20260828.000000
B2ALL|2016-05-01|0.622315|0.437103|1.241400|1.423728|1.669016|9.026833|7.000000|0.628548|0.726533|0.879244|1.455285|0.762057|0.519501|0.434391|1.238342|1.057549|0.000000|0.514434|0.465029|0.370623|0.437103|1.176918|1.042527|0.000000|63.000000|0.620721|0.624020|3.000000|0.574014|0.888889|-0.161372|9.000000|0.000000|1.869613|0.304669|0.304669|1.000000|0.624764|20200323.000000|20200323.000000|20230131.000000|20200102.000000|20200323.000000|20260828.000000
MAXBOTH|2009-11-01|0.344327|0.663882|0.806928|0.518657|1.613266|8.082013|6.000000|0.655140|0.928857|1.130923|1.466318|0.847853|0.344783|0.441854|0.859723|0.830854|0.084848|0.376511|0.209809|-0.038040|0.441854|0.746753|0.817044|0.042553|141.000000|0.510936|0.358275|81.000000|0.323377|0.750000|-0.274670|16.000000|0.000000|1.921780|0.323544|0.323544|0.984589|0.345762|20150825.000000|20150825.000000|20160630.000000|20150612.000000|20160616.000000|20260828.000000
MAXBOTH|2010-05-01|0.394066|0.706312|0.878744|0.557920|1.641166|7.521827|6.000000|0.657794|1.011247|1.196110|1.493626|0.834442|0.400892|0.454751|0.966107|0.925988|0.075472|0.462010|0.269014|-0.049975|0.454751|1.027212|0.930540|0.051852|135.000000|0.621647|0.402899|75.000000|0.351615|0.733333|-0.278020|15.000000|0.000000|1.863197|0.302274|0.302274|1.000000|0.395876|20200323.000000|20200323.000000|20160229.000000|20150612.000000|20160201.000000|20260828.000000
MAXBOTH|2010-11-01|0.290540|0.690495|0.725018|0.420771|1.609651|7.396930|6.000000|0.672040|0.904588|1.109693|1.469521|0.791307|0.327416|0.433198|0.775819|0.808561|0.071895|0.356990|0.229052|-0.049856|0.433198|0.824082|0.805188|0.054264|129.000000|0.452955|0.321930|69.000000|0.169466|0.733333|-0.282465|15.000000|0.000000|1.892867|0.313211|0.313211|1.000000|0.291616|20150825.000000|20150825.000000|20160630.000000|20150612.000000|20160616.000000|20260828.000000
MAXBOTH|2011-05-01|0.329383|0.692365|0.785076|0.475735|1.580170|7.337183|6.000000|0.660498|0.900264|1.121306|1.462387|0.827721|0.326831|0.435257|0.745259|0.777665|0.034014|0.365489|0.246491|-0.035441|0.441144|0.828502|0.831776|0.024390|123.000000|0.422702|0.319135|63.000000|0.312076|0.714286|-0.195413|14.000000|0.000000|1.894906|0.313950|0.313950|1.000000|0.330636|20150825.000000|20150825.000000|20160630.000000|20150612.000000|20160616.000000|20260828.000000
MAXBOTH|2011-11-01|0.406543|0.691006|0.902896|0.588336|1.633269|6.924782|6.000000|0.654878|0.881133|1.094273|1.451950|0.809738|0.454433|0.444456|1.060360|0.985106|0.014184|0.538064|0.318976|0.065360|0.444456|1.219897|1.047576|0.000000|117.000000|0.642208|0.424878|57.000000|0.372320|0.785714|-0.226357|14.000000|0.000000|1.870656|0.305057|0.305057|1.000000|0.408375|20200323.000000|20200323.000000|20161230.000000|20150609.000000|20160128.000000|20260828.000000
MAXBOTH|2012-05-01|0.373243|0.713087|0.843892|0.523418|1.651553|6.772820|6.000000|0.650598|0.931307|1.185855|1.470463|0.800058|0.400653|0.442082|0.955023|0.920952|0.022222|0.454846|0.275750|0.074050|0.442082|1.030127|0.942570|0.000000|111.000000|0.592357|0.365131|51.000000|0.329124|0.692308|-0.228801|13.000000|0.000000|1.911495|0.319904|0.319904|1.000000|0.374555|20150826.000000|20150826.000000|20200630.000000|20150609.000000|20160616.000000|20260828.000000
MAXBOTH|2012-11-01|0.428921|0.695663|0.920687|0.616564|1.680115|9.080246|6.000000|0.650882|0.895163|1.134146|1.484319|0.815068|0.441189|0.441938|1.003744|0.960571|0.023256|0.482288|0.299122|0.102300|0.441938|1.091302|0.983766|0.000000|105.000000|0.614050|0.388047|45.000000|0.329936|0.692308|-0.198756|13.000000|0.000000|1.888775|0.311723|0.311723|1.000000|0.430933|20150825.000000|20150825.000000|20200630.000000|20150612.000000|20160616.000000|20260828.000000
MAXBOTH|2013-05-01|0.355826|0.670840|0.828845|0.530418|1.672441|7.755148|7.000000|0.653081|0.820842|1.035356|1.487428|0.790497|0.369952|0.421014|0.904048|0.869772|0.024390|0.390042|0.322421|0.147800|0.497284|0.885197|0.878793|0.000000|99.000000|0.517705|0.348113|39.000000|0.367280|0.750000|-0.190674|12.000000|0.000000|1.851650|0.297924|0.297924|1.000000|0.356929|20150825.000000|20150825.000000|20181228.000000|20150612.000000|20160616.000000|20260828.000000
MAXBOTH|2013-11-01|0.417436|0.650504|0.905386|0.641712|1.674159|8.365577|7.000000|0.647026|0.809649|1.005190|1.476160|0.801923|0.437374|0.440512|0.978862|0.932699|0.008547|0.446865|0.362483|0.120448|0.447234|0.999176|0.948268|0.000000|93.000000|0.576613|0.397352|33.000000|0.305094|0.750000|-0.184814|12.000000|0.000000|1.841945|0.294224|0.294224|1.000000|0.418611|20150825.000000|20150825.000000|20181228.000000|20150615.000000|20160616.000000|20260828.000000
MAXBOTH|2014-05-01|0.523965|0.671611|1.053977|0.780162|1.676729|8.756550|7.000000|0.644450|0.824477|1.023404|1.452424|0.811875|0.525235|0.443641|1.204422|1.066258|0.000000|0.539112|0.476163|0.177640|0.449595|1.205023|1.066841|0.000000|87.000000|0.643828|0.473432|27.000000|0.357045|0.818182|-0.209874|11.000000|0.000000|1.876249|0.307128|0.307128|1.000000|0.525213|20200323.000000|20200323.000000|20200430.000000|20150612.000000|20160128.000000|20260828.000000
MAXBOTH|2014-11-01|0.521478|0.718218|1.057352|0.726072|1.648884|8.638973|6.000000|0.626612|0.722661|0.867993|1.432837|0.736348|0.491031|0.442613|1.109393|1.020452|0.000000|0.505492|0.443845|0.212959|0.452797|1.116376|1.042549|0.000000|81.000000|0.645397|0.492339|21.000000|0.370900|0.727273|-0.211910|11.000000|0.000000|1.934067|0.327841|0.327841|1.000000|0.523087|20200323.000000|20200323.000000|20200630.000000|20150609.000000|20160128.000000|20260828.000000
MAXBOTH|2015-05-01|0.503966|0.612240|1.057047|0.823151|1.604701|7.199328|6.000000|0.644150|0.741643|0.980669|1.463026|0.788885|0.603334|0.444884|1.282269|1.174812|0.000000|0.629217|0.569278|0.171637|0.562495|1.145555|1.170373|0.000000|75.000000|0.682886|0.541096|15.000000|0.456916|0.800000|-0.161399|10.000000|0.000000|1.915510|0.321330|0.321330|1.000000|0.505450|20200323.000000|20200323.000000|20200529.000000|20150609.000000|20160518.000000|20260828.000000
MAXBOTH|2015-11-01|0.516511|0.456973|1.088922|1.130287|1.659933|8.563682|7.000000|0.637106|0.725331|0.928621|1.456217|0.792553|0.512132|0.439439|1.174950|1.044803|0.000000|0.516837|0.459454|0.364152|0.449067|1.150914|1.046552|0.000000|69.000000|0.622499|0.633108|9.000000|0.442984|0.800000|-0.162209|10.000000|0.000000|1.889934|0.312145|0.312145|1.000000|0.518209|20200323.000000|20200323.000000|20250731.000000|20151225.000000|20160518.000000|20260828.000000
MAXBOTH|2016-05-01|0.628845|0.560719|1.241117|1.121498|1.667800|6.456120|7.000000|0.633091|0.726064|0.992084|1.470519|0.794340|0.591495|0.444671|1.303050|1.168848|0.000000|0.615518|0.563106|0.458211|0.560719|1.149365|1.159640|0.000000|63.000000|0.622786|0.626606|3.000000|0.637476|0.888889|-0.162491|9.000000|0.000000|1.938233|0.329286|0.329286|1.000000|0.631324|20200323.000000|20200323.000000|20230131.000000|20200114.000000|20200323.000000|20260828.000000
MAXRAW|2009-11-01|0.339281|0.663198|0.798760|0.511584|1.610776|7.362041|6.000000|0.664517|0.943317|1.172269|1.475236|0.868206|0.326326|0.439248|0.745180|0.785443|0.072727|0.366313|0.216714|-0.033838|0.439248|0.664758|0.803835|0.042553|141.000000|0.479510|0.342251|81.000000|0.318396|0.750000|-0.266886|16.000000|0.000000|1.950162|0.333389|0.333389|0.984589|0.340693|20150825.000000|20150825.000000|20160630.000000|20150612.000000|20160616.000000|20260828.000000
MAXRAW|2010-05-01|0.369625|0.663380|0.845039|0.557185|1.645631|7.263673|6.000000|0.661561|0.939102|1.136205|1.465121|0.843142|0.360929|0.435578|0.888051|0.861766|0.081761|0.410881|0.227414|-0.037822|0.435578|0.943300|0.900882|0.044444|135.000000|0.525665|0.368064|75.000000|0.329426|0.733333|-0.271410|15.000000|0.000000|1.886529|0.310904|0.310904|1.000000|0.371309|20200323.000000|20200323.000000|20160229.000000|20150612.000000|20160616.000000|20260828.000000
MAXRAW|2010-11-01|0.356942|0.715076|0.820256|0.499166|1.613714|7.406941|6.000000|0.670715|0.921039|1.183864|1.462570|0.857218|0.405496|0.457533|0.941034|0.907922|0.078431|0.471738|0.244228|-0.062761|0.457533|1.049560|0.975750|0.069767|129.000000|0.617835|0.401678|69.000000|0.282751|0.733333|-0.302936|15.000000|0.000000|1.852410|0.298211|0.298211|1.000000|0.358296|20200323.000000|20200323.000000|20160229.000000|20150609.000000|20160215.000000|20260828.000000
MAXRAW|2011-05-01|0.336088|0.689667|0.794332|0.487319|1.593871|7.418968|6.000000|0.657815|0.903719|1.102977|1.452298|0.766490|0.404171|0.438921|0.933491|0.913625|0.027211|0.431103|0.273656|-0.017967|0.446047|0.968796|0.930252|0.016260|123.000000|0.532831|0.385832|63.000000|0.311141|0.714286|-0.215499|14.000000|0.000000|1.879895|0.308472|0.308472|1.000000|0.337369|20150825.000000|20150825.000000|20160531.000000|20150609.000000|20160616.000000|20260828.000000
MAXRAW|2011-11-01|0.368159|0.683010|0.842191|0.539025|1.628716|8.872934|6.000000|0.661677|0.901060|1.086731|1.462827|0.845201|0.388839|0.439335|0.925309|0.901476|0.014184|0.453030|0.277905|0.044331|0.439335|1.031172|0.920186|0.000000|117.000000|0.593901|0.357506|57.000000|0.313750|0.714286|-0.205035|14.000000|0.000000|1.902096|0.316543|0.316543|1.000000|0.369796|20150825.000000|20150825.000000|20161230.000000|20150612.000000|20160616.000000|20260828.000000
MAXRAW|2012-05-01|0.398086|0.671597|0.878330|0.592745|1.660417|7.438842|6.000000|0.650805|0.867754|1.043867|1.469597|0.825374|0.413254|0.440704|0.975681|0.948436|0.014815|0.477987|0.311225|0.097818|0.440704|1.086507|0.971704|0.000000|111.000000|0.620839|0.390947|51.000000|0.329816|0.692308|-0.191539|13.000000|0.000000|1.792582|0.274789|0.274789|1.000000|0.399498|20150825.000000|20150825.000000|20170531.000000|20150612.000000|20160616.000000|20260828.000000
MAXRAW|2012-11-01|0.493041|0.679106|1.009159|0.726015|1.685433|9.182626|6.000000|0.642193|0.865367|1.040574|1.449233|0.778737|0.489139|0.440608|1.137742|1.020289|0.015504|0.527861|0.418482|0.203840|0.440608|1.198029|1.034906|0.000000|105.000000|0.691869|0.466541|45.000000|0.337998|0.769231|-0.179497|13.000000|0.000000|1.800872|0.278127|0.278127|1.000000|0.495403|20150825.000000|20150825.000000|20200630.000000|20150609.000000|20160201.000000|20260828.000000
MAXRAW|2013-05-01|0.404342|0.669609|0.894990|0.603848|1.659617|7.073405|6.000000|0.646305|0.835119|1.028978|1.433197|0.804073|0.437969|0.428777|1.035251|0.963509|0.024390|0.449319|0.304545|0.123255|0.436345|1.029734|0.960217|0.000000|99.000000|0.593935|0.382029|39.000000|0.381079|0.750000|-0.187941|12.000000|0.000000|1.883916|0.309948|0.309948|1.000000|0.405617|20150825.000000|20150825.000000|20200630.000000|20150612.000000|20160616.000000|20260828.000000
MAXRAW|2013-11-01|0.456476|0.623208|0.963042|0.732462|1.679076|8.524785|7.000000|0.633939|0.757732|0.921077|1.446613|0.747436|0.455644|0.445909|1.021903|0.966409|0.000000|0.463090|0.419447|0.190479|0.463101|1.023284|0.970339|0.000000|93.000000|0.605701|0.446497|33.000000|0.300295|0.833333|-0.165627|12.000000|0.000000|1.928310|0.325834|0.325834|1.000000|0.457777|20200323.000000|20200323.000000|20181228.000000|20150615.000000|20160128.000000|20260828.000000
MAXRAW|2014-05-01|0.527149|0.672623|1.057090|0.783723|1.675540|7.344953|7.000000|0.631310|0.833132|1.026799|1.422596|0.781521|0.515197|0.442687|1.225412|1.075771|0.000000|0.546184|0.480199|0.175146|0.442770|1.233561|1.073480|0.000000|87.000000|0.653194|0.469057|27.000000|0.330509|0.818182|-0.209776|11.000000|0.000000|1.872937|0.305903|0.305903|1.000000|0.528406|20200323.000000|20200323.000000|20200430.000000|20150612.000000|20160128.000000|20260828.000000
MAXRAW|2014-11-01|0.498668|0.712874|1.021539|0.699517|1.649593|8.494128|6.000000|0.629838|0.730415|0.855192|1.441760|0.758957|0.478058|0.445013|1.062529|1.003293|0.000000|0.503543|0.434241|0.189872|0.467853|1.076284|1.017511|0.000000|81.000000|0.615674|0.466973|21.000000|0.358204|0.727273|-0.208490|11.000000|0.000000|1.872383|0.305698|0.305698|1.000000|0.500196|20200323.000000|20200323.000000|20200630.000000|20150609.000000|20160128.000000|20260828.000000
MAXRAW|2015-05-01|0.468177|0.612115|1.015043|0.764851|1.611386|8.584071|7.000000|0.635427|0.732610|0.851504|1.463394|0.802686|0.526152|0.454184|1.185562|1.060734|0.000000|0.533625|0.472488|0.221901|0.459557|1.161172|1.056155|0.000000|75.000000|0.632161|0.500249|15.000000|0.405213|0.800000|-0.143050|10.000000|0.000000|1.885380|0.310484|0.310484|1.000000|0.469540|20200323.000000|20200323.000000|20200529.000000|20150605.000000|20160518.000000|20260828.000000
MAXRAW|2015-11-01|0.577878|0.452015|1.158499|1.278448|1.659878|9.124878|6.000000|0.640293|0.743184|0.940085|1.466845|0.806991|0.618291|0.440871|1.430972|1.197609|0.000000|0.631982|0.573851|0.450739|0.440876|1.433468|1.173983|0.000000|69.000000|0.695020|0.705836|9.000000|0.439994|0.800000|-0.156067|10.000000|0.000000|1.878663|0.308018|0.308018|1.000000|0.579813|20200323.000000|20200323.000000|20250731.000000|20151225.000000|20160518.000000|20260828.000000
MAXRAW|2016-05-01|0.616122|0.444877|1.231766|1.384927|1.671132|7.346697|6.000000|0.627551|0.729386|0.884459|1.444483|0.778398|0.504967|0.436988|1.194349|1.045685|0.000000|0.508417|0.459822|0.368985|0.444877|1.142826|1.035153|0.000000|63.000000|0.612129|0.613191|3.000000|0.569734|0.888889|-0.163872|9.000000|0.000000|1.855803|0.299495|0.299495|1.000000|0.618543|20200323.000000|20200323.000000|20230131.000000|20200102.000000|20200323.000000|20260828.000000
#EX5|2011-11-01|601088,002128,000933,000651,000338
EX5:BASE|2009-11-01|0.323211|0.747002|0.810373|0.432678|1.518298|6.377823|6.000000|0.622829|0.720456|0.951353|1.366326|0.664653|0.395623|0.544576|0.746949|0.897334|0.151515|0.388681|0.219117|-0.174675|0.544576|0.650737|0.878021|0.106383|141.000000|0.504277|0.349218|81.000000|0.247777|0.625000|-0.346536|16.000000|0.000000|1.680803|0.226560|0.226560|0.984589|0.324548|20200323.000000|20200323.000000|20160229.000000|20110328.000000|20140320.000000|20260828.000000
EX5:BASE|2010-05-01|0.346838|0.746047|0.845730|0.464900|1.552428|6.186945|6.000000|0.624717|0.721419|0.948088|1.377367|0.658790|0.408378|0.544113|0.819885|0.927747|0.119497|0.398709|0.317818|-0.159893|0.544113|0.690511|0.906275|0.081481|135.000000|0.493910|0.366905|75.000000|0.312532|0.666667|-0.346227|15.000000|0.000000|1.681238|0.226760|0.226760|1.000000|0.348405|20200323.000000|20200323.000000|20160229.000000|20110328.000000|20140320.000000|20260828.000000
EX5:BASE|2010-11-01|0.380720|0.607389|0.927596|0.626814|1.477373|5.868668|6.000000|0.613558|0.714445|0.966608|1.335703|0.606126|0.428115|0.459484|0.867119|0.972426|0.084967|0.414977|0.346672|-0.016833|0.545557|0.732668|0.938660|0.007752|129.000000|0.503956|0.392043|69.000000|0.321026|0.666667|-0.202368|15.000000|0.000000|1.679106|0.225779|0.225779|1.000000|0.382177|20200323.000000|20200323.000000|20160229.000000|20150615.000000|20160229.000000|20260828.000000
EX5:BASE|2011-05-01|0.400993|0.647831|0.941686|0.618978|1.527429|6.054928|7.000000|0.616400|0.712927|0.949980|1.359071|0.628790|0.425765|0.446711|0.882031|0.984930|0.040816|0.411690|0.352084|0.035113|0.545588|0.726416|0.936904|0.000000|123.000000|0.509980|0.405457|63.000000|0.364335|0.714286|-0.202480|14.000000|0.000000|1.589673|0.182222|0.182222|1.000000|0.402557|20150825.000000|20150825.000000|20160531.000000|20150615.000000|20160229.000000|20260828.000000
EX5:BASE|2011-11-01|0.429333|0.647953|0.980364|0.662598|1.575303|6.978992|7.000000|0.619761|0.712832|0.950122|1.352471|0.653050|0.450745|0.516050|1.037607|1.045321|0.000000|0.438256|0.370645|0.084642|0.545600|0.796197|1.005347|0.000000|117.000000|0.623396|0.431414|57.000000|0.401376|0.714286|-0.202459|14.000000|0.000000|1.590403|0.182597|0.182597|1.000000|0.431282|20150825.000000|20150825.000000|20161230.000000|20150615.000000|20160229.000000|20260828.000000
EX5:BASE|2012-05-01|0.448899|0.656458|1.024764|0.683820|1.600386|5.846693|7.000000|0.617827|0.706232|0.950754|1.347289|0.634843|0.432466|0.544560|0.940567|1.039117|0.000000|0.428444|0.370227|0.133451|0.544560|0.731777|0.964489|0.000000|111.000000|0.600891|0.410202|51.000000|0.444515|0.769231|-0.129949|13.000000|0.000000|1.680314|0.226335|0.226335|1.000000|0.450518|20200323.000000|20200323.000000|20200529.000000|20150615.000000|20160229.000000|20260828.000000
EX5:BASE|2012-11-01|0.497180|0.671043|1.075410|0.740906|1.641236|5.917698|7.000000|0.612950|0.714097|0.994978|1.331284|0.596486|0.452184|0.545674|1.016826|1.097213|0.007752|0.449818|0.382928|0.125621|0.545674|0.819801|1.028174|0.000000|105.000000|0.609587|0.437944|45.000000|0.462752|0.769231|-0.130043|13.000000|0.000000|1.557060|0.165093|0.165093|1.000000|0.499564|20150825.000000|20150825.000000|20200529.000000|20150615.000000|20160229.000000|20260828.000000
EX5:BASE|2013-05-01|0.437022|0.686305|0.983022|0.636775|1.625549|5.948761|7.000000|0.611569|0.729546|1.060315|1.310438|0.594878|0.408679|0.506177|0.900202|1.005264|0.000000|0.419094|0.319613|0.075892|0.531196|0.788963|0.987759|0.000000|99.000000|0.592817|0.381743|39.000000|0.457579|0.833333|-0.237957|12.000000|0.000000|1.626376|0.200677|0.200677|1.000000|0.438414|20150825.000000|20150825.000000|20200529.000000|20150615.000000|20160229.000000|20260828.000000
EX5:BASE|2013-11-01|0.481404|0.659942|1.049428|0.729463|1.627681|5.915589|7.000000|0.613910|0.711301|0.951783|1.360280|0.624679|0.445793|0.472097|0.974898|1.055954|0.000000|0.470786|0.360838|0.143689|0.546543|0.861389|1.069282|0.000000|93.000000|0.612427|0.436388|33.000000|0.396085|0.833333|-0.174884|12.000000|0.000000|1.671445|0.222230|0.222230|1.000000|0.482787|20150825.000000|20150825.000000|20200529.000000|20150615.000000|20160229.000000|20260828.000000
EX5:BASE|2014-05-01|0.514422|0.716158|1.104067|0.718307|1.610342|6.016768|8.000000|0.609873|0.748387|1.002131|1.321429|0.593062|0.432476|0.465276|1.119944|1.056012|0.000000|0.458432|0.349583|0.075129|0.545385|0.842000|1.066401|0.000000|87.000000|0.601346|0.428146|27.000000|0.444501|0.727273|-0.247844|11.000000|0.000000|1.679333|0.225883|0.225883|1.000000|0.515643|20200323.000000|20200323.000000|20200529.000000|20150615.000000|20160229.000000|20260828.000000
EX5:BASE|2014-11-01|0.494898|0.743455|1.066162|0.665673|1.602770|6.378887|7.000000|0.614217|0.706071|0.950148|1.316273|0.613217|0.462102|0.357899|1.310680|1.140100|0.000000|0.478840|0.374428|0.058450|0.545545|0.877728|1.084905|0.000000|81.000000|0.603864|0.474726|21.000000|0.481892|0.727273|-0.315999|11.000000|0.000000|1.521648|0.145663|0.145663|1.000000|0.496412|20150825.000000|20150825.000000|20200529.000000|20150615.000000|20160128.000000|20260828.000000
EX5:BASE|2015-05-01|0.459130|0.564354|1.124997|0.813550|1.508081|5.998019|7.000000|0.604105|0.692944|0.818276|1.338182|0.535472|0.446562|0.320577|1.508314|1.090102|0.000000|0.482739|0.349240|0.122725|0.474254|1.017891|1.110883|0.000000|75.000000|0.607898|0.449823|15.000000|0.484007|0.800000|-0.272405|10.000000|0.000000|1.785690|0.271990|0.271990|1.000000|0.460464|20200323.000000|20200323.000000|20200529.000000|20150615.000000|20160613.000000|20260828.000000
EX5:BASE|2015-11-01|0.477669|0.478839|1.164295|0.997555|1.567354|5.936524|7.000000|0.603741|0.693867|0.803670|1.331754|0.540437|0.399232|0.320714|1.450706|1.113493|0.000000|0.440863|0.362350|0.213095|0.474550|0.940336|1.065645|0.000000|69.000000|0.573013|0.569529|9.000000|0.427481|0.800000|-0.267057|10.000000|0.000000|1.784613|0.271551|0.271551|1.000000|0.479220|20200323.000000|20200323.000000|20230131.000000|20151225.000000|20160613.000000|20260828.000000
EX5:BASE|2016-05-01|0.622485|0.474701|1.404678|1.311320|1.591794|5.940075|7.000000|0.603761|0.694616|0.826776|1.354213|0.532483|0.468000|0.320116|1.548988|1.211854|0.000000|0.502381|0.429232|0.269597|0.474701|1.079670|1.151692|0.000000|63.000000|0.614575|0.616504|3.000000|0.544806|0.888889|-0.076812|9.000000|0.000000|1.784219|0.271390|0.271390|1.000000|0.624935|20200323.000000|20200323.000000|20230131.000000|20200114.000000|20200323.000000|20260828.000000
EX5:B2ALL|2009-11-01|0.350811|0.627129|0.885723|0.559392|1.459372|6.461784|6.000000|0.617536|0.709027|0.886298|1.285295|0.651774|0.412703|0.537251|0.890228|0.983215|0.145455|0.435692|0.247690|-0.077344|0.537251|0.765524|0.963150|0.035461|141.000000|0.612273|0.406221|81.000000|0.319408|0.625000|-0.189618|16.000000|0.000000|1.691087|0.231264|0.231264|0.984589|0.352276|20200323.000000|20200323.000000|20160229.000000|20150615.000000|20160229.000000|20260828.000000
EX5:B2ALL|2010-05-01|0.376915|0.632607|0.921618|0.595813|1.489005|6.468695|6.000000|0.618324|0.742428|0.934823|1.307967|0.657798|0.430456|0.540754|0.951272|1.030631|0.113208|0.467421|0.375662|-0.077996|0.540754|0.780475|0.989315|0.022222|135.000000|0.579143|0.416268|75.000000|0.348838|0.666667|-0.189848|15.000000|0.000000|1.728042|0.247704|0.247704|1.000000|0.378637|20200323.000000|20200323.000000|20160229.000000|20150615.000000|20160229.000000|20260828.000000
EX5:B2ALL|2010-11-01|0.401044|0.626859|0.969172|0.639768|1.468542|7.017169|6.000000|0.616940|0.711814|0.886448|1.354729|0.652174|0.454745|0.447326|1.025646|1.050229|0.078431|0.467965|0.374092|-0.009957|0.537257|0.839791|1.030730|0.007752|129.000000|0.636950|0.431390|69.000000|0.363233|0.733333|-0.188688|15.000000|0.000000|1.691143|0.231289|0.231289|1.000000|0.402590|20200323.000000|20200323.000000|20160229.000000|20150615.000000|20160229.000000|20260828.000000
EX5:B2ALL|2011-05-01|0.448650|0.634667|1.045706|0.706906|1.507770|6.745039|7.000000|0.613459|0.712266|0.875886|1.327930|0.621706|0.491537|0.459216|1.120079|1.121700|0.040816|0.504234|0.427963|0.056830|0.536770|0.883108|1.083344|0.000000|123.000000|0.653787|0.478410|63.000000|0.373502|0.714286|-0.188940|14.000000|0.000000|1.691510|0.231456|0.231456|1.000000|0.450427|20200323.000000|20200323.000000|20160531.000000|20150615.000000|20160229.000000|20260828.000000
EX5:B2ALL|2011-11-01|0.438928|0.634407|1.012832|0.691871|1.561770|6.993346|7.000000|0.618225|0.749688|0.939639|1.370330|0.645390|0.457444|0.514576|0.971817|1.049225|0.000000|0.462889|0.397760|0.112009|0.543192|0.791636|1.001258|0.000000|117.000000|0.624424|0.432614|57.000000|0.357662|0.714286|-0.188917|14.000000|0.000000|1.715474|0.242192|0.242192|1.000000|0.440926|20200323.000000|20200323.000000|20161230.000000|20150615.000000|20160229.000000|20260828.000000
EX5:B2ALL|2012-05-01|0.426857|0.639315|1.016222|0.667680|1.592941|6.573643|7.000000|0.611057|0.698782|0.822876|1.296438|0.610694|0.374136|0.372178|0.981021|0.939441|0.000000|0.396366|0.351170|0.210547|0.372178|0.882246|0.966168|0.000000|111.000000|0.565336|0.374993|51.000000|0.281851|0.769231|-0.133751|13.000000|0.000000|1.845582|0.295615|0.295615|1.000000|0.428386|20150825.000000|20150825.000000|20170531.000000|20150615.000000|20160229.000000|20260828.000000
EX5:B2ALL|2012-11-01|0.536158|0.627324|1.154475|0.854675|1.631776|6.958647|7.000000|0.617247|0.720868|0.955845|1.339006|0.642347|0.490354|0.552577|1.165745|1.182257|0.000000|0.503522|0.437807|0.172133|0.552577|0.894144|1.113256|0.000000|105.000000|0.656817|0.487976|45.000000|0.374081|0.846154|-0.117398|13.000000|0.000000|1.668125|0.220682|0.220682|1.000000|0.538760|20200323.000000|20200323.000000|20200529.000000|20150615.000000|20160229.000000|20260828.000000
EX5:B2ALL|2013-05-01|0.436160|0.638008|1.007815|0.683627|1.627031|6.284509|7.000000|0.614799|0.717827|0.916408|1.397540|0.606603|0.421996|0.514955|1.005488|1.042075|0.000000|0.434430|0.354265|0.104937|0.547925|0.803014|1.044784|0.000000|99.000000|0.560053|0.407343|39.000000|0.396811|0.833333|-0.201319|12.000000|0.000000|1.674781|0.223779|0.223779|1.000000|0.437549|20200323.000000|20200323.000000|20200529.000000|20150615.000000|20160229.000000|20260828.000000
EX5:B2ALL|2013-11-01|0.519059|0.635063|1.121831|0.817335|1.628894|7.000826|7.000000|0.614878|0.708401|0.886792|1.380482|0.626923|0.475530|0.445597|1.234707|1.187036|0.000000|0.542106|0.406823|0.148393|0.537370|1.016816|1.196376|0.000000|93.000000|0.650578|0.479498|33.000000|0.355668|0.833333|-0.155354|12.000000|0.000000|1.690787|0.231127|0.231127|1.000000|0.520568|20200323.000000|20200323.000000|20200529.000000|20150615.000000|20160229.000000|20260828.000000
EX5:B2ALL|2014-05-01|0.585873|0.663736|1.225637|0.882690|1.630627|7.171713|7.000000|0.611867|0.717331|0.949160|1.332299|0.609740|0.509202|0.437316|1.235377|1.181889|0.000000|0.568904|0.441694|0.131699|0.547483|1.039605|1.198855|0.000000|87.000000|0.663453|0.500429|27.000000|0.430146|0.818182|-0.151201|11.000000|0.000000|1.675717|0.224213|0.224213|1.000000|0.587294|20200323.000000|20200323.000000|20200529.000000|20150615.000000|20160229.000000|20260828.000000
EX5:B2ALL|2014-11-01|0.490101|0.769142|1.067785|0.637204|1.643670|7.028751|7.000000|0.606651|0.689931|0.955591|1.332472|0.586435|0.484862|0.371905|1.441331|1.164794|0.000000|0.514779|0.428967|0.081661|0.371905|1.412473|1.208490|0.000000|81.000000|0.617425|0.472609|21.000000|0.356062|0.727273|-0.378620|11.000000|0.000000|1.507118|0.137426|0.137426|1.000000|0.491598|20150825.000000|20150825.000000|20200529.000000|20150615.000000|20160128.000000|20260828.000000
EX5:B2ALL|2015-05-01|0.419844|0.615828|1.045582|0.681755|1.539560|6.750023|7.000000|0.608995|0.689860|0.768922|1.368581|0.583082|0.376507|0.362184|1.123783|0.981291|0.000000|0.391019|0.336600|0.186430|0.374318|1.075387|1.004473|0.000000|75.000000|0.568499|0.414520|15.000000|0.313513|0.800000|-0.262092|10.000000|0.000000|1.938185|0.329269|0.329269|1.000000|0.421048|20200323.000000|20200323.000000|20200529.000000|20150615.000000|20160613.000000|20260828.000000
EX5:B2ALL|2015-11-01|0.470440|0.474622|1.147433|0.991189|1.584713|6.850785|7.000000|0.608516|0.688968|0.768809|1.380160|0.564967|0.364967|0.362038|1.121559|0.954736|0.000000|0.391451|0.337193|0.209139|0.374252|1.089959|1.018397|0.000000|69.000000|0.569761|0.569372|9.000000|0.308792|0.800000|-0.261238|10.000000|0.000000|1.938182|0.329268|0.329268|1.000000|0.471965|20200323.000000|20200323.000000|20230131.000000|20151225.000000|20160613.000000|20260828.000000
EX5:B2ALL|2016-05-01|0.567069|0.374615|1.318386|1.513736|1.618037|6.647362|7.000000|0.608489|0.698624|0.768617|1.359717|0.570745|0.360633|0.361631|1.052460|0.935882|0.000000|0.378038|0.316540|0.217702|0.374615|1.032823|0.986166|0.000000|63.000000|0.561392|0.561730|3.000000|0.372938|0.888889|-0.081349|9.000000|0.000000|1.937557|0.329052|0.329052|1.000000|0.569265|20200323.000000|20200323.000000|20230131.000000|20200305.000000|20200323.000000|20260828.000000
EX5:MAXBOTH|2009-11-01|0.355998|0.737408|0.870957|0.482769|1.516808|6.826316|6.000000|0.622941|0.741245|0.935312|1.380625|0.684078|0.412910|0.541011|0.967051|1.036978|0.151515|0.461178|0.311278|-0.146280|0.541011|0.788910|0.995452|0.085106|141.000000|0.591406|0.425898|81.000000|0.326313|0.750000|-0.344493|16.000000|0.000000|1.726808|0.247166|0.247166|0.984589|0.357487|20200323.000000|20200323.000000|20160229.000000|20110328.000000|20121115.000000|20260828.000000
EX5:MAXBOTH|2010-05-01|0.377779|0.737415|0.900859|0.512302|1.545817|6.615761|6.500000|0.623243|0.750712|0.953857|1.383023|0.680895|0.435248|0.552291|0.953207|1.049147|0.119497|0.471200|0.386528|-0.150538|0.552291|0.755077|0.985953|0.066667|135.000000|0.589063|0.424993|75.000000|0.361253|0.733333|-0.344357|15.000000|0.000000|1.668888|0.221038|0.221038|1.000000|0.379505|20200323.000000|20200323.000000|20160229.000000|20110328.000000|20121115.000000|20260828.000000
EX5:MAXBOTH|2010-11-01|0.380372|0.628159|0.934168|0.605535|1.465408|6.313123|7.000000|0.613904|0.714109|0.955047|1.335895|0.623358|0.423312|0.444152|0.939118|1.017797|0.078431|0.443376|0.374156|-0.012212|0.552397|0.749455|0.980381|0.007752|129.000000|0.586475|0.410807|69.000000|0.348878|0.666667|-0.184566|15.000000|0.000000|1.668570|0.220890|0.220890|1.000000|0.381827|20200323.000000|20200323.000000|20160229.000000|20150615.000000|20160229.000000|20260828.000000
EX5:MAXBOTH|2011-05-01|0.426989|0.631056|1.003921|0.676627|1.508666|6.585702|7.000000|0.617079|0.713602|0.955629|1.369918|0.640909|0.459042|0.454316|1.002651|1.066528|0.040816|0.481847|0.408514|0.066792|0.552532|0.794419|1.023593|0.000000|123.000000|0.592712|0.443927|63.000000|0.363622|0.785714|-0.184531|14.000000|0.000000|1.668252|0.220741|0.220741|1.000000|0.428669|20200323.000000|20200323.000000|20160531.000000|20150615.000000|20160229.000000|20260828.000000
EX5:MAXBOTH|2011-11-01|0.418045|0.627181|0.986079|0.666545|1.556843|6.280334|7.000000|0.614963|0.713864|0.955265|1.345011|0.633959|0.434515|0.522497|1.015043|1.070131|0.000000|0.457830|0.398548|0.100620|0.552435|0.790877|1.008045|0.000000|117.000000|0.599508|0.431913|57.000000|0.368267|0.785714|-0.184725|14.000000|0.000000|1.668571|0.220890|0.220890|1.000000|0.419935|20200323.000000|20200323.000000|20161230.000000|20150615.000000|20160229.000000|20260828.000000
EX5:MAXBOTH|2012-05-01|0.493522|0.645468|1.104527|0.764596|1.593564|6.914086|7.000000|0.610036|0.705881|0.886831|1.350415|0.610037|0.491172|0.537316|1.132508|1.134569|0.000000|0.498777|0.446912|0.182734|0.537316|0.892323|1.084027|0.000000|111.000000|0.650114|0.478151|51.000000|0.385589|0.769231|-0.081859|13.000000|0.000000|1.690873|0.231167|0.231167|1.000000|0.495328|20200323.000000|20200323.000000|20200529.000000|20150615.000000|20160229.000000|20260828.000000
EX5:MAXBOTH|2012-11-01|0.506483|0.627198|1.111110|0.807533|1.630761|6.595015|7.000000|0.617593|0.723896|0.955326|1.347781|0.646516|0.462957|0.552476|0.982541|1.075776|0.000000|0.468732|0.402534|0.176180|0.552476|0.806658|1.024475|0.000000|105.000000|0.613255|0.449972|45.000000|0.361818|0.769231|-0.118929|13.000000|0.000000|1.668307|0.220767|0.220767|1.000000|0.508919|20200323.000000|20200323.000000|20200529.000000|20150615.000000|20160229.000000|20260828.000000
EX5:MAXBOTH|2013-05-01|0.490615|0.647513|1.103494|0.757692|1.600102|6.404800|7.000000|0.614854|0.715698|0.954656|1.337217|0.639617|0.492312|0.522432|1.223197|1.221724|0.000000|0.521453|0.405103|0.151685|0.552357|0.994425|1.187460|0.000000|99.000000|0.649020|0.473687|39.000000|0.431723|0.833333|-0.233028|12.000000|0.000000|1.668679|0.220941|0.220941|1.000000|0.492206|20200323.000000|20200323.000000|20200529.000000|20150615.000000|20160526.000000|20260828.000000
EX5:MAXBOTH|2013-11-01|0.494388|0.635063|1.083920|0.778486|1.620476|6.426759|7.000000|0.615970|0.710343|0.954168|1.387929|0.625641|0.466858|0.445597|1.050714|1.115092|0.000000|0.483645|0.406267|0.177061|0.552264|0.894900|1.134016|0.000000|93.000000|0.613400|0.463030|33.000000|0.361909|0.833333|-0.143777|12.000000|0.000000|1.668962|0.221073|0.221073|1.000000|0.495814|20200323.000000|20200323.000000|20200529.000000|20150615.000000|20160229.000000|20260828.000000
EX5:MAXBOTH|2014-05-01|0.558826|0.660907|1.200381|0.845545|1.616821|6.448647|7.000000|0.610852|0.709677|0.955571|1.344807|0.595730|0.503107|0.436227|1.113807|1.130905|0.000000|0.501564|0.417078|0.152396|0.552496|0.912681|1.164175|0.000000|87.000000|0.617408|0.485800|27.000000|0.368627|0.818182|-0.143478|11.000000|0.000000|1.668337|0.220781|0.220781|1.000000|0.560170|20200323.000000|20200323.000000|20200529.000000|20150615.000000|20160229.000000|20260828.000000
EX5:MAXBOTH|2014-11-01|0.536008|0.773625|1.130488|0.692852|1.621229|6.946744|7.000000|0.608929|0.705051|0.970736|1.287615|0.600000|0.540218|0.369135|1.441437|1.281425|0.000000|0.579400|0.477012|0.056249|0.537636|1.088119|1.290971|0.000000|81.000000|0.683375|0.527076|21.000000|0.399566|0.727273|-0.382031|11.000000|0.000000|1.495650|0.130813|0.130813|1.000000|0.537669|20150825.000000|20150825.000000|20200529.000000|20150615.000000|20160128.000000|20260828.000000
EX5:MAXBOTH|2015-05-01|0.467769|0.626549|1.126876|0.746581|1.528878|6.800233|7.000000|0.610164|0.710462|0.808343|1.334986|0.592830|0.483173|0.367661|1.361983|1.168774|0.000000|0.528923|0.398352|0.099131|0.466773|1.137311|1.191581|0.000000|75.000000|0.629565|0.471359|15.000000|0.523833|0.800000|-0.282100|10.000000|0.000000|1.796671|0.276440|0.276440|1.000000|0.469132|20200323.000000|20200323.000000|20200529.000000|20150615.000000|20160613.000000|20260828.000000
EX5:MAXBOTH|2015-11-01|0.490625|0.470571|1.170642|1.042615|1.583446|6.738216|7.000000|0.605108|0.690999|0.762852|1.355624|0.532005|0.409947|0.367716|1.220504|1.045715|0.000000|0.431141|0.375711|0.250599|0.376174|1.199265|1.073541|0.000000|69.000000|0.588583|0.591026|9.000000|0.379456|0.800000|-0.255308|10.000000|0.000000|1.934960|0.328151|0.328151|1.000000|0.492225|20200323.000000|20200323.000000|20230131.000000|20151225.000000|20160613.000000|20260828.000000
EX5:MAXBOTH|2016-05-01|0.576100|0.375959|1.337081|1.532349|1.620050|6.262514|7.000000|0.600625|0.691993|0.759797|1.355041|0.506178|0.406546|0.367485|1.230498|1.050239|0.000000|0.418620|0.360593|0.253799|0.375959|1.168388|1.052721|0.000000|63.000000|0.567706|0.570048|3.000000|0.407090|0.888889|-0.087002|9.000000|0.000000|1.935109|0.328203|0.328203|1.000000|0.578337|20200323.000000|20200323.000000|20230131.000000|20200305.000000|20200323.000000|20260828.000000
EX5:MAXRAW|2009-11-01|0.296895|0.747407|0.773568|0.397234|1.513970|6.633565|6.000000|0.621817|0.722842|0.910668|1.359322|0.676826|0.360383|0.452056|0.803403|0.910219|0.151515|0.381521|0.210285|-0.161580|0.452056|0.718944|0.878937|0.120567|141.000000|0.508782|0.349803|81.000000|0.329331|0.625000|-0.343937|16.000000|0.000000|1.817747|0.284829|0.284829|0.984589|0.298111|20200323.000000|20200323.000000|20160229.000000|20110328.000000|20121115.000000|20260828.000000
EX5:MAXRAW|2010-05-01|0.347529|0.752213|0.852553|0.462009|1.541781|6.908596|7.000000|0.624942|0.765337|0.954051|1.363510|0.686152|0.391842|0.552208|0.894668|0.987517|0.119497|0.422400|0.330102|-0.179621|0.552208|0.716680|0.953770|0.088889|135.000000|0.592072|0.387530|75.000000|0.355276|0.666667|-0.343995|15.000000|0.000000|1.669247|0.221206|0.221206|1.000000|0.349100|20200323.000000|20200323.000000|20160229.000000|20110328.000000|20140320.000000|20260828.000000
EX5:MAXRAW|2010-11-01|0.363091|0.627172|0.902311|0.578933|1.470441|6.553969|6.000000|0.614935|0.719855|0.875809|1.348567|0.640249|0.396485|0.476791|0.870610|0.960079|0.084967|0.417881|0.340938|-0.026808|0.536673|0.720243|0.934649|0.023256|129.000000|0.574016|0.388913|69.000000|0.282170|0.666667|-0.227885|15.000000|0.000000|1.691891|0.231629|0.231629|1.000000|0.364471|20200323.000000|20200323.000000|20160229.000000|20150615.000000|20160526.000000|20260828.000000
EX5:MAXRAW|2011-05-01|0.376096|0.645250|0.929829|0.582868|1.503622|6.599521|7.000000|0.615395|0.707300|0.825033|1.358205|0.629147|0.389476|0.460011|0.918098|0.958745|0.047619|0.406975|0.334523|-0.009037|0.469327|0.735515|0.911580|0.008130|123.000000|0.514296|0.374603|63.000000|0.351666|0.714286|-0.227974|14.000000|0.000000|1.792145|0.274612|0.274612|1.000000|0.377550|20200323.000000|20200323.000000|20160531.000000|20150615.000000|20160526.000000|20260828.000000
EX5:MAXRAW|2011-11-01|0.368150|0.645376|0.912350|0.570442|1.560011|6.286983|6.000000|0.616893|0.691447|0.825215|1.372241|0.603179|0.349132|0.379334|0.923658|0.897816|0.007092|0.373934|0.318964|0.042397|0.379334|0.821616|0.913244|0.000000|117.000000|0.563156|0.342212|57.000000|0.275197|0.714286|-0.228008|14.000000|0.000000|1.878909|0.308109|0.308109|1.000000|0.369787|20150825.000000|20150825.000000|20161230.000000|20150615.000000|20160526.000000|20260828.000000
EX5:MAXRAW|2012-05-01|0.457272|0.652447|1.043444|0.700858|1.593945|6.487997|7.000000|0.613540|0.712402|0.954478|1.316385|0.607318|0.481689|0.552351|1.143742|1.141851|0.000000|0.487666|0.404670|0.160608|0.552351|0.849747|1.057743|0.000000|111.000000|0.634335|0.452642|51.000000|0.395536|0.769231|-0.172674|13.000000|0.000000|1.668521|0.220867|0.220867|1.000000|0.458926|20200323.000000|20200323.000000|20170531.000000|20150615.000000|20160229.000000|20260828.000000
EX5:MAXRAW|2012-11-01|0.513094|0.629250|1.118836|0.815405|1.629700|6.520492|7.000000|0.622182|0.728856|0.954640|1.355313|0.660214|0.468066|0.552395|1.004263|1.091161|0.000000|0.477814|0.408245|0.171651|0.552395|0.820051|1.043785|0.000000|105.000000|0.624267|0.456919|45.000000|0.365214|0.769231|-0.125787|13.000000|0.000000|1.668349|0.220787|0.220787|1.000000|0.515567|20200323.000000|20200323.000000|20200529.000000|20150615.000000|20160229.000000|20260828.000000
EX5:MAXRAW|2013-05-01|0.422268|0.629794|0.992674|0.670486|1.620295|6.841126|7.000000|0.616100|0.695765|0.829614|1.382517|0.618945|0.395146|0.418995|0.980110|0.966741|0.000000|0.399822|0.341445|0.181257|0.418995|0.939320|0.966209|0.000000|99.000000|0.542288|0.396378|39.000000|0.368443|0.833333|-0.198460|12.000000|0.000000|1.972376|0.340897|0.340897|1.000000|0.423607|20200323.000000|20200323.000000|20200529.000000|20150615.000000|20160229.000000|20260828.000000
EX5:MAXRAW|2013-11-01|0.512084|0.636616|1.114648|0.804385|1.624421|6.819150|7.000000|0.612840|0.705752|0.886317|1.372486|0.619872|0.484637|0.446692|1.197362|1.189192|0.000000|0.532890|0.407265|0.159507|0.537252|1.001183|1.204305|0.000000|93.000000|0.643219|0.477112|33.000000|0.365991|0.833333|-0.149448|12.000000|0.000000|1.690866|0.231163|0.231163|1.000000|0.513570|20200323.000000|20200323.000000|20200529.000000|20150615.000000|20160229.000000|20260828.000000
EX5:MAXRAW|2014-05-01|0.568657|0.655225|1.212837|0.867881|1.620423|8.134794|7.000000|0.609734|0.708908|0.875802|1.330416|0.602402|0.490993|0.441511|1.212450|1.177543|0.000000|0.523235|0.420098|0.133895|0.536724|0.993171|1.190640|0.000000|87.000000|0.628313|0.487428|27.000000|0.357875|0.818182|-0.163883|11.000000|0.000000|1.691668|0.231528|0.231528|1.000000|0.570029|20200323.000000|20200323.000000|20200529.000000|20150615.000000|20160229.000000|20260828.000000
EX5:MAXRAW|2014-11-01|0.519540|0.767138|1.095231|0.677245|1.619052|6.678782|7.000000|0.612620|0.713347|0.978000|1.298106|0.621913|0.530538|0.374107|1.387985|1.247787|0.000000|0.570735|0.469944|0.072049|0.541313|1.070190|1.257124|0.000000|81.000000|0.649089|0.514136|21.000000|0.397277|0.727273|-0.364251|11.000000|0.000000|1.501459|0.134176|0.134176|1.000000|0.521142|20150825.000000|20150825.000000|20200529.000000|20150615.000000|20160128.000000|20260828.000000
EX5:MAXRAW|2015-05-01|0.399256|0.612402|1.014206|0.651950|1.540876|6.159143|7.000000|0.605206|0.683122|0.760680|1.345246|0.542264|0.368409|0.369342|1.123583|0.991366|0.000000|0.384482|0.324370|0.172922|0.378488|1.048102|0.993075|0.000000|75.000000|0.541565|0.385402|15.000000|0.330803|0.800000|-0.268604|10.000000|0.000000|1.926986|0.325371|0.325371|1.000000|0.400392|20200323.000000|20200323.000000|20200529.000000|20150615.000000|20160613.000000|20260828.000000
EX5:MAXRAW|2015-11-01|0.512218|0.465033|1.192111|1.101465|1.598062|6.444946|7.000000|0.594747|0.682482|0.828627|1.359267|0.459563|0.480392|0.369484|1.368215|1.101836|0.000000|0.490856|0.425079|0.314757|0.378463|1.343438|1.142122|0.000000|69.000000|0.605473|0.609039|9.000000|0.443124|0.800000|-0.246011|10.000000|0.000000|1.927278|0.325474|0.325474|1.000000|0.513899|20200323.000000|20200323.000000|20230131.000000|20151225.000000|20160613.000000|20260828.000000
EX5:MAXRAW|2016-05-01|0.557233|0.379242|1.323380|1.469332|1.617924|6.331953|7.000000|0.607967|0.682583|0.756896|1.356625|0.562774|0.349702|0.365068|1.203390|0.978227|0.000000|0.369336|0.313898|0.201678|0.379242|1.038880|0.987552|0.000000|63.000000|0.549806|0.551021|3.000000|0.375801|0.888889|-0.090216|9.000000|0.000000|1.926128|0.325071|0.325071|1.000000|0.559385|20200323.000000|20200323.000000|20230131.000000|20200305.000000|20200323.000000|20260828.000000
