BASE|2009-11-01|0.369222|0.639986|0.689220|0.576921|1.613239|4.672618|5.000000|0.674023|1.121792|1.314696|1.549071|0.869911|0.402347|0.482639|0.797396|0.796410|0.084848|0.462425|0.250329|-0.042344|0.482639|0.971200|0.898183|0.007092|141.000000|0.398294|0.506161|81.000000|0.386313|0.812500|-0.278371|16.000000
BASE|2010-05-01|0.390002|0.639891|0.722029|0.609482|1.645266|4.637349|5.000000|0.677665|1.125167|1.314866|1.556259|0.867162|0.415437|0.482648|0.816489|0.827165|0.081761|0.501174|0.308813|-0.041545|0.482648|1.043310|0.985879|0.007407|135.000000|0.404684|0.512657|75.000000|0.415835|0.800000|-0.278503|15.000000
BASE|2010-11-01|0.351645|0.639862|0.648425|0.549563|1.651082|4.730409|5.000000|0.671169|0.931441|1.076104|1.526852|0.864830|0.422273|0.484631|0.815927|0.842666|0.091503|0.582190|0.301526|-0.081751|0.484631|1.211593|1.093702|0.046512|129.000000|0.402602|0.508732|69.000000|0.413931|0.733333|-0.275480|15.000000
BASE|2011-05-01|0.364096|0.639130|0.682212|0.569674|1.605440|4.699791|5.000000|0.665548|0.961795|1.106962|1.512136|0.838853|0.420600|0.484097|0.793265|0.826676|0.054422|0.589085|0.331564|0.024864|0.498561|1.216872|1.041062|0.000000|123.000000|0.392985|0.503053|63.000000|0.425104|0.785714|-0.342679|14.000000
BASE|2011-11-01|0.404746|0.639849|0.752447|0.632566|1.652266|4.743585|5.000000|0.665681|0.964782|1.113982|1.523819|0.844357|0.445903|0.480289|0.859398|0.882975|0.007092|0.640711|0.352020|0.133209|0.484264|1.323062|1.122964|0.000000|117.000000|0.570887|0.520443|57.000000|0.425191|0.785714|-0.275115|14.000000
BASE|2012-05-01|0.438971|0.650158|0.799868|0.675176|1.696923|4.761016|5.000000|0.663882|0.831483|1.089462|1.538884|0.844361|0.525676|0.482466|1.023920|1.033307|0.014815|0.650001|0.457964|0.243541|0.483680|1.343863|1.161411|0.000000|111.000000|0.607470|0.582184|51.000000|0.436468|0.846154|-0.389192|13.000000
BASE|2012-11-01|0.497159|0.649412|0.901128|0.765552|1.712178|4.696125|5.000000|0.683997|0.853131|1.087237|1.534963|0.927338|0.528729|0.483044|1.049688|1.047485|0.000000|0.654559|0.460334|0.239305|0.483044|1.355071|1.173591|0.000000|105.000000|0.600311|0.590159|45.000000|0.432051|0.923077|-0.380101|13.000000
BASE|2013-05-01|0.468787|0.656770|0.848466|0.713776|1.728399|4.011548|5.000000|0.652197|0.812307|1.108482|1.535368|0.817957|0.548544|0.481908|1.087199|1.062657|0.000000|0.577535|0.508251|0.276078|0.506405|1.158616|1.045452|0.000000|99.000000|0.562127|0.570812|39.000000|0.432651|0.916667|-0.365540|12.000000
BASE|2013-11-01|0.498987|0.638711|0.912595|0.781240|1.692322|4.796156|6.000000|0.638760|0.782216|1.073289|1.488689|0.757051|0.494288|0.484035|1.000436|0.992150|0.000000|0.679711|0.487070|0.199724|0.484100|1.404259|1.237238|0.000000|93.000000|0.569744|0.575838|33.000000|0.465519|0.833333|-0.278395|12.000000
BASE|2014-05-01|0.577897|0.693611|1.017926|0.833172|1.734041|4.763142|5.000000|0.663854|0.794828|1.222190|1.502186|0.858906|0.587545|0.469965|1.213322|1.191819|0.000000|0.707913|0.615413|0.255059|0.484161|1.484413|1.278397|0.000000|87.000000|0.623212|0.627660|27.000000|0.435914|0.818182|-0.236179|11.000000
BASE|2014-11-01|0.498380|0.678666|0.919259|0.734352|1.670704|4.746430|5.000000|0.636656|0.786332|1.226594|1.457407|0.717217|0.497895|0.476953|1.058019|1.050510|0.000000|0.686769|0.618808|0.147577|0.482714|1.425126|1.279828|0.000000|81.000000|0.545750|0.539218|21.000000|0.435915|0.818182|-0.329441|11.000000
BASE|2015-05-01|0.453042|0.596888|0.884828|0.759008|1.622890|4.767435|5.000000|0.653046|0.766291|0.854129|1.469498|0.806789|0.542317|0.468988|1.284990|1.159301|0.000000|0.721132|0.655053|0.165212|0.482861|1.512914|1.315562|0.000000|75.000000|0.619111|0.573311|15.000000|0.507200|0.800000|-0.290656|10.000000
BASE|2015-11-01|0.519751|0.482923|1.027838|1.076260|1.671642|4.884391|5.000000|0.653561|0.773514|0.861736|1.467445|0.818769|0.571952|0.470374|1.307890|1.248442|0.000000|0.733003|0.672496|0.412377|0.482923|1.541986|1.328378|0.000000|69.000000|0.620801|0.642620|9.000000|0.515359|0.800000|-0.288687|10.000000
BASE|2016-05-01|0.609764|0.481984|1.181223|1.265111|1.686377|4.789195|5.000000|0.636841|0.744676|0.876768|1.487871|0.787963|0.608276|0.468597|1.420242|1.250900|0.000000|0.733941|0.677332|0.411313|0.481984|1.533134|1.304091|0.000000|63.000000|0.597652|0.600841|3.000000|0.556221|0.888889|-0.150246|9.000000
#EX5|2011-11-01|000933,002128,601225,002466,600938
EX5:BASE|2009-11-01|0.347752|0.628982|0.702978|0.552880|1.632845|5.658224|5.000000|0.654724|0.952443|1.212503|1.517923|0.837388|0.354812|0.514574|0.837847|0.759189|0.072727|0.383245|0.291315|0.000013|0.543134|0.782074|0.824499|0.000000|141.000000|0.452307|0.387266|81.000000|0.266785|0.875000|-0.411825|16.000000
EX5:BASE|2010-05-01|0.367475|0.629058|0.731907|0.584166|1.665657|6.713924|5.000000|0.665521|0.966296|1.224207|1.526237|0.853340|0.360015|0.511578|0.849503|0.771029|0.069182|0.387985|0.293277|-0.010486|0.535992|0.778736|0.828902|0.007407|135.000000|0.458137|0.387227|75.000000|0.280258|0.866667|-0.402684|15.000000
EX5:BASE|2010-11-01|0.282452|0.635817|0.555561|0.444235|1.657009|6.239864|5.000000|0.667206|0.930167|1.071559|1.534187|0.829478|0.301523|0.467790|0.672835|0.627304|0.091503|0.324008|0.258618|-0.078477|0.552239|0.593349|0.623429|0.046512|129.000000|0.350460|0.298081|69.000000|0.274466|0.666667|-0.425953|15.000000
EX5:BASE|2011-05-01|0.257829|0.636231|0.520043|0.405245|1.607569|4.444482|5.000000|0.655144|0.948074|1.085885|1.513952|0.799054|0.301303|0.436467|0.655841|0.617276|0.047619|0.312838|0.249285|0.032167|0.555538|0.594438|0.615316|0.000000|123.000000|0.344428|0.301469|63.000000|0.301813|0.714286|-0.430865|14.000000
EX5:BASE|2011-11-01|0.312401|0.636306|0.627885|0.490961|1.658535|5.371549|6.000000|0.651663|0.949534|1.087902|1.542129|0.776245|0.309213|0.436697|0.702457|0.657058|0.007092|0.330245|0.284261|0.138943|0.532886|0.633513|0.636867|0.000000|117.000000|0.410789|0.307113|57.000000|0.297393|0.714286|-0.398004|14.000000
EX5:BASE|2012-05-01|0.374053|0.635055|0.750202|0.589009|1.687973|5.831094|6.000000|0.632539|0.826819|1.048027|1.529801|0.724108|0.402229|0.461952|0.937894|0.793645|0.000000|0.425881|0.323120|0.243317|0.496161|0.860998|0.825450|0.000000|111.000000|0.469396|0.412170|51.000000|0.340166|0.846154|-0.393783|13.000000
EX5:BASE|2012-11-01|0.448959|0.637272|0.889430|0.704502|1.712728|5.497816|6.000000|0.652669|0.847117|1.056338|1.539123|0.795116|0.408298|0.458802|0.970578|0.809218|0.000000|0.438248|0.336690|0.249277|0.496297|0.864742|0.831816|0.000000|105.000000|0.498620|0.432638|45.000000|0.395396|0.923077|-0.393825|13.000000
EX5:BASE|2013-05-01|0.421393|0.638464|0.850093|0.660011|1.709562|5.463195|6.000000|0.637332|0.815370|1.045707|1.521517|0.737118|0.411251|0.374515|0.955581|0.819855|0.000000|0.413564|0.318530|0.239657|0.498961|0.891671|0.832645|0.000000|99.000000|0.473540|0.427624|39.000000|0.340828|0.916667|-0.395900|12.000000
EX5:BASE|2013-11-01|0.459563|0.628528|0.903461|0.731173|1.705309|5.676671|6.000000|0.657288|0.853171|1.050956|1.526346|0.808974|0.408345|0.412379|0.905823|0.830552|0.000000|0.402830|0.338972|0.229074|0.545659|0.864629|0.819801|0.000000|93.000000|0.493736|0.433218|33.000000|0.401013|0.916667|-0.387628|12.000000
EX5:BASE|2014-05-01|0.464381|0.654258|0.910614|0.709783|1.712155|5.902553|6.000000|0.646645|0.907144|1.089370|1.471915|0.744830|0.385582|0.413074|0.869273|0.779689|0.000000|0.392898|0.310318|0.212292|0.545366|0.839812|0.771848|0.000000|87.000000|0.471528|0.417399|27.000000|0.383936|0.818182|-0.388682|11.000000
EX5:BASE|2014-11-01|0.532444|0.681500|1.071069|0.781283|1.702139|5.462345|5.000000|0.619373|0.841247|1.181243|1.533107|0.596522|0.513022|0.349432|1.233218|0.993463|0.000000|0.434017|0.366946|0.270264|0.454503|1.177161|0.976878|0.000000|81.000000|0.559478|0.506599|21.000000|0.404916|0.727273|-0.186493|11.000000
EX5:BASE|2015-05-01|0.319991|0.602592|0.701928|0.531025|1.627881|5.553339|5.000000|0.634619|0.770287|0.930757|1.525806|0.667288|0.332124|0.349767|0.834314|0.716727|0.000000|0.346742|0.295596|0.167314|0.426794|0.853649|0.739602|0.000000|75.000000|0.441893|0.343653|15.000000|0.309950|0.700000|-0.399078|10.000000
EX5:BASE|2015-11-01|0.386747|0.496661|0.853088|0.778693|1.676012|5.932794|5.000000|0.643778|0.778250|0.954904|1.540768|0.759119|0.351104|0.358485|0.831218|0.705759|0.000000|0.336932|0.290929|0.208602|0.358485|0.852127|0.729922|0.000000|69.000000|0.458051|0.468897|9.000000|0.302905|0.700000|-0.400229|10.000000
EX5:BASE|2016-05-01|0.472916|0.430173|1.082359|1.099363|1.684192|5.743661|6.000000|0.632134|0.835684|1.015302|1.444917|0.697888|0.362065|0.364186|0.975371|0.744061|0.000000|0.303642|0.261498|0.190997|0.364186|0.814222|0.658099|0.000000|63.000000|0.446158|0.452533|3.000000|0.376616|0.777778|-0.237466|9.000000
