#METRIC|m2|年化,最大回撤,Sharpe,Calmar,平均仓位,年均换手,持仓数中位,单票权重中位,单票权重P90,单票权重最大,前三权重中位,单票超60%天数占比,滚动3年年化中位,滚动3年回撤中位,滚动3年Calmar中位,滚动3年Sharpe中位,滚动3年为负的窗口占比,滚动5年年化中位,滚动5年年化P25,滚动5年年化最差,滚动5年回撤中位,滚动5年Calmar中位,滚动5年Sharpe中位,滚动5年为负的窗口占比,滚动5年窗口数,互不重叠5年块中位,滚动10年年化中位,滚动10年窗口数,逐年收益中位,逐年为正比例,逐年最差,完整自然年数,强平次数,最低担保比例,最低股票同跌缓冲,最低总资产冲击缓冲,rf覆盖率,年化_交易日口径,最低担保比例日,最低股票同跌缓冲日,滚动5年年化最差窗口末日,最大回撤起日,最大回撤止日,末次净值日
#MARKET|a
BASE|2009-11-01|0.313671|0.693960|0.753637|0.452001|1.620187|6.513478|6.000000|0.659951|0.999036|1.240627|1.427959|0.809630|0.345258|0.437173|0.826074|0.818675|0.072727|0.354410|0.200820|-0.043392|0.465111|0.761280|0.789551|0.042553|141.000000|0.461252|0.332922|81.000000|0.355592|0.750000|-0.277082|16.000000|0.000000|1.828535|0.289048|0.289048|0.984589|0.314964|20150824.000000|20150824.000000|20160229.000000|20150612.000000|20160616.000000|20260828.000000
BASE|2010-05-01|0.384892|0.663979|0.872536|0.579674|1.643964|6.919292|6.000000|0.661598|0.961168|1.241596|1.463840|0.774053|0.426251|0.431696|0.891936|0.921144|0.056604|0.436319|0.337015|-0.017465|0.451436|0.863560|0.943248|0.014815|135.000000|0.594415|0.421321|75.000000|0.387716|0.800000|-0.276843|15.000000|0.000000|1.742886|0.254111|0.254111|1.000000|0.386654|20150825.000000|20150825.000000|20160229.000000|20150609.000000|20160201.000000|20260828.000000
BASE|2010-11-01|0.323747|0.707306|0.772943|0.457718|1.612029|7.044267|6.000000|0.658376|0.925824|1.145085|1.401492|0.805978|0.369479|0.424419|0.905609|0.885043|0.084967|0.385978|0.209395|-0.061089|0.437072|0.917513|0.841897|0.069767|129.000000|0.462464|0.332224|69.000000|0.281902|0.800000|-0.316190|15.000000|0.000000|1.826051|0.288081|0.288081|1.000000|0.324961|20150825.000000|20150825.000000|20160630.000000|20150609.000000|20160616.000000|20260828.000000
BASE|2011-05-01|0.315362|0.702332|0.755310|0.449022|1.596396|6.706993|6.000000|0.662919|0.927899|1.126171|1.417640|0.806568|0.368996|0.441103|0.849744|0.849565|0.040816|0.391513|0.238177|-0.040188|0.452362|0.885366|0.857344|0.024390|123.000000|0.456260|0.336163|63.000000|0.360859|0.785714|-0.310331|14.000000|0.000000|1.712320|0.240796|0.240796|1.000000|0.316556|20150825.000000|20150825.000000|20160531.000000|20150609.000000|20160616.000000|20260828.000000
BASE|2011-11-01|0.359292|0.745172|0.821145|0.482160|1.640904|7.166607|7.000000|0.672308|1.011866|1.277698|1.430877|0.816775|0.388846|0.425505|0.968899|0.894870|0.042553|0.411019|0.249519|0.027506|0.433137|0.961479|0.889535|0.000000|117.000000|0.586368|0.339389|57.000000|0.386813|0.857143|-0.357911|14.000000|0.000000|1.859362|0.300836|0.300836|1.000000|0.360885|20150824.000000|20150824.000000|20161230.000000|20150609.000000|20160203.000000|20260828.000000
BASE|2012-05-01|0.363126|0.695070|0.829275|0.522431|1.655222|7.017899|6.000000|0.669655|0.896753|1.074116|1.457155|0.838320|0.406200|0.432282|0.863031|0.891631|0.029630|0.420243|0.341324|0.122458|0.463296|0.847484|0.884850|0.000000|111.000000|0.564410|0.392379|51.000000|0.368963|0.769231|-0.266259|13.000000|0.000000|1.710115|0.239817|0.239817|1.000000|0.364399|20150825.000000|20150825.000000|20170531.000000|20150609.000000|20160201.000000|20260828.000000
BASE|2012-11-01|0.460040|0.689124|0.955280|0.667571|1.694866|6.666922|6.000000|0.633093|0.877550|1.091374|1.480526|0.687909|0.524884|0.542830|1.076449|1.067008|0.015504|0.561728|0.398516|0.152549|0.542830|1.056312|1.066691|0.000000|105.000000|0.634630|0.473194|45.000000|0.377345|0.769231|-0.156592|13.000000|0.000000|1.729113|0.248170|0.248170|1.000000|0.462220|20150825.000000|20150825.000000|20200430.000000|20150609.000000|20160201.000000|20260828.000000
BASE|2013-05-01|0.470772|0.653723|0.971692|0.720140|1.685289|6.769186|7.000000|0.640924|0.794878|0.982195|1.441665|0.796976|0.508549|0.490601|1.120890|1.019260|0.016260|0.541909|0.437772|0.210076|0.510068|1.064405|1.049548|0.000000|99.000000|0.670713|0.475025|39.000000|0.422273|0.833333|-0.162553|12.000000|0.000000|1.707217|0.238527|0.238527|1.000000|0.472289|20150825.000000|20150825.000000|20200430.000000|20150612.000000|20160201.000000|20260828.000000
BASE|2013-11-01|0.453076|0.669472|0.956104|0.676765|1.670013|7.180484|7.000000|0.625618|0.842702|1.035315|1.437466|0.711538|0.489815|0.435420|1.127481|1.020146|0.008547|0.507200|0.369368|0.118071|0.449613|1.130357|1.025595|0.000000|93.000000|0.633773|0.428131|33.000000|0.384122|0.750000|-0.218313|12.000000|0.000000|1.896537|0.314540|0.314540|1.000000|0.454365|20200323.000000|20200323.000000|20181228.000000|20150612.000000|20160616.000000|20260828.000000
BASE|2014-05-01|0.460151|0.747492|0.964667|0.615593|1.670236|7.409002|6.000000|0.655705|1.063330|1.327542|1.475337|0.807205|0.480209|0.438099|1.093275|1.000993|0.027027|0.516876|0.422520|0.112204|0.439601|1.175786|1.026598|0.000000|87.000000|0.595752|0.423603|27.000000|0.436114|0.727273|-0.336172|11.000000|0.000000|1.879052|0.308162|0.308162|1.000000|0.461225|20200323.000000|20200323.000000|20200430.000000|20150609.000000|20160616.000000|20260828.000000
BASE|2014-11-01|0.479176|0.819996|0.988287|0.584364|1.627233|7.531097|7.000000|0.624030|0.738396|0.997798|1.446982|0.660589|0.589668|0.437579|1.264255|1.150285|0.028571|0.624475|0.527735|0.026504|0.559644|1.122903|1.169589|0.000000|81.000000|0.658605|0.508223|21.000000|0.470246|0.727273|-0.428941|11.000000|0.000000|1.795592|0.276005|0.276005|1.000000|0.480635|20200323.000000|20200323.000000|20200430.000000|20150609.000000|20160613.000000|20260828.000000
BASE|2015-05-01|0.480776|0.622013|1.035162|0.772936|1.591968|7.010411|7.000000|0.638292|0.740571|0.951859|1.458566|0.738903|0.608968|0.439527|1.291434|1.184431|0.000000|0.631227|0.564223|0.186105|0.577286|1.127102|1.170456|0.000000|75.000000|0.664195|0.561550|15.000000|0.474455|0.800000|-0.146421|10.000000|0.000000|2.000200|0.350065|0.350065|1.000000|0.482182|20200319.000000|20200319.000000|20200529.000000|20150609.000000|20160518.000000|20260828.000000
BASE|2015-11-01|0.616760|0.574713|1.211256|1.073162|1.648410|7.073630|7.000000|0.644984|0.745609|0.944390|1.474112|0.787614|0.649139|0.441470|1.312567|1.191715|0.000000|0.660862|0.578078|0.464053|0.574713|1.170488|1.201198|0.000000|69.000000|0.734709|0.739714|9.000000|0.585015|0.800000|-0.156067|10.000000|0.000000|2.052453|0.366612|0.366612|1.000000|0.618849|20200319.000000|20200319.000000|20201130.000000|20200114.000000|20200323.000000|20260828.000000
BASE|2016-05-01|0.650141|0.549885|1.281797|1.182322|1.670079|6.026931|6.000000|0.624818|0.740490|0.967177|1.463796|0.701475|0.634954|0.439713|1.334827|1.193221|0.000000|0.639115|0.583057|0.477797|0.549885|1.197286|1.199705|0.000000|63.000000|0.646660|0.649171|3.000000|0.494125|0.888889|-0.150877|9.000000|0.000000|1.974873|0.341730|0.341730|1.000000|0.652720|20200323.000000|20200323.000000|20230131.000000|20200114.000000|20200323.000000|20260828.000000
PC60SSEP08|2009-11-01|0.314158|0.693960|0.754509|0.452703|1.620073|6.901745|6.000000|0.659776|0.999036|1.240627|1.428116|0.808637|0.345230|0.437173|0.826053|0.818631|0.072727|0.355852|0.200820|-0.043392|0.465102|0.770685|0.789524|0.042553|141.000000|0.461233|0.332909|81.000000|0.355594|0.750000|-0.277082|16.000000|0.000000|1.828535|0.289048|0.289048|0.984589|0.315453|20150824.000000|20150824.000000|20160229.000000|20150612.000000|20160616.000000|20260828.000000
PC60SSEP08|2010-05-01|0.384892|0.663979|0.872536|0.579674|1.643964|6.919292|6.000000|0.661598|0.961168|1.241596|1.463840|0.774053|0.426251|0.431696|0.891936|0.921144|0.056604|0.436319|0.337015|-0.017465|0.451436|0.863560|0.943248|0.014815|135.000000|0.594415|0.421321|75.000000|0.387716|0.800000|-0.276843|15.000000|0.000000|1.742886|0.254111|0.254111|1.000000|0.386654|20150825.000000|20150825.000000|20160229.000000|20150609.000000|20160201.000000|20260828.000000
PC60SSEP08|2010-11-01|0.351893|0.710914|0.813756|0.494987|1.612514|7.689329|6.000000|0.663211|0.934314|1.158939|1.434874|0.818301|0.436708|0.438281|1.036147|0.972181|0.091503|0.484740|0.215373|-0.065753|0.438281|1.120379|0.982719|0.077519|129.000000|0.572919|0.384073|69.000000|0.374352|0.733333|-0.315330|15.000000|0.000000|1.831431|0.290172|0.290172|1.000000|0.353226|20150825.000000|20150825.000000|20160630.000000|20150609.000000|20160616.000000|20260828.000000
PC60SSEP08|2011-05-01|0.315362|0.702332|0.755310|0.449022|1.596396|6.706993|6.000000|0.662919|0.927899|1.126171|1.417640|0.806568|0.368996|0.441103|0.849744|0.849565|0.040816|0.391513|0.238177|-0.040188|0.452362|0.885366|0.857344|0.024390|123.000000|0.456260|0.336163|63.000000|0.360859|0.785714|-0.310331|14.000000|0.000000|1.712320|0.240796|0.240796|1.000000|0.316556|20150825.000000|20150825.000000|20160531.000000|20150609.000000|20160616.000000|20260828.000000
PC60SSEP08|2011-11-01|0.335464|0.745172|0.782668|0.450183|1.644330|6.786163|6.000000|0.682354|1.011866|1.277698|1.444154|0.833099|0.388860|0.433138|0.908287|0.851738|0.042553|0.405064|0.249519|0.027506|0.467715|0.903531|0.865640|0.000000|117.000000|0.550400|0.334723|57.000000|0.371430|0.857143|-0.357911|14.000000|0.000000|1.859362|0.300836|0.300836|1.000000|0.336938|20150824.000000|20150824.000000|20161230.000000|20150609.000000|20160203.000000|20260828.000000
PC60SSEP08|2012-05-01|0.422348|0.698855|0.925692|0.604343|1.655650|7.056051|6.000000|0.639267|0.895279|1.089480|1.445139|0.703107|0.463498|0.430471|1.042558|0.972100|0.014815|0.481289|0.394393|0.144905|0.430471|1.000496|0.984187|0.000000|111.000000|0.647379|0.445150|51.000000|0.451141|0.769231|-0.164486|13.000000|0.000000|1.724479|0.246149|0.246149|1.000000|0.423858|20150825.000000|20150825.000000|20170531.000000|20150609.000000|20160201.000000|20260828.000000
PC60SSEP08|2012-11-01|0.460040|0.689124|0.955280|0.667571|1.694866|6.666922|6.000000|0.633093|0.877550|1.091374|1.480526|0.687909|0.524884|0.542830|1.076449|1.067008|0.015504|0.561728|0.398516|0.152549|0.542830|1.056312|1.066691|0.000000|105.000000|0.634630|0.473194|45.000000|0.377345|0.769231|-0.156592|13.000000|0.000000|1.729113|0.248170|0.248170|1.000000|0.462220|20150825.000000|20150825.000000|20200430.000000|20150609.000000|20160201.000000|20260828.000000
PC60SSEP08|2013-05-01|0.470772|0.653723|0.971692|0.720140|1.685289|6.769186|7.000000|0.640924|0.794878|0.982195|1.441665|0.796976|0.508549|0.490601|1.120890|1.019260|0.016260|0.541909|0.437772|0.210076|0.510068|1.064405|1.049548|0.000000|99.000000|0.670713|0.475025|39.000000|0.422273|0.833333|-0.162553|12.000000|0.000000|1.707217|0.238527|0.238527|1.000000|0.472289|20150825.000000|20150825.000000|20200430.000000|20150612.000000|20160201.000000|20260828.000000
PC60SSEP08|2013-11-01|0.453076|0.669472|0.956104|0.676765|1.670013|7.180484|7.000000|0.625618|0.842702|1.035315|1.437466|0.711538|0.489815|0.435420|1.127481|1.020146|0.008547|0.507200|0.369368|0.118071|0.449613|1.130357|1.025595|0.000000|93.000000|0.633773|0.428131|33.000000|0.384122|0.750000|-0.218313|12.000000|0.000000|1.896537|0.314540|0.314540|1.000000|0.454365|20200323.000000|20200323.000000|20181228.000000|20150612.000000|20160616.000000|20260828.000000
PC60SSEP08|2014-05-01|0.460151|0.747492|0.964667|0.615593|1.670236|7.409002|6.000000|0.655705|1.063330|1.327542|1.475337|0.807205|0.480209|0.438099|1.093275|1.000993|0.027027|0.516876|0.422520|0.112204|0.439601|1.175786|1.026598|0.000000|87.000000|0.595752|0.423603|27.000000|0.436114|0.727273|-0.336172|11.000000|0.000000|1.879052|0.308162|0.308162|1.000000|0.461225|20200323.000000|20200323.000000|20200430.000000|20150609.000000|20160616.000000|20260828.000000
PC60SSEP08|2014-11-01|0.457610|0.819995|0.959646|0.558064|1.627395|6.874906|7.000000|0.623173|0.741112|0.997798|1.450015|0.667602|0.585506|0.439450|1.266465|1.143024|0.028571|0.611019|0.533432|0.029923|0.549867|1.148190|1.175142|0.000000|81.000000|0.630125|0.492186|21.000000|0.398122|0.727273|-0.428941|11.000000|0.000000|1.839594|0.293322|0.293322|1.000000|0.458993|20150824.000000|20150824.000000|20200430.000000|20150609.000000|20160613.000000|20260828.000000
PC60SSEP08|2015-05-01|0.480776|0.622013|1.035162|0.772936|1.591968|7.010411|7.000000|0.638292|0.740571|0.951859|1.458566|0.738903|0.608968|0.439527|1.291434|1.184431|0.000000|0.631227|0.564223|0.186105|0.577286|1.127102|1.170456|0.000000|75.000000|0.664195|0.561550|15.000000|0.474455|0.800000|-0.146421|10.000000|0.000000|2.000200|0.350065|0.350065|1.000000|0.482182|20200319.000000|20200319.000000|20200529.000000|20150609.000000|20160518.000000|20260828.000000
PC60SSEP08|2015-11-01|0.616760|0.574713|1.211256|1.073162|1.648410|7.073630|7.000000|0.644984|0.745609|0.944390|1.474112|0.787614|0.649139|0.441470|1.312567|1.191715|0.000000|0.660862|0.578078|0.464053|0.574713|1.170488|1.201198|0.000000|69.000000|0.734709|0.739714|9.000000|0.585015|0.800000|-0.156067|10.000000|0.000000|2.052453|0.366612|0.366612|1.000000|0.618849|20200319.000000|20200319.000000|20201130.000000|20200114.000000|20200323.000000|20260828.000000
PC60SSEP08|2016-05-01|0.627408|0.549884|1.248266|1.140983|1.669332|6.874899|6.000000|0.625300|0.741257|0.967238|1.472208|0.694301|0.608631|0.435777|1.328695|1.182002|0.000000|0.621442|0.577923|0.476450|0.549884|1.193655|1.182511|0.000000|63.000000|0.619694|0.623482|3.000000|0.470514|0.888889|-0.150757|9.000000|0.000000|1.975649|0.341988|0.341988|1.000000|0.629881|20200323.000000|20200323.000000|20230131.000000|20200114.000000|20200323.000000|20260828.000000
PC20SSEP08|2009-11-01|0.276758|0.692874|0.785083|0.399435|1.433425|6.957767|10.000000|0.246853|0.368577|0.500446|0.688333|0.000000|0.303563|0.368394|0.868400|0.852415|0.145455|0.311047|0.199436|-0.077337|0.376544|0.589660|0.798233|0.049645|141.000000|0.454097|0.280782|81.000000|0.090850|0.750000|-0.208523|16.000000|0.000000|2.046056|0.364631|0.364631|0.984589|0.277884|20150824.000000|20150824.000000|20160229.000000|20150612.000000|20160128.000000|20260828.000000
PC20SSEP08|2010-05-01|0.279011|0.704751|0.776275|0.395900|1.466462|7.498366|10.000000|0.245479|0.378264|0.500140|0.688349|0.000000|0.288736|0.380952|0.771987|0.811869|0.125786|0.293533|0.209462|-0.082553|0.380952|0.549838|0.763478|0.059259|135.000000|0.438751|0.265821|75.000000|0.067986|0.666667|-0.208462|15.000000|0.000000|1.909995|0.319370|0.319370|1.000000|0.280241|20150824.000000|20150824.000000|20160229.000000|20150612.000000|20160510.000000|20260828.000000
PC20SSEP08|2010-11-01|0.292593|0.670126|0.823361|0.436624|1.418882|7.473532|10.000000|0.243388|0.324977|0.388486|0.679122|0.000000|0.299093|0.338816|0.818321|0.850357|0.084967|0.309409|0.240658|-0.027600|0.381430|0.620764|0.814625|0.046512|129.000000|0.445930|0.279741|69.000000|0.061730|0.733333|-0.106986|15.000000|0.000000|1.944945|0.331601|0.331601|1.000000|0.293678|20150824.000000|20150824.000000|20160229.000000|20150612.000000|20160510.000000|20260828.000000
PC20SSEP08|2011-05-01|0.309379|0.668749|0.856930|0.462623|1.439307|6.663363|10.000000|0.245675|0.321357|0.367174|0.681826|0.000000|0.305114|0.381475|0.825374|0.855843|0.027211|0.315214|0.257371|0.009833|0.381475|0.662162|0.838602|0.000000|123.000000|0.441412|0.288834|63.000000|0.222067|0.714286|-0.088922|14.000000|0.000000|1.949519|0.333169|0.333169|1.000000|0.310547|20150824.000000|20150824.000000|20160531.000000|20150612.000000|20160510.000000|20260828.000000
PC20SSEP08|2011-11-01|0.327242|0.653921|0.892840|0.500431|1.481375|6.485532|10.000000|0.245840|0.317215|0.372915|0.683151|0.000000|0.315607|0.381467|0.842883|0.883533|0.007092|0.328000|0.274599|0.080123|0.381467|0.700942|0.878285|0.000000|117.000000|0.485238|0.298276|57.000000|0.222236|0.714286|-0.091064|14.000000|0.000000|1.984486|0.344918|0.344918|1.000000|0.328677|20150824.000000|20150824.000000|20161230.000000|20150612.000000|20160510.000000|20260828.000000
PC20SSEP08|2012-05-01|0.330388|0.708733|0.889639|0.466168|1.501104|6.791472|10.000000|0.238865|0.323478|0.403088|0.672444|0.000000|0.314136|0.380965|0.855564|0.879403|0.029630|0.311577|0.264434|0.090196|0.380965|0.733085|0.862684|0.000000|111.000000|0.487118|0.287644|51.000000|0.382637|0.769231|-0.161036|13.000000|0.000000|1.972592|0.340969|0.340969|1.000000|0.331533|20150824.000000|20150824.000000|20200630.000000|20150612.000000|20160510.000000|20260828.000000
PC20SSEP08|2012-11-01|0.349738|0.699004|0.921157|0.500338|1.543681|7.498598|11.000000|0.242413|0.324768|0.392784|0.681563|0.000000|0.299163|0.381165|0.817489|0.853620|0.023256|0.305447|0.257190|0.075701|0.381165|0.758924|0.859605|0.000000|105.000000|0.479280|0.286707|45.000000|0.391419|0.692308|-0.143791|13.000000|0.000000|1.988478|0.346234|0.346234|1.000000|0.351335|20150824.000000|20150824.000000|20200630.000000|20150612.000000|20160519.000000|20260828.000000
PC20SSEP08|2013-05-01|0.359388|0.648358|0.966052|0.554304|1.512516|7.647105|11.000000|0.242712|0.303743|0.355406|0.677687|0.000000|0.316406|0.355878|0.931450|0.905794|0.000000|0.327791|0.279561|0.100228|0.381179|0.803198|0.917516|0.000000|99.000000|0.478900|0.321298|39.000000|0.398962|0.666667|-0.099493|12.000000|0.000000|2.176972|0.402840|0.402840|1.000000|0.360503|20200203.000000|20200203.000000|20200630.000000|20150615.000000|20160519.000000|20260828.000000
PC20SSEP08|2013-11-01|0.370872|0.684841|0.952034|0.541545|1.527882|7.521449|11.000000|0.240012|0.320969|0.383673|0.673567|0.000000|0.315847|0.381090|0.942310|0.875531|0.000000|0.320261|0.268561|0.083687|0.381090|0.805646|0.910396|0.000000|93.000000|0.482598|0.327423|33.000000|0.388081|0.666667|-0.163173|12.000000|0.000000|1.972492|0.340935|0.340935|1.000000|0.371899|20150824.000000|20150824.000000|20200630.000000|20150612.000000|20160519.000000|20260828.000000
PC20SSEP08|2014-05-01|0.410233|0.708964|1.019701|0.578637|1.550712|7.604234|11.000000|0.242578|0.341535|0.399613|0.679105|0.000000|0.325789|0.330934|1.087305|0.908698|0.000000|0.337086|0.273394|0.070457|0.380180|0.855890|0.940771|0.000000|87.000000|0.483230|0.348551|27.000000|0.395515|0.636364|-0.147188|11.000000|0.000000|1.948019|0.332655|0.332655|1.000000|0.411175|20150824.000000|20150824.000000|20200630.000000|20150612.000000|20160510.000000|20260828.000000
PC20SSEP08|2014-11-01|0.382784|0.727343|0.979248|0.526277|1.541103|6.727666|11.000000|0.236505|0.279089|0.411451|0.667026|0.000000|0.317610|0.292825|1.119734|0.945365|0.000000|0.331464|0.259778|0.074164|0.381153|0.887693|0.956126|0.000000|81.000000|0.462030|0.369116|21.000000|0.395500|0.636364|-0.278175|11.000000|0.000000|1.927210|0.325450|0.325450|1.000000|0.383913|20150824.000000|20150824.000000|20200630.000000|20150612.000000|20160128.000000|20260828.000000
PC20SSEP08|2015-05-01|0.357113|0.462493|1.051644|0.772149|1.454122|7.300197|10.000000|0.239647|0.274670|0.337151|0.669408|0.000000|0.320169|0.282283|1.141438|0.957202|0.000000|0.335199|0.279902|0.172264|0.380850|0.909282|0.993270|0.000000|75.000000|0.467839|0.368666|15.000000|0.386520|0.800000|-0.146108|10.000000|0.000000|2.177241|0.402914|0.402914|1.000000|0.358115|20200203.000000|20200203.000000|20200529.000000|20150612.000000|20160530.000000|20260828.000000
PC20SSEP08|2015-11-01|0.402164|0.380980|1.147630|1.055603|1.510361|7.568816|11.000000|0.240365|0.274544|0.344315|0.671644|0.000000|0.320974|0.282274|1.201882|0.966731|0.000000|0.352907|0.293298|0.171942|0.380980|0.964163|1.033088|0.000000|69.000000|0.473069|0.471834|9.000000|0.388444|0.700000|-0.140011|10.000000|0.000000|2.177272|0.402923|0.402923|1.000000|0.403438|20200203.000000|20200203.000000|20230131.000000|20200103.000000|20200323.000000|20260828.000000
PC20SSEP08|2016-05-01|0.475792|0.371840|1.325731|1.279562|1.535097|7.261276|11.000000|0.231039|0.259368|0.337413|0.655028|0.000000|0.336728|0.270203|1.239472|0.987013|0.000000|0.358551|0.300042|0.193458|0.371840|0.999307|1.042145|0.000000|63.000000|0.476264|0.475269|3.000000|0.393444|0.888889|-0.056627|9.000000|0.000000|2.174365|0.402124|0.402124|1.000000|0.477584|20200203.000000|20200203.000000|20230131.000000|20200103.000000|20200323.000000|20260828.000000
PC25SSEP08|2009-11-01|0.265929|0.701572|0.735926|0.379047|1.498437|6.115772|9.000000|0.301038|0.466973|0.662555|0.843534|0.024820|0.275474|0.370456|0.743607|0.760812|0.163636|0.281006|0.182670|-0.096839|0.393500|0.546855|0.726181|0.070922|141.000000|0.413238|0.255854|81.000000|0.116535|0.750000|-0.270169|16.000000|0.000000|1.959608|0.336602|0.336602|0.984589|0.267006|20200323.000000|20200323.000000|20160229.000000|20150615.000000|20160613.000000|20260828.000000
PC25SSEP08|2010-05-01|0.278532|0.712146|0.752973|0.391116|1.538026|7.286139|9.000000|0.302870|0.480915|0.662175|0.847412|0.025589|0.290167|0.370423|0.811889|0.803773|0.138365|0.282073|0.199110|-0.105334|0.370423|0.640997|0.741405|0.081481|135.000000|0.430226|0.261455|75.000000|0.127478|0.733333|-0.270269|15.000000|0.000000|1.936042|0.328527|0.328527|1.000000|0.279760|20150824.000000|20150824.000000|20160229.000000|20150615.000000|20160613.000000|20260828.000000
PC25SSEP08|2010-11-01|0.287606|0.711102|0.771650|0.404451|1.482111|7.162117|9.000000|0.298272|0.435838|0.511212|0.841029|0.000000|0.296175|0.349691|0.852343|0.809079|0.091503|0.292870|0.230782|-0.050388|0.376458|0.685599|0.763150|0.062016|129.000000|0.426729|0.262613|69.000000|0.116967|0.666667|-0.224125|15.000000|0.000000|1.759653|0.261218|0.261218|1.000000|0.288670|20150826.000000|20150826.000000|20160630.000000|20150612.000000|20160530.000000|20260828.000000
PC25SSEP08|2011-05-01|0.300988|0.710999|0.794982|0.423331|1.496784|7.170925|9.000000|0.302476|0.439865|0.517713|0.844176|0.000000|0.301212|0.376264|0.837759|0.807544|0.047619|0.305898|0.242326|-0.037318|0.376264|0.713762|0.763256|0.024390|123.000000|0.413362|0.263597|63.000000|0.228375|0.714286|-0.211125|14.000000|0.000000|1.788764|0.273241|0.273241|1.000000|0.302121|20150824.000000|20150824.000000|20160531.000000|20150612.000000|20160530.000000|20260828.000000
PC25SSEP08|2011-11-01|0.332307|0.710842|0.849310|0.467484|1.543440|7.342781|9.000000|0.301876|0.436577|0.510983|0.843563|0.000000|0.333633|0.376608|0.990135|0.877969|0.028369|0.324175|0.250998|0.031961|0.376608|0.809613|0.824622|0.000000|117.000000|0.532740|0.291635|57.000000|0.292302|0.714286|-0.222895|14.000000|0.000000|1.760579|0.261606|0.261606|1.000000|0.333766|20150826.000000|20150826.000000|20161230.000000|20150612.000000|20160530.000000|20260828.000000
PC25SSEP08|2012-05-01|0.362374|0.685053|0.925513|0.528973|1.551137|6.230629|10.000000|0.290436|0.378956|0.463953|0.825737|0.000000|0.362326|0.378686|1.043759|0.953722|0.022222|0.365808|0.296742|0.125919|0.378686|0.954908|0.946658|0.000000|111.000000|0.536539|0.330871|51.000000|0.389637|0.769231|-0.154207|13.000000|0.000000|1.862646|0.302068|0.302068|1.000000|0.363644|20150824.000000|20150824.000000|20200630.000000|20150612.000000|20160510.000000|20260828.000000
PC25SSEP08|2012-11-01|0.370575|0.750911|0.910668|0.493500|1.606315|6.898758|10.000000|0.295174|0.447086|0.561001|0.833640|0.000000|0.333125|0.401169|0.975260|0.916409|0.054264|0.353290|0.265909|0.069759|0.401169|0.880653|0.916227|0.000000|105.000000|0.528708|0.309264|45.000000|0.395752|0.769231|-0.310474|13.000000|0.000000|1.885913|0.310679|0.310679|1.000000|0.372279|20150824.000000|20150824.000000|20200630.000000|20150612.000000|20160201.000000|20260828.000000
PC25SSEP08|2013-05-01|0.406048|0.657439|1.000579|0.617621|1.567448|7.256681|10.000000|0.290887|0.391657|0.467633|0.822135|0.000000|0.378531|0.391690|1.035045|0.954890|0.008130|0.376299|0.323121|0.149181|0.411098|0.886802|0.968337|0.000000|99.000000|0.554676|0.364778|39.000000|0.419605|0.750000|-0.107882|12.000000|0.000000|1.956592|0.335579|0.335579|1.000000|0.407329|20150825.000000|20150825.000000|20200630.000000|20150615.000000|20160519.000000|20260828.000000
PC25SSEP08|2013-11-01|0.400303|0.681507|1.001633|0.587380|1.545606|7.268379|9.000000|0.287324|0.385932|0.456482|0.817967|0.000000|0.349381|0.380747|0.922474|0.911604|0.000000|0.355163|0.305461|0.117699|0.425162|0.810373|0.926007|0.000000|93.000000|0.530084|0.359117|33.000000|0.422382|0.666667|-0.111374|12.000000|0.000000|2.184188|0.404813|0.404813|1.000000|0.401423|20150206.000000|20150206.000000|20200630.000000|20150615.000000|20160519.000000|20260828.000000
PC25SSEP08|2014-05-01|0.470609|0.707110|1.085370|0.665538|1.585409|7.407640|10.000000|0.289518|0.413889|0.499436|0.821059|0.000000|0.411646|0.349815|1.165978|1.001499|0.000000|0.404046|0.339021|0.113081|0.402750|1.011623|1.026691|0.000000|87.000000|0.567089|0.400618|27.000000|0.395146|0.727273|-0.113660|11.000000|0.000000|1.821489|0.286298|0.286298|1.000000|0.471710|20150824.000000|20150824.000000|20200630.000000|20150612.000000|20160229.000000|20260828.000000
PC25SSEP08|2014-11-01|0.420506|0.738194|1.021205|0.569641|1.548115|6.733052|9.000000|0.284661|0.325015|0.425438|0.807811|0.000000|0.367710|0.293704|1.147620|0.962091|0.000000|0.367115|0.305153|0.071971|0.430573|0.882480|0.971676|0.000000|81.000000|0.526630|0.398536|21.000000|0.395690|0.727273|-0.324854|11.000000|0.000000|1.921835|0.323563|0.323563|1.000000|0.421762|20200323.000000|20200323.000000|20200630.000000|20150612.000000|20160518.000000|20260828.000000
PC25SSEP08|2015-05-01|0.407981|0.502621|1.104177|0.811708|1.486900|6.184566|9.000000|0.287023|0.326114|0.379018|0.810382|0.000000|0.383399|0.287064|1.091845|1.034663|0.000000|0.402310|0.338389|0.197579|0.397265|1.037334|1.063994|0.000000|75.000000|0.536427|0.432330|15.000000|0.439453|0.800000|-0.111439|10.000000|0.000000|2.137386|0.391780|0.391780|1.000000|0.409146|20200203.000000|20200203.000000|20200529.000000|20150612.000000|20160530.000000|20260828.000000
PC25SSEP08|2015-11-01|0.457342|0.397308|1.214096|1.151104|1.541301|6.430987|10.000000|0.287574|0.327433|0.368476|0.812415|0.000000|0.384827|0.293941|1.257265|1.034145|0.000000|0.411014|0.357632|0.231558|0.397308|1.092463|1.103488|0.000000|69.000000|0.537924|0.534172|9.000000|0.454131|0.800000|-0.106067|10.000000|0.000000|2.135888|0.391354|0.391354|1.000000|0.458818|20200323.000000|20200323.000000|20230131.000000|20200103.000000|20200323.000000|20260828.000000
PC25SSEP08|2016-05-01|0.532775|0.461557|1.357322|1.154300|1.573148|7.610116|10.000000|0.284705|0.322352|0.408362|0.806531|0.000000|0.365766|0.288027|1.266364|0.958603|0.000000|0.397125|0.326202|0.208747|0.461557|0.873651|1.076867|0.000000|63.000000|0.533296|0.531359|3.000000|0.516396|0.888889|-0.050197|9.000000|0.000000|1.959050|0.336413|0.336413|1.000000|0.534818|20200319.000000|20200319.000000|20230131.000000|20200114.000000|20200323.000000|20260828.000000
PC30SSEP08|2009-11-01|0.302873|0.730923|0.776429|0.414371|1.542473|6.570965|8.000000|0.355903|0.602744|0.814593|0.984878|0.102755|0.331398|0.448640|0.846064|0.887399|0.181818|0.332921|0.167957|-0.127966|0.448640|0.716858|0.815626|0.092199|141.000000|0.537903|0.307260|81.000000|0.217398|0.687500|-0.302578|16.000000|0.000000|1.907936|0.318636|0.318636|0.984589|0.304117|20150826.000000|20150826.000000|20160229.000000|20150612.000000|20160613.000000|20260828.000000
PC30SSEP08|2010-05-01|0.299687|0.729491|0.765681|0.410817|1.577078|6.748585|8.000000|0.360190|0.612011|0.821340|0.991444|0.106704|0.319557|0.439964|0.827185|0.837046|0.150943|0.314023|0.218786|-0.128172|0.439964|0.681588|0.779503|0.096296|135.000000|0.504124|0.285928|75.000000|0.179239|0.666667|-0.302542|15.000000|0.000000|1.843060|0.294651|0.294651|1.000000|0.301019|20200323.000000|20200323.000000|20160229.000000|20150612.000000|20160613.000000|20260828.000000
PC30SSEP08|2010-11-01|0.307298|0.705036|0.787827|0.435862|1.537205|6.278576|8.000000|0.345571|0.508779|0.593855|0.964926|0.000000|0.325125|0.358713|0.924581|0.857798|0.084967|0.327913|0.233000|-0.045342|0.422090|0.794645|0.821379|0.054264|129.000000|0.449587|0.288391|69.000000|0.213870|0.733333|-0.223425|15.000000|0.000000|1.787973|0.272920|0.272920|1.000000|0.308444|20150826.000000|20150826.000000|20160229.000000|20150612.000000|20160519.000000|20260828.000000
PC30SSEP08|2011-05-01|0.319820|0.710639|0.814019|0.450046|1.542289|6.272414|9.000000|0.343609|0.514906|0.597611|0.965140|0.000000|0.325607|0.360352|0.922938|0.849688|0.047619|0.329196|0.230377|-0.042059|0.423643|0.816140|0.817351|0.024390|123.000000|0.411994|0.284579|63.000000|0.292358|0.714286|-0.224843|14.000000|0.000000|1.834370|0.291310|0.291310|1.000000|0.321032|20150824.000000|20150824.000000|20160531.000000|20150612.000000|20160530.000000|20260828.000000
PC30SSEP08|2011-11-01|0.348818|0.717852|0.854887|0.485919|1.587883|6.569972|9.000000|0.349910|0.521239|0.608283|0.974784|0.004503|0.364424|0.360299|1.050067|0.931268|0.021277|0.376407|0.235828|0.023078|0.425308|0.963796|0.887780|0.000000|117.000000|0.562813|0.314353|57.000000|0.324832|0.714286|-0.237426|14.000000|0.000000|1.828081|0.288872|0.288872|1.000000|0.350359|20150824.000000|20150824.000000|20161230.000000|20150612.000000|20160530.000000|20260828.000000
PC30SSEP08|2012-05-01|0.371742|0.736154|0.894618|0.504979|1.593109|6.346683|8.000000|0.346612|0.540263|0.652165|0.972629|0.030495|0.392214|0.449235|1.051825|0.987209|0.044444|0.401774|0.281648|0.077313|0.449235|0.894353|0.953997|0.000000|111.000000|0.588194|0.341349|51.000000|0.384748|0.769231|-0.295564|13.000000|0.000000|1.888142|0.311492|0.311492|1.000000|0.373049|20150824.000000|20150824.000000|20170531.000000|20150612.000000|20160613.000000|20260828.000000
PC30SSEP08|2012-11-01|0.409336|0.704363|0.947817|0.581143|1.638251|7.345824|9.000000|0.342288|0.473433|0.578616|0.964892|0.000000|0.377153|0.426805|0.994158|0.923378|0.023256|0.380527|0.288814|0.081783|0.426805|0.891571|0.943021|0.000000|105.000000|0.564064|0.341573|45.000000|0.416971|0.769231|-0.204263|13.000000|0.000000|1.768530|0.264926|0.264926|1.000000|0.411244|20150825.000000|20150825.000000|20200630.000000|20150609.000000|20160613.000000|20260828.000000
PC30SSEP08|2013-05-01|0.401162|0.693649|0.963449|0.578335|1.589548|6.456113|9.000000|0.342476|0.466182|0.550849|0.964371|0.000000|0.378967|0.464460|0.859202|0.927758|0.024390|0.377282|0.321195|0.121565|0.493122|0.750013|0.930641|0.000000|99.000000|0.563601|0.359732|39.000000|0.420802|0.666667|-0.141558|12.000000|0.000000|1.790596|0.273985|0.273985|1.000000|0.402425|20150825.000000|20150825.000000|20200630.000000|20150615.000000|20160613.000000|20260828.000000
PC30SSEP08|2013-11-01|0.424298|0.736067|0.984590|0.576439|1.606314|7.199837|9.000000|0.345102|0.534618|0.643197|0.970973|0.019872|0.431408|0.417545|1.114397|1.047413|0.008547|0.443495|0.332048|0.086773|0.449228|1.008383|1.068102|0.000000|93.000000|0.596633|0.382052|33.000000|0.427255|0.750000|-0.286826|12.000000|0.000000|1.866426|0.303481|0.303481|1.000000|0.425494|20150824.000000|20150824.000000|20200630.000000|20150612.000000|20160613.000000|20260828.000000
PC30SSEP08|2014-05-01|0.453414|0.737726|1.030735|0.614611|1.605198|6.695792|9.000000|0.343994|0.541296|0.651202|0.971231|0.035023|0.379632|0.346503|1.010268|0.936238|0.000000|0.381049|0.316885|0.093281|0.493245|0.773949|0.947213|0.000000|87.000000|0.561844|0.381335|27.000000|0.385244|0.636364|-0.214706|11.000000|0.000000|1.769373|0.265276|0.265276|1.000000|0.454470|20150824.000000|20150824.000000|20200630.000000|20150609.000000|20160229.000000|20260828.000000
PC30SSEP08|2014-11-01|0.417639|0.788300|0.970185|0.529797|1.577603|7.462421|9.000000|0.339415|0.392102|0.504906|0.953012|0.000000|0.365400|0.322741|1.005484|0.952732|0.000000|0.371456|0.294577|0.047417|0.494452|0.772954|0.947750|0.000000|81.000000|0.552624|0.419884|21.000000|0.416017|0.636364|-0.442026|11.000000|0.000000|1.889331|0.311926|0.311926|1.000000|0.418885|20150824.000000|20150824.000000|20200529.000000|20150609.000000|20160510.000000|20260828.000000
PC30SSEP08|2015-05-01|0.412285|0.535488|1.071296|0.769923|1.519099|6.843473|8.000000|0.339752|0.381679|0.486235|0.953401|0.000000|0.370149|0.340190|1.088955|0.995344|0.000000|0.377871|0.325745|0.200628|0.421327|0.938125|0.993276|0.000000|75.000000|0.547027|0.443518|15.000000|0.477289|0.800000|-0.113493|10.000000|0.000000|1.910679|0.319613|0.319613|1.000000|0.413463|20200323.000000|20200323.000000|20200529.000000|20150612.000000|20160530.000000|20260828.000000
PC30SSEP08|2015-11-01|0.460380|0.416237|1.165144|1.106052|1.573089|6.304069|9.000000|0.339625|0.382023|0.486536|0.955165|0.000000|0.367835|0.312444|1.114990|0.957660|0.000000|0.391830|0.325308|0.207631|0.416237|0.994084|1.025523|0.000000|69.000000|0.535197|0.535139|9.000000|0.465992|0.800000|-0.124179|10.000000|0.000000|1.917743|0.322120|0.322120|1.000000|0.461867|20200323.000000|20200323.000000|20230131.000000|20200103.000000|20200323.000000|20260828.000000
PC30SSEP08|2016-05-01|0.545264|0.444182|1.314498|1.227567|1.616716|6.547472|9.000000|0.334893|0.380784|0.423603|0.939150|0.000000|0.387463|0.361711|1.254151|0.995568|0.000000|0.420442|0.350708|0.224003|0.444182|0.968170|1.045181|0.000000|63.000000|0.544710|0.541753|3.000000|0.555416|0.888889|-0.142214|9.000000|0.000000|1.888838|0.311746|0.311746|1.000000|0.547362|20200323.000000|20200323.000000|20230131.000000|20200103.000000|20200323.000000|20260828.000000
#EX5|2011-11-01|601088,002128,000933,000651,000338
EX5:BASE|2009-11-01|0.323211|0.747002|0.810373|0.432678|1.518298|6.377823|6.000000|0.622829|0.720456|0.951353|1.366326|0.664653|0.395623|0.544576|0.746949|0.897334|0.151515|0.388681|0.219117|-0.174675|0.544576|0.650737|0.878021|0.106383|141.000000|0.504277|0.349218|81.000000|0.247777|0.625000|-0.346536|16.000000|0.000000|1.680803|0.226560|0.226560|0.984589|0.324548|20200323.000000|20200323.000000|20160229.000000|20110328.000000|20140320.000000|20260828.000000
EX5:BASE|2010-05-01|0.346838|0.746047|0.845730|0.464900|1.552428|6.186945|6.000000|0.624717|0.721419|0.948088|1.377367|0.658790|0.408378|0.544113|0.819885|0.927747|0.119497|0.398709|0.317818|-0.159893|0.544113|0.690511|0.906275|0.081481|135.000000|0.493910|0.366905|75.000000|0.312532|0.666667|-0.346227|15.000000|0.000000|1.681238|0.226760|0.226760|1.000000|0.348405|20200323.000000|20200323.000000|20160229.000000|20110328.000000|20140320.000000|20260828.000000
EX5:BASE|2010-11-01|0.380720|0.607389|0.927596|0.626814|1.477373|5.868668|6.000000|0.613558|0.714445|0.966608|1.335703|0.606126|0.428115|0.459484|0.867119|0.972426|0.084967|0.414977|0.346672|-0.016833|0.545557|0.732668|0.938660|0.007752|129.000000|0.503956|0.392043|69.000000|0.321026|0.666667|-0.202368|15.000000|0.000000|1.679106|0.225779|0.225779|1.000000|0.382177|20200323.000000|20200323.000000|20160229.000000|20150615.000000|20160229.000000|20260828.000000
EX5:BASE|2011-05-01|0.400993|0.647831|0.941686|0.618978|1.527429|6.054928|7.000000|0.616400|0.712927|0.949980|1.359071|0.628790|0.425765|0.446711|0.882031|0.984930|0.040816|0.411690|0.352084|0.035113|0.545588|0.726416|0.936904|0.000000|123.000000|0.509980|0.405457|63.000000|0.364335|0.714286|-0.202480|14.000000|0.000000|1.589673|0.182222|0.182222|1.000000|0.402557|20150825.000000|20150825.000000|20160531.000000|20150615.000000|20160229.000000|20260828.000000
EX5:BASE|2011-11-01|0.429333|0.647953|0.980364|0.662598|1.575303|6.978992|7.000000|0.619761|0.712832|0.950122|1.352471|0.653050|0.450745|0.516050|1.037607|1.045321|0.000000|0.438256|0.370645|0.084642|0.545600|0.796197|1.005347|0.000000|117.000000|0.623396|0.431414|57.000000|0.401376|0.714286|-0.202459|14.000000|0.000000|1.590403|0.182597|0.182597|1.000000|0.431282|20150825.000000|20150825.000000|20161230.000000|20150615.000000|20160229.000000|20260828.000000
EX5:BASE|2012-05-01|0.448899|0.656458|1.024764|0.683820|1.600386|5.846693|7.000000|0.617827|0.706232|0.950754|1.347289|0.634843|0.432466|0.544560|0.940567|1.039117|0.000000|0.428444|0.370227|0.133451|0.544560|0.731777|0.964489|0.000000|111.000000|0.600891|0.410202|51.000000|0.444515|0.769231|-0.129949|13.000000|0.000000|1.680314|0.226335|0.226335|1.000000|0.450518|20200323.000000|20200323.000000|20200529.000000|20150615.000000|20160229.000000|20260828.000000
EX5:BASE|2012-11-01|0.497180|0.671043|1.075410|0.740906|1.641236|5.917698|7.000000|0.612950|0.714097|0.994978|1.331284|0.596486|0.452184|0.545674|1.016826|1.097213|0.007752|0.449818|0.382928|0.125621|0.545674|0.819801|1.028174|0.000000|105.000000|0.609587|0.437944|45.000000|0.462752|0.769231|-0.130043|13.000000|0.000000|1.557060|0.165093|0.165093|1.000000|0.499564|20150825.000000|20150825.000000|20200529.000000|20150615.000000|20160229.000000|20260828.000000
EX5:BASE|2013-05-01|0.437022|0.686305|0.983022|0.636775|1.625549|5.948761|7.000000|0.611569|0.729546|1.060315|1.310438|0.594878|0.408679|0.506177|0.900202|1.005264|0.000000|0.419094|0.319613|0.075892|0.531196|0.788963|0.987759|0.000000|99.000000|0.592817|0.381743|39.000000|0.457579|0.833333|-0.237957|12.000000|0.000000|1.626376|0.200677|0.200677|1.000000|0.438414|20150825.000000|20150825.000000|20200529.000000|20150615.000000|20160229.000000|20260828.000000
EX5:BASE|2013-11-01|0.481404|0.659942|1.049428|0.729463|1.627681|5.915589|7.000000|0.613910|0.711301|0.951783|1.360280|0.624679|0.445793|0.472097|0.974898|1.055954|0.000000|0.470786|0.360838|0.143689|0.546543|0.861389|1.069282|0.000000|93.000000|0.612427|0.436388|33.000000|0.396085|0.833333|-0.174884|12.000000|0.000000|1.671445|0.222230|0.222230|1.000000|0.482787|20150825.000000|20150825.000000|20200529.000000|20150615.000000|20160229.000000|20260828.000000
EX5:BASE|2014-05-01|0.514422|0.716158|1.104067|0.718307|1.610342|6.016768|8.000000|0.609873|0.748387|1.002131|1.321429|0.593062|0.432476|0.465276|1.119944|1.056012|0.000000|0.458432|0.349583|0.075129|0.545385|0.842000|1.066401|0.000000|87.000000|0.601346|0.428146|27.000000|0.444501|0.727273|-0.247844|11.000000|0.000000|1.679333|0.225883|0.225883|1.000000|0.515643|20200323.000000|20200323.000000|20200529.000000|20150615.000000|20160229.000000|20260828.000000
EX5:BASE|2014-11-01|0.494898|0.743455|1.066162|0.665673|1.602770|6.378887|7.000000|0.614217|0.706071|0.950148|1.316273|0.613217|0.462102|0.357899|1.310680|1.140100|0.000000|0.478840|0.374428|0.058450|0.545545|0.877728|1.084905|0.000000|81.000000|0.603864|0.474726|21.000000|0.481892|0.727273|-0.315999|11.000000|0.000000|1.521648|0.145663|0.145663|1.000000|0.496412|20150825.000000|20150825.000000|20200529.000000|20150615.000000|20160128.000000|20260828.000000
EX5:BASE|2015-05-01|0.459130|0.564354|1.124997|0.813550|1.508081|5.998019|7.000000|0.604105|0.692944|0.818276|1.338182|0.535472|0.446562|0.320577|1.508314|1.090102|0.000000|0.482739|0.349240|0.122725|0.474254|1.017891|1.110883|0.000000|75.000000|0.607898|0.449823|15.000000|0.484007|0.800000|-0.272405|10.000000|0.000000|1.785690|0.271990|0.271990|1.000000|0.460464|20200323.000000|20200323.000000|20200529.000000|20150615.000000|20160613.000000|20260828.000000
EX5:BASE|2015-11-01|0.477669|0.478839|1.164295|0.997555|1.567354|5.936524|7.000000|0.603741|0.693867|0.803670|1.331754|0.540437|0.399232|0.320714|1.450706|1.113493|0.000000|0.440863|0.362350|0.213095|0.474550|0.940336|1.065645|0.000000|69.000000|0.573013|0.569529|9.000000|0.427481|0.800000|-0.267057|10.000000|0.000000|1.784613|0.271551|0.271551|1.000000|0.479220|20200323.000000|20200323.000000|20230131.000000|20151225.000000|20160613.000000|20260828.000000
EX5:BASE|2016-05-01|0.622485|0.474701|1.404678|1.311320|1.591794|5.940075|7.000000|0.603761|0.694616|0.826776|1.354213|0.532483|0.468000|0.320116|1.548988|1.211854|0.000000|0.502381|0.429232|0.269597|0.474701|1.079670|1.151692|0.000000|63.000000|0.614575|0.616504|3.000000|0.544806|0.888889|-0.076812|9.000000|0.000000|1.784219|0.271390|0.271390|1.000000|0.624935|20200323.000000|20200323.000000|20230131.000000|20200114.000000|20200323.000000|20260828.000000
EX5:PC60SSEP08|2009-11-01|0.325885|0.748108|0.812242|0.435612|1.513412|6.751002|6.000000|0.628573|0.733488|0.954503|1.374335|0.705690|0.393081|0.544451|0.819466|0.929261|0.151515|0.399839|0.246922|-0.148936|0.544451|0.692548|0.902880|0.106383|141.000000|0.496451|0.361634|81.000000|0.305326|0.625000|-0.346536|16.000000|0.000000|1.681095|0.226694|0.226694|0.984589|0.327234|20200323.000000|20200323.000000|20160229.000000|20110328.000000|20140320.000000|20260828.000000
EX5:PC60SSEP08|2010-05-01|0.338002|0.746433|0.821990|0.452823|1.561735|6.779367|6.000000|0.622440|0.729322|0.949758|1.371910|0.675409|0.406325|0.545478|0.804376|0.924378|0.119497|0.393683|0.318244|-0.168742|0.545478|0.686203|0.884864|0.081481|135.000000|0.497026|0.360278|75.000000|0.253251|0.666667|-0.346227|15.000000|0.000000|1.590301|0.182545|0.182545|1.000000|0.339525|20150825.000000|20150825.000000|20160229.000000|20110328.000000|20140320.000000|20260828.000000
EX5:PC60SSEP08|2010-11-01|0.385369|0.603264|0.933382|0.638807|1.467852|6.640216|7.000000|0.619967|0.713641|0.955752|1.354881|0.660884|0.417620|0.459479|0.892191|0.980874|0.078431|0.415125|0.347588|-0.014934|0.545536|0.730280|0.944130|0.007752|129.000000|0.535975|0.390492|69.000000|0.292695|0.666667|-0.202359|15.000000|0.000000|1.679143|0.225795|0.225795|1.000000|0.386846|20200323.000000|20200323.000000|20160229.000000|20150615.000000|20160229.000000|20260828.000000
EX5:PC60SSEP08|2011-05-01|0.398235|0.627170|0.949606|0.634972|1.516823|6.027012|7.000000|0.621685|0.706627|0.948229|1.350983|0.651176|0.415990|0.423380|0.897238|0.975550|0.040816|0.412280|0.351998|0.031328|0.544279|0.718895|0.938760|0.000000|123.000000|0.510786|0.400842|63.000000|0.358419|0.714286|-0.202447|14.000000|0.000000|1.680749|0.226535|0.226535|1.000000|0.399787|20200323.000000|20200323.000000|20160531.000000|20150615.000000|20160229.000000|20260828.000000
EX5:PC60SSEP08|2011-11-01|0.417132|0.647913|0.961461|0.643809|1.567496|6.865901|7.000000|0.621825|0.704821|0.950096|1.356406|0.678014|0.444874|0.516067|1.030186|1.027333|0.000000|0.436154|0.370892|0.084752|0.545612|0.784145|0.991959|0.000000|117.000000|0.609727|0.422684|57.000000|0.406409|0.714286|-0.202452|14.000000|0.000000|1.590946|0.182876|0.182876|1.000000|0.419018|20150825.000000|20150825.000000|20161230.000000|20150615.000000|20160229.000000|20260828.000000
EX5:PC60SSEP08|2012-05-01|0.431481|0.673555|0.989369|0.640603|1.589289|5.867832|7.000000|0.610178|0.700196|0.847492|1.373355|0.595616|0.371861|0.398801|0.887309|0.941820|0.000000|0.441324|0.349025|0.199485|0.398801|0.840069|0.970134|0.000000|111.000000|0.576394|0.402757|51.000000|0.241995|0.846154|-0.061401|13.000000|0.000000|1.601919|0.188473|0.188473|1.000000|0.433029|20150825.000000|20150825.000000|20230131.000000|20150615.000000|20160229.000000|20260828.000000
EX5:PC60SSEP08|2012-11-01|0.497180|0.671043|1.075410|0.740906|1.641236|5.917698|7.000000|0.612950|0.714097|0.994978|1.331284|0.596486|0.452184|0.545674|1.016826|1.097213|0.007752|0.449818|0.382928|0.125621|0.545674|0.819801|1.028174|0.000000|105.000000|0.609587|0.437944|45.000000|0.462752|0.769231|-0.130043|13.000000|0.000000|1.557060|0.165093|0.165093|1.000000|0.499564|20150825.000000|20150825.000000|20200529.000000|20150615.000000|20160229.000000|20260828.000000
EX5:PC60SSEP08|2013-05-01|0.437022|0.686305|0.983022|0.636775|1.625549|5.948761|7.000000|0.611569|0.729546|1.060315|1.310438|0.594878|0.408679|0.506177|0.900202|1.005264|0.000000|0.419094|0.319613|0.075892|0.531196|0.788963|0.987759|0.000000|99.000000|0.592817|0.381743|39.000000|0.457579|0.833333|-0.237957|12.000000|0.000000|1.626376|0.200677|0.200677|1.000000|0.438414|20150825.000000|20150825.000000|20200529.000000|20150615.000000|20160229.000000|20260828.000000
EX5:PC60SSEP08|2013-11-01|0.466161|0.659942|1.026835|0.706366|1.627443|6.241484|7.000000|0.614454|0.707244|0.951972|1.367553|0.638462|0.427280|0.472097|0.923196|1.006140|0.000000|0.441794|0.352997|0.143702|0.546573|0.813651|1.022756|0.000000|93.000000|0.593738|0.424310|33.000000|0.396118|0.833333|-0.174866|12.000000|0.000000|1.671445|0.222230|0.222230|1.000000|0.467494|20150825.000000|20150825.000000|20200529.000000|20150615.000000|20160229.000000|20260828.000000
EX5:PC60SSEP08|2014-05-01|0.528726|0.715838|1.125539|0.738611|1.610163|6.063510|7.000000|0.610058|0.745757|1.000921|1.322546|0.592061|0.439013|0.466256|1.129639|1.076501|0.000000|0.455715|0.347892|0.077849|0.545440|0.835500|1.067913|0.000000|87.000000|0.619483|0.428860|27.000000|0.444507|0.727273|-0.240379|11.000000|0.000000|1.678894|0.225681|0.225681|1.000000|0.529986|20200323.000000|20200323.000000|20200529.000000|20150615.000000|20160229.000000|20260828.000000
EX5:PC60SSEP08|2014-11-01|0.494898|0.743455|1.066162|0.665673|1.602770|6.378887|7.000000|0.614217|0.706071|0.950148|1.316273|0.613217|0.462102|0.357899|1.310680|1.140100|0.000000|0.478840|0.374428|0.058450|0.545545|0.877728|1.084905|0.000000|81.000000|0.603864|0.474726|21.000000|0.481892|0.727273|-0.315999|11.000000|0.000000|1.521648|0.145663|0.145663|1.000000|0.496412|20150825.000000|20150825.000000|20200529.000000|20150615.000000|20160128.000000|20260828.000000
EX5:PC60SSEP08|2015-05-01|0.459130|0.564354|1.124997|0.813550|1.508081|5.998019|7.000000|0.604105|0.692944|0.818276|1.338182|0.535472|0.446562|0.320577|1.508314|1.090102|0.000000|0.482739|0.349240|0.122725|0.474254|1.017891|1.110883|0.000000|75.000000|0.607898|0.449823|15.000000|0.484007|0.800000|-0.272405|10.000000|0.000000|1.785690|0.271990|0.271990|1.000000|0.460464|20200323.000000|20200323.000000|20200529.000000|20150615.000000|20160613.000000|20260828.000000
EX5:PC60SSEP08|2015-11-01|0.477669|0.478839|1.164295|0.997555|1.567354|5.936524|7.000000|0.603741|0.693867|0.803670|1.331754|0.540437|0.399232|0.320714|1.450706|1.113493|0.000000|0.440863|0.362350|0.213095|0.474550|0.940336|1.065645|0.000000|69.000000|0.573013|0.569529|9.000000|0.427481|0.800000|-0.267057|10.000000|0.000000|1.784613|0.271551|0.271551|1.000000|0.479220|20200323.000000|20200323.000000|20230131.000000|20151225.000000|20160613.000000|20260828.000000
EX5:PC60SSEP08|2016-05-01|0.622485|0.474701|1.404678|1.311320|1.591794|5.940075|7.000000|0.603761|0.694616|0.826776|1.354213|0.532483|0.468000|0.320116|1.548988|1.211854|0.000000|0.502381|0.429232|0.269597|0.474701|1.079670|1.151692|0.000000|63.000000|0.614575|0.616504|3.000000|0.544806|0.888889|-0.076812|9.000000|0.000000|1.784219|0.271390|0.271390|1.000000|0.624935|20200323.000000|20200323.000000|20230131.000000|20200114.000000|20200323.000000|20260828.000000
EX5:PC20SSEP08|2009-11-01|0.235968|0.649165|0.723787|0.363495|1.336841|7.310513|10.000000|0.237406|0.276428|0.432553|0.667111|0.000000|0.204440|0.365657|0.561329|0.643453|0.145455|0.248103|0.137578|-0.048323|0.408375|0.491957|0.755605|0.014184|141.000000|0.291717|0.222136|81.000000|0.044900|0.687500|-0.102742|16.000000|0.000000|1.713629|0.241376|0.241376|0.984589|0.236913|20150825.000000|20150825.000000|20160229.000000|20150612.000000|20160229.000000|20260828.000000
EX5:PC20SSEP08|2010-05-01|0.248570|0.649593|0.747738|0.382655|1.366366|7.111996|10.000000|0.240974|0.280627|0.432529|0.673111|0.000000|0.217553|0.381187|0.561494|0.702453|0.119497|0.264478|0.155210|-0.054376|0.390157|0.500563|0.766963|0.014815|135.000000|0.329790|0.230877|75.000000|0.040780|0.600000|-0.102748|15.000000|0.000000|1.720301|0.244318|0.244318|1.000000|0.249653|20150825.000000|20150825.000000|20160229.000000|20150612.000000|20160229.000000|20260828.000000
EX5:PC20SSEP08|2010-11-01|0.265640|0.652688|0.787964|0.406994|1.373491|6.495625|10.000000|0.234571|0.288524|0.433763|0.664389|0.000000|0.225325|0.343186|0.583003|0.720550|0.071895|0.271595|0.168681|-0.011519|0.381638|0.512660|0.776796|0.007752|129.000000|0.313302|0.235838|69.000000|0.039461|0.666667|-0.065559|15.000000|0.000000|1.708083|0.238913|0.238913|1.000000|0.266615|20150825.000000|20150825.000000|20160229.000000|20150612.000000|20160229.000000|20260828.000000
EX5:PC20SSEP08|2011-05-01|0.276896|0.648987|0.809677|0.426660|1.405219|6.952607|10.000000|0.238123|0.279373|0.432285|0.670179|0.000000|0.238869|0.363129|0.647232|0.775889|0.020408|0.284892|0.189287|0.053076|0.363129|0.554430|0.782870|0.000000|123.000000|0.331422|0.243155|63.000000|0.161194|0.785714|-0.065565|14.000000|0.000000|1.711572|0.240464|0.240464|1.000000|0.277930|20150825.000000|20150825.000000|20160531.000000|20150612.000000|20160229.000000|20260828.000000
EX5:PC20SSEP08|2011-11-01|0.287335|0.648378|0.827326|0.443160|1.461142|6.914773|10.000000|0.236297|0.279004|0.430392|0.665929|0.000000|0.236468|0.362583|0.675517|0.737193|0.000000|0.279788|0.196968|0.074869|0.362583|0.544973|0.792433|0.000000|117.000000|0.382250|0.240186|57.000000|0.128064|0.785714|-0.065538|14.000000|0.000000|1.722762|0.245398|0.245398|1.000000|0.288576|20150825.000000|20150825.000000|20230131.000000|20150612.000000|20160229.000000|20260828.000000
EX5:PC20SSEP08|2012-05-01|0.306210|0.649932|0.862300|0.471141|1.494054|6.675908|10.000000|0.239683|0.282980|0.398272|0.671895|0.000000|0.243804|0.381016|0.655148|0.771883|0.007407|0.289869|0.216023|0.076822|0.381016|0.564230|0.793873|0.000000|111.000000|0.380402|0.244867|51.000000|0.264486|0.692308|-0.046452|13.000000|0.000000|1.691931|0.231647|0.231647|1.000000|0.307261|20150825.000000|20150825.000000|20230131.000000|20150612.000000|20160229.000000|20260828.000000
EX5:PC20SSEP08|2012-11-01|0.336974|0.649666|0.917701|0.518688|1.539383|7.302761|10.000000|0.237638|0.279611|0.433543|0.670657|0.000000|0.239726|0.363335|0.701322|0.786228|0.000000|0.294652|0.215941|0.080939|0.363335|0.604121|0.824649|0.000000|105.000000|0.384442|0.266050|45.000000|0.196830|0.923077|-0.040455|13.000000|0.000000|1.717135|0.242925|0.242925|1.000000|0.338505|20150825.000000|20150825.000000|20230131.000000|20150612.000000|20160229.000000|20260828.000000
EX5:PC20SSEP08|2013-05-01|0.333616|0.613971|0.944491|0.543375|1.510855|6.888159|10.000000|0.235277|0.290638|0.401680|0.664755|0.000000|0.243542|0.362249|0.763928|0.812411|0.000000|0.272868|0.206918|0.083161|0.362249|0.650750|0.854832|0.000000|99.000000|0.389928|0.285996|39.000000|0.246355|0.833333|-0.072147|12.000000|0.000000|2.131019|0.389963|0.389963|1.000000|0.334643|20150825.000000|20150825.000000|20230131.000000|20150615.000000|20160229.000000|20260828.000000
EX5:PC20SSEP08|2013-11-01|0.357131|0.613602|0.965427|0.582024|1.533695|6.612172|11.000000|0.233643|0.280037|0.386539|0.663137|0.000000|0.258158|0.383750|0.819220|0.810468|0.000000|0.266678|0.199967|0.069476|0.383750|0.630744|0.839565|0.000000|93.000000|0.381926|0.295115|33.000000|0.238043|0.750000|-0.095728|12.000000|0.000000|1.787668|0.272796|0.272796|1.000000|0.358115|20150825.000000|20150825.000000|20230131.000000|20150615.000000|20160229.000000|20260828.000000
EX5:PC20SSEP08|2014-05-01|0.395383|0.563972|1.089209|0.701069|1.523204|6.566712|10.000000|0.233634|0.278228|0.371129|0.661914|0.000000|0.256202|0.317258|0.958489|0.898032|0.000000|0.275213|0.205938|0.090475|0.363003|0.707285|0.906049|0.000000|87.000000|0.390146|0.309707|27.000000|0.275552|0.818182|-0.059994|11.000000|0.000000|2.164950|0.399524|0.399524|1.000000|0.396286|20160111.000000|20160111.000000|20230131.000000|20150615.000000|20160229.000000|20260828.000000
EX5:PC20SSEP08|2014-11-01|0.323818|0.683628|0.904995|0.473675|1.495707|6.770449|10.000000|0.235472|0.287289|0.382161|0.665684|0.000000|0.210787|0.221072|0.896401|0.718015|0.000000|0.233518|0.149531|0.042860|0.370217|0.650839|0.799768|0.000000|81.000000|0.377762|0.292460|21.000000|0.122856|0.545455|-0.257926|11.000000|0.000000|1.752216|0.258082|0.258082|1.000000|0.324753|20150824.000000|20150824.000000|20200529.000000|20150612.000000|20160229.000000|20260828.000000
EX5:PC20SSEP08|2015-05-01|0.298141|0.366904|1.008732|0.812587|1.422813|6.904230|11.000000|0.234878|0.265104|0.334823|0.662029|0.000000|0.226468|0.265164|1.063158|0.866101|0.000000|0.245204|0.180828|0.077611|0.361804|0.705199|0.865293|0.000000|75.000000|0.377728|0.282888|15.000000|0.246998|0.700000|-0.155715|10.000000|0.000000|2.200933|0.409341|0.409341|1.000000|0.298960|20200203.000000|20200203.000000|20230131.000000|20150615.000000|20160510.000000|20260828.000000
EX5:PC20SSEP08|2015-11-01|0.322564|0.378936|1.060986|0.851238|1.465695|6.900380|11.000000|0.234936|0.268568|0.368672|0.661058|0.000000|0.233783|0.254319|1.298130|0.907650|0.000000|0.262987|0.191370|0.086890|0.378936|0.695215|0.889188|0.000000|69.000000|0.380138|0.372182|9.000000|0.291200|0.700000|-0.152115|10.000000|0.000000|2.226068|0.416011|0.416011|1.000000|0.323559|20200203.000000|20200203.000000|20230131.000000|20200114.000000|20200323.000000|20260828.000000
EX5:PC20SSEP08|2016-05-01|0.381585|0.379888|1.224698|1.004467|1.494631|7.328127|11.000000|0.235718|0.270121|0.356844|0.664123|0.000000|0.208077|0.260842|1.060562|0.750685|0.000000|0.255182|0.171974|0.072900|0.379888|0.679769|0.859601|0.000000|63.000000|0.380742|0.379307|3.000000|0.288426|0.666667|-0.045526|9.000000|0.000000|2.224787|0.415674|0.415674|1.000000|0.382978|20200203.000000|20200203.000000|20230131.000000|20200114.000000|20200323.000000|20260828.000000
EX5:PC25SSEP08|2009-11-01|0.268089|0.656110|0.766943|0.408604|1.381743|6.348984|9.000000|0.290676|0.342049|0.449667|0.813372|0.000000|0.222847|0.423940|0.569101|0.685360|0.121212|0.258801|0.150387|-0.040939|0.428363|0.540839|0.765811|0.007092|141.000000|0.300923|0.246017|81.000000|0.086873|0.687500|-0.129907|16.000000|0.000000|1.571958|0.173006|0.173006|0.984589|0.269175|20150825.000000|20150825.000000|20160229.000000|20150615.000000|20160229.000000|20260828.000000
EX5:PC25SSEP08|2010-05-01|0.282385|0.664780|0.790572|0.424780|1.429345|6.044414|9.000000|0.285933|0.334383|0.432655|0.808674|0.000000|0.242598|0.380705|0.632521|0.692604|0.106918|0.287721|0.174520|-0.061388|0.414365|0.554363|0.790192|0.014815|135.000000|0.312410|0.256580|75.000000|0.099694|0.800000|-0.129792|15.000000|0.000000|1.557651|0.165410|0.165410|1.000000|0.283632|20150825.000000|20150825.000000|20160229.000000|20150612.000000|20160229.000000|20260828.000000
EX5:PC25SSEP08|2010-11-01|0.307200|0.654648|0.848910|0.469260|1.418528|6.430722|9.000000|0.282283|0.341507|0.460927|0.800268|0.000000|0.260330|0.354206|0.691085|0.776787|0.039216|0.305187|0.191559|0.016549|0.384852|0.593624|0.829383|0.000000|129.000000|0.334151|0.273145|69.000000|0.161536|0.800000|-0.098852|15.000000|0.000000|1.572540|0.173312|0.173312|1.000000|0.308345|20150825.000000|20150825.000000|20160229.000000|20150615.000000|20160229.000000|20260828.000000
EX5:PC25SSEP08|2011-05-01|0.314893|0.651057|0.860281|0.483664|1.456939|6.432665|9.000000|0.285955|0.345173|0.497750|0.808053|0.000000|0.258717|0.386163|0.696349|0.785798|0.013605|0.301152|0.214890|0.081546|0.386163|0.588943|0.824940|0.000000|123.000000|0.349504|0.269633|63.000000|0.148181|0.785714|-0.098853|14.000000|0.000000|1.580303|0.177373|0.177373|1.000000|0.316084|20150825.000000|20150825.000000|20160531.000000|20150615.000000|20160229.000000|20260828.000000
EX5:PC25SSEP08|2011-11-01|0.323585|0.650705|0.871971|0.497283|1.506880|6.309602|9.000000|0.285613|0.346583|0.497616|0.811546|0.000000|0.264029|0.386808|0.725040|0.784896|0.000000|0.306742|0.219471|0.077585|0.386808|0.596744|0.834028|0.000000|117.000000|0.418239|0.272346|57.000000|0.139210|0.857143|-0.099514|14.000000|0.000000|1.579971|0.177200|0.177200|1.000000|0.325001|20150825.000000|20150825.000000|20230131.000000|20150615.000000|20160229.000000|20260828.000000
EX5:PC25SSEP08|2012-05-01|0.344709|0.667725|0.900625|0.516245|1.551101|5.854957|10.000000|0.285285|0.336344|0.453042|0.808001|0.000000|0.257898|0.380562|0.687619|0.789562|0.007407|0.304707|0.233417|0.088387|0.380562|0.588836|0.805325|0.000000|111.000000|0.433276|0.272287|51.000000|0.117583|0.923077|-0.095381|13.000000|0.000000|1.547880|0.160142|0.160142|1.000000|0.345910|20150825.000000|20150825.000000|20230131.000000|20150612.000000|20160229.000000|20260828.000000
EX5:PC25SSEP08|2012-11-01|0.364894|0.672353|0.934193|0.542711|1.568815|6.666206|9.000000|0.292423|0.356268|0.456420|0.817660|0.000000|0.257061|0.383869|0.663449|0.758304|0.007752|0.301845|0.218687|0.069913|0.383869|0.579244|0.809315|0.000000|105.000000|0.422713|0.274105|45.000000|0.129707|0.769231|-0.091749|13.000000|0.000000|1.549800|0.161182|0.161182|1.000000|0.366569|20150825.000000|20150825.000000|20230131.000000|20150612.000000|20160229.000000|20260828.000000
EX5:PC25SSEP08|2013-05-01|0.334467|0.637333|0.905262|0.524792|1.537537|6.455598|9.000000|0.292101|0.348129|0.452855|0.818840|0.000000|0.226941|0.412169|0.607684|0.751744|0.000000|0.269669|0.203173|0.062954|0.413691|0.546052|0.789389|0.000000|99.000000|0.412489|0.274682|39.000000|0.238809|0.750000|-0.165794|12.000000|0.000000|1.900846|0.316094|0.316094|1.000000|0.335496|20150825.000000|20150825.000000|20230131.000000|20150615.000000|20160229.000000|20260828.000000
EX5:PC25SSEP08|2013-11-01|0.355797|0.627879|0.954756|0.566665|1.534484|6.810693|9.000000|0.289928|0.337321|0.412047|0.810880|0.000000|0.244184|0.398317|0.663715|0.764144|0.000000|0.258688|0.191835|0.056228|0.413451|0.570351|0.794291|0.000000|93.000000|0.408740|0.284687|33.000000|0.231464|0.666667|-0.175040|12.000000|0.000000|2.002934|0.350952|0.350952|1.000000|0.356777|20150825.000000|20150825.000000|20230131.000000|20150615.000000|20160229.000000|20260828.000000
EX5:PC25SSEP08|2014-05-01|0.399389|0.639090|1.043396|0.624934|1.569863|6.712604|9.000000|0.284534|0.339963|0.442140|0.805001|0.000000|0.256504|0.346529|0.845248|0.826232|0.000000|0.270943|0.214017|0.085371|0.379286|0.653360|0.830138|0.000000|87.000000|0.424625|0.310316|27.000000|0.182080|0.818182|-0.171297|11.000000|0.000000|1.890075|0.312197|0.312197|1.000000|0.400302|20150825.000000|20150825.000000|20200529.000000|20150612.000000|20160229.000000|20260828.000000
EX5:PC25SSEP08|2014-11-01|0.349502|0.730565|0.922161|0.478399|1.526827|6.972105|9.000000|0.285292|0.332122|0.524836|0.793244|0.000000|0.241548|0.253430|0.883960|0.804419|0.000000|0.270073|0.179808|0.048463|0.385093|0.701318|0.873228|0.000000|81.000000|0.419045|0.326670|21.000000|0.207220|0.636364|-0.328775|11.000000|0.000000|1.498113|0.132242|0.132242|1.000000|0.350521|20150825.000000|20150825.000000|20200529.000000|20150612.000000|20160128.000000|20260828.000000
EX5:PC25SSEP08|2015-05-01|0.323522|0.411026|1.030489|0.787109|1.436915|6.896767|9.000000|0.286528|0.325925|0.400984|0.803290|0.000000|0.240441|0.279908|0.944328|0.848589|0.000000|0.251269|0.192569|0.082234|0.411026|0.623325|0.829901|0.000000|75.000000|0.414497|0.305598|15.000000|0.270262|0.600000|-0.195848|10.000000|0.000000|2.180452|0.403793|0.403793|1.000000|0.324419|20200323.000000|20200323.000000|20230131.000000|20200114.000000|20200323.000000|20260828.000000
EX5:PC25SSEP08|2015-11-01|0.349969|0.411343|1.083115|0.850796|1.498837|6.677406|9.000000|0.287901|0.327798|0.401073|0.806106|0.000000|0.241239|0.279804|1.034754|0.808869|0.000000|0.263465|0.201276|0.079109|0.411343|0.662633|0.865289|0.000000|69.000000|0.416355|0.405218|9.000000|0.272086|0.600000|-0.192154|10.000000|0.000000|2.180234|0.403734|0.403734|1.000000|0.351058|20200323.000000|20200323.000000|20230131.000000|20200114.000000|20200323.000000|20260828.000000
EX5:PC25SSEP08|2016-05-01|0.407862|0.410517|1.235816|0.993533|1.529760|6.610023|10.000000|0.290570|0.331776|0.401012|0.814764|0.000000|0.194777|0.284573|0.735711|0.706588|0.000000|0.234877|0.168264|0.054862|0.410517|0.582731|0.787117|0.000000|63.000000|0.406796|0.402872|3.000000|0.356043|0.666667|-0.046132|9.000000|0.000000|2.170870|0.401162|0.401162|1.000000|0.409365|20200323.000000|20200323.000000|20230131.000000|20200114.000000|20200323.000000|20260828.000000
EX5:PC30SSEP08|2009-11-01|0.248760|0.734055|0.704217|0.338885|1.401801|6.566612|8.000000|0.344409|0.411773|0.635892|0.947008|0.006546|0.212855|0.457520|0.504529|0.663280|0.157576|0.264619|0.143514|-0.122038|0.488060|0.438381|0.706157|0.070922|141.000000|0.368238|0.219312|81.000000|0.018062|0.625000|-0.159171|16.000000|0.000000|1.480654|0.122010|0.122010|0.984589|0.249761|20150825.000000|20150825.000000|20160229.000000|20150612.000000|20160229.000000|20260828.000000
EX5:PC30SSEP08|2010-05-01|0.285850|0.705177|0.777270|0.405359|1.438129|6.378482|9.000000|0.343244|0.396270|0.574546|0.952040|0.000000|0.259851|0.400842|0.673671|0.778311|0.125786|0.311896|0.182265|-0.106117|0.445374|0.553848|0.795737|0.051852|135.000000|0.410663|0.272975|75.000000|0.101431|0.666667|-0.159084|15.000000|0.000000|1.494596|0.130199|0.130199|1.000000|0.287113|20150825.000000|20150825.000000|20160229.000000|20150612.000000|20160229.000000|20260828.000000
EX5:PC30SSEP08|2010-11-01|0.280587|0.712214|0.766628|0.393964|1.426224|6.371513|8.000000|0.334742|0.410296|0.584134|0.942243|0.000000|0.238089|0.452844|0.542446|0.709870|0.065359|0.287182|0.174431|-0.049329|0.469513|0.472190|0.747244|0.015504|129.000000|0.356549|0.242103|69.000000|0.014467|0.533333|-0.117501|15.000000|0.000000|1.486176|0.125272|0.125272|1.000000|0.281622|20150825.000000|20150825.000000|20160229.000000|20150612.000000|20160229.000000|20260828.000000
EX5:PC30SSEP08|2011-05-01|0.316647|0.653747|0.852423|0.484357|1.454654|6.439452|8.000000|0.340788|0.403507|0.549417|0.945323|0.000000|0.266584|0.400244|0.624934|0.764987|0.013605|0.320572|0.214757|0.054057|0.453483|0.565960|0.826089|0.000000|123.000000|0.369303|0.275060|63.000000|0.119720|0.714286|-0.098781|14.000000|0.000000|1.685623|0.228772|0.228772|1.000000|0.317846|20150825.000000|20150825.000000|20160531.000000|20150612.000000|20160229.000000|20260828.000000
EX5:PC30SSEP08|2011-11-01|0.323980|0.669290|0.860241|0.484064|1.508802|6.385928|8.000000|0.339968|0.406277|0.569744|0.945064|0.000000|0.264273|0.460428|0.630337|0.762403|0.007092|0.312344|0.213580|0.080168|0.460428|0.538035|0.805267|0.000000|117.000000|0.444214|0.266124|57.000000|0.103995|0.714286|-0.098869|14.000000|0.000000|1.726098|0.246856|0.246856|1.000000|0.325398|20150825.000000|20150825.000000|20230131.000000|20150612.000000|20160229.000000|20260828.000000
EX5:PC30SSEP08|2012-05-01|0.348572|0.697823|0.884552|0.499513|1.540455|6.429090|9.000000|0.342592|0.409497|0.558945|0.948008|0.000000|0.260726|0.468961|0.589558|0.754247|0.014815|0.321944|0.228465|0.094302|0.468961|0.521140|0.784454|0.000000|111.000000|0.449169|0.266495|51.000000|0.181058|0.692308|-0.110570|13.000000|0.000000|1.497415|0.131837|0.131837|1.000000|0.349787|20150825.000000|20150825.000000|20230131.000000|20150612.000000|20150825.000000|20260828.000000
EX5:PC30SSEP08|2012-11-01|0.394629|0.687373|0.964625|0.574112|1.585131|6.444481|8.000000|0.340578|0.402073|0.547842|0.948041|0.000000|0.271589|0.467671|0.649212|0.774652|0.000000|0.337727|0.231551|0.095123|0.467671|0.570627|0.833682|0.000000|105.000000|0.453242|0.295852|45.000000|0.228252|0.692308|-0.081743|13.000000|0.000000|1.514262|0.141496|0.141496|1.000000|0.396459|20150825.000000|20150825.000000|20230131.000000|20150612.000000|20150825.000000|20260828.000000
EX5:PC30SSEP08|2013-05-01|0.352508|0.638666|0.917004|0.551945|1.553699|6.476631|9.000000|0.342818|0.411702|0.510963|0.945040|0.000000|0.255407|0.444335|0.664745|0.795493|0.000000|0.299080|0.219244|0.091430|0.457624|0.559418|0.818670|0.000000|99.000000|0.441876|0.292097|39.000000|0.249104|0.750000|-0.193592|12.000000|0.000000|1.808458|0.281156|0.281156|1.000000|0.353600|20150825.000000|20150825.000000|20230131.000000|20150615.000000|20160229.000000|20260828.000000
EX5:PC30SSEP08|2013-11-01|0.369869|0.669725|0.937059|0.552270|1.559056|6.501062|9.000000|0.338483|0.413337|0.521453|0.944751|0.000000|0.274089|0.435575|0.734761|0.814579|0.000000|0.290638|0.222853|0.084491|0.468911|0.560381|0.805243|0.000000|93.000000|0.443154|0.300992|33.000000|0.280420|0.666667|-0.194882|12.000000|0.000000|1.658560|0.216188|0.216188|1.000000|0.370893|20150825.000000|20150825.000000|20200529.000000|20150615.000000|20160229.000000|20260828.000000
EX5:PC30SSEP08|2014-05-01|0.413618|0.704194|1.009899|0.587364|1.560801|6.543322|9.000000|0.339398|0.414653|0.539703|0.944081|0.000000|0.268418|0.425412|0.709534|0.818553|0.000000|0.290935|0.212894|0.080041|0.470525|0.559126|0.830109|0.000000|87.000000|0.448557|0.324877|27.000000|0.157224|0.545455|-0.144835|11.000000|0.000000|1.658051|0.215947|0.215947|1.000000|0.414569|20150824.000000|20150824.000000|20200529.000000|20150612.000000|20160229.000000|20260828.000000
EX5:PC30SSEP08|2014-11-01|0.369936|0.719655|0.936149|0.514047|1.570976|6.556191|8.000000|0.337253|0.415751|0.595300|0.931450|0.000000|0.261897|0.323050|0.832174|0.789873|0.000000|0.279612|0.194452|0.040473|0.454336|0.615429|0.840838|0.000000|81.000000|0.443535|0.340512|21.000000|0.137397|0.636364|-0.299787|11.000000|0.000000|1.625096|0.200047|0.200047|1.000000|0.371023|20150824.000000|20150824.000000|20200529.000000|20150612.000000|20160128.000000|20260828.000000
EX5:PC30SSEP08|2015-05-01|0.345224|0.461978|1.040288|0.747274|1.449059|6.459296|8.000000|0.337001|0.389966|0.469012|0.922834|0.000000|0.254145|0.278103|0.818120|0.849491|0.000000|0.267169|0.210791|0.089611|0.461978|0.578315|0.823334|0.000000|75.000000|0.446146|0.328907|15.000000|0.232823|0.700000|-0.199513|10.000000|0.000000|1.885517|0.310534|0.310534|1.000000|0.346189|20200323.000000|20200323.000000|20230131.000000|20200114.000000|20200323.000000|20260828.000000
EX5:PC30SSEP08|2015-11-01|0.378516|0.462071|1.107829|0.819174|1.510373|6.437459|8.000000|0.338089|0.390778|0.469434|0.925939|0.000000|0.247197|0.278321|0.918936|0.819603|0.000000|0.281262|0.216771|0.091419|0.462071|0.608700|0.858737|0.000000|69.000000|0.450757|0.439977|9.000000|0.240572|0.600000|-0.194836|10.000000|0.000000|1.885014|0.310350|0.310350|1.000000|0.379706|20200323.000000|20200323.000000|20230131.000000|20200114.000000|20200323.000000|20260828.000000
EX5:PC30SSEP08|2016-05-01|0.453931|0.461996|1.285874|0.982543|1.539460|6.353309|8.000000|0.338792|0.390493|0.469050|0.930226|0.000000|0.241493|0.278396|0.900472|0.814957|0.000000|0.263299|0.200314|0.086895|0.461996|0.571326|0.833653|0.000000|63.000000|0.451532|0.448565|3.000000|0.344132|0.666667|-0.035665|9.000000|0.000000|1.885055|0.310365|0.310365|1.000000|0.455628|20200323.000000|20200323.000000|20230131.000000|20200114.000000|20200323.000000|20260828.000000
