#METRIC|m2|年化,最大回撤,Sharpe,Calmar,平均仓位,年均换手,持仓数中位,单票权重中位,单票权重P90,单票权重最大,前三权重中位,单票超60%天数占比,滚动3年年化中位,滚动3年回撤中位,滚动3年Calmar中位,滚动3年Sharpe中位,滚动3年为负的窗口占比,滚动5年年化中位,滚动5年年化P25,滚动5年年化最差,滚动5年回撤中位,滚动5年Calmar中位,滚动5年Sharpe中位,滚动5年为负的窗口占比,滚动5年窗口数,互不重叠5年块中位,滚动10年年化中位,滚动10年窗口数,逐年收益中位,逐年为正比例,逐年最差,完整自然年数,强平次数,最低担保比例,最低股票同跌缓冲,最低总资产冲击缓冲,rf覆盖率,年化_交易日口径,最低担保比例日,最低股票同跌缓冲日,滚动5年年化最差窗口末日,最大回撤起日,最大回撤止日,末次净值日
#MARKET|a
BASE|2009-11-01|0.313671|0.693960|0.753637|0.452001|1.620187|6.513478|6.000000|0.659951|0.999036|1.240627|1.427959|0.809630|0.345258|0.437173|0.826074|0.818675|0.072727|0.354410|0.200820|-0.043392|0.465111|0.761280|0.789551|0.042553|141.000000|0.461252|0.332922|81.000000|0.355592|0.750000|-0.277082|16.000000|0.000000|1.828535|0.289048|0.289048|0.984589|0.314964|20150824.000000|20150824.000000|20160229.000000|20150612.000000|20160616.000000|20260828.000000
BASE|2010-05-01|0.384892|0.663979|0.872536|0.579674|1.643964|6.919292|6.000000|0.661598|0.961168|1.241596|1.463840|0.774053|0.426251|0.431696|0.891936|0.921144|0.056604|0.436319|0.337015|-0.017465|0.451436|0.863560|0.943248|0.014815|135.000000|0.594415|0.421321|75.000000|0.387716|0.800000|-0.276843|15.000000|0.000000|1.742886|0.254111|0.254111|1.000000|0.386654|20150825.000000|20150825.000000|20160229.000000|20150609.000000|20160201.000000|20260828.000000
BASE|2010-11-01|0.323747|0.707306|0.772943|0.457718|1.612029|7.044267|6.000000|0.658376|0.925824|1.145085|1.401492|0.805978|0.369479|0.424419|0.905609|0.885043|0.084967|0.385978|0.209395|-0.061089|0.437072|0.917513|0.841897|0.069767|129.000000|0.462464|0.332224|69.000000|0.281902|0.800000|-0.316190|15.000000|0.000000|1.826051|0.288081|0.288081|1.000000|0.324961|20150825.000000|20150825.000000|20160630.000000|20150609.000000|20160616.000000|20260828.000000
BASE|2011-05-01|0.315362|0.702332|0.755310|0.449022|1.596396|6.706993|6.000000|0.662919|0.927899|1.126171|1.417640|0.806568|0.368996|0.441103|0.849744|0.849565|0.040816|0.391513|0.238177|-0.040188|0.452362|0.885366|0.857344|0.024390|123.000000|0.456260|0.336163|63.000000|0.360859|0.785714|-0.310331|14.000000|0.000000|1.712320|0.240796|0.240796|1.000000|0.316556|20150825.000000|20150825.000000|20160531.000000|20150609.000000|20160616.000000|20260828.000000
BASE|2011-11-01|0.359292|0.745172|0.821145|0.482160|1.640904|7.166607|7.000000|0.672308|1.011866|1.277698|1.430877|0.816775|0.388846|0.425505|0.968899|0.894870|0.042553|0.411019|0.249519|0.027506|0.433137|0.961479|0.889535|0.000000|117.000000|0.586368|0.339389|57.000000|0.386813|0.857143|-0.357911|14.000000|0.000000|1.859362|0.300836|0.300836|1.000000|0.360885|20150824.000000|20150824.000000|20161230.000000|20150609.000000|20160203.000000|20260828.000000
BASE|2012-05-01|0.363126|0.695070|0.829275|0.522431|1.655222|7.017899|6.000000|0.669655|0.896753|1.074116|1.457155|0.838320|0.406200|0.432282|0.863031|0.891631|0.029630|0.420243|0.341324|0.122458|0.463296|0.847484|0.884850|0.000000|111.000000|0.564410|0.392379|51.000000|0.368963|0.769231|-0.266259|13.000000|0.000000|1.710115|0.239817|0.239817|1.000000|0.364399|20150825.000000|20150825.000000|20170531.000000|20150609.000000|20160201.000000|20260828.000000
BASE|2012-11-01|0.460040|0.689124|0.955280|0.667571|1.694866|6.666922|6.000000|0.633093|0.877550|1.091374|1.480526|0.687909|0.524884|0.542830|1.076449|1.067008|0.015504|0.561728|0.398516|0.152549|0.542830|1.056312|1.066691|0.000000|105.000000|0.634630|0.473194|45.000000|0.377345|0.769231|-0.156592|13.000000|0.000000|1.729113|0.248170|0.248170|1.000000|0.462220|20150825.000000|20150825.000000|20200430.000000|20150609.000000|20160201.000000|20260828.000000
BASE|2013-05-01|0.470772|0.653723|0.971692|0.720140|1.685289|6.769186|7.000000|0.640924|0.794878|0.982195|1.441665|0.796976|0.508549|0.490601|1.120890|1.019260|0.016260|0.541909|0.437772|0.210076|0.510068|1.064405|1.049548|0.000000|99.000000|0.670713|0.475025|39.000000|0.422273|0.833333|-0.162553|12.000000|0.000000|1.707217|0.238527|0.238527|1.000000|0.472289|20150825.000000|20150825.000000|20200430.000000|20150612.000000|20160201.000000|20260828.000000
BASE|2013-11-01|0.453076|0.669472|0.956104|0.676765|1.670013|7.180484|7.000000|0.625618|0.842702|1.035315|1.437466|0.711538|0.489815|0.435420|1.127481|1.020146|0.008547|0.507200|0.369368|0.118071|0.449613|1.130357|1.025595|0.000000|93.000000|0.633773|0.428131|33.000000|0.384122|0.750000|-0.218313|12.000000|0.000000|1.896537|0.314540|0.314540|1.000000|0.454365|20200323.000000|20200323.000000|20181228.000000|20150612.000000|20160616.000000|20260828.000000
BASE|2014-05-01|0.460151|0.747492|0.964667|0.615593|1.670236|7.409002|6.000000|0.655705|1.063330|1.327542|1.475337|0.807205|0.480209|0.438099|1.093275|1.000993|0.027027|0.516876|0.422520|0.112204|0.439601|1.175786|1.026598|0.000000|87.000000|0.595752|0.423603|27.000000|0.436114|0.727273|-0.336172|11.000000|0.000000|1.879052|0.308162|0.308162|1.000000|0.461225|20200323.000000|20200323.000000|20200430.000000|20150609.000000|20160616.000000|20260828.000000
BASE|2014-11-01|0.479176|0.819996|0.988287|0.584364|1.627233|7.531097|7.000000|0.624030|0.738396|0.997798|1.446982|0.660589|0.589668|0.437579|1.264255|1.150285|0.028571|0.624475|0.527735|0.026504|0.559644|1.122903|1.169589|0.000000|81.000000|0.658605|0.508223|21.000000|0.470246|0.727273|-0.428941|11.000000|0.000000|1.795592|0.276005|0.276005|1.000000|0.480635|20200323.000000|20200323.000000|20200430.000000|20150609.000000|20160613.000000|20260828.000000
BASE|2015-05-01|0.480776|0.622013|1.035162|0.772936|1.591968|7.010411|7.000000|0.638292|0.740571|0.951859|1.458566|0.738903|0.608968|0.439527|1.291434|1.184431|0.000000|0.631227|0.564223|0.186105|0.577286|1.127102|1.170456|0.000000|75.000000|0.664195|0.561550|15.000000|0.474455|0.800000|-0.146421|10.000000|0.000000|2.000200|0.350065|0.350065|1.000000|0.482182|20200319.000000|20200319.000000|20200529.000000|20150609.000000|20160518.000000|20260828.000000
BASE|2015-11-01|0.616760|0.574713|1.211256|1.073162|1.648410|7.073630|7.000000|0.644984|0.745609|0.944390|1.474112|0.787614|0.649139|0.441470|1.312567|1.191715|0.000000|0.660862|0.578078|0.464053|0.574713|1.170488|1.201198|0.000000|69.000000|0.734709|0.739714|9.000000|0.585015|0.800000|-0.156067|10.000000|0.000000|2.052453|0.366612|0.366612|1.000000|0.618849|20200319.000000|20200319.000000|20201130.000000|20200114.000000|20200323.000000|20260828.000000
BASE|2016-05-01|0.650141|0.549885|1.281797|1.182322|1.670079|6.026931|6.000000|0.624818|0.740490|0.967177|1.463796|0.701475|0.634954|0.439713|1.334827|1.193221|0.000000|0.639115|0.583057|0.477797|0.549885|1.197286|1.199705|0.000000|63.000000|0.646660|0.649171|3.000000|0.494125|0.888889|-0.150877|9.000000|0.000000|1.974873|0.341730|0.341730|1.000000|0.652720|20200323.000000|20200323.000000|20230131.000000|20200114.000000|20200323.000000|20260828.000000
PC20SEP08|2009-11-01|0.270503|0.683922|0.774876|0.395517|1.419367|7.437112|9.000000|0.245502|0.361762|0.500797|0.685062|0.000000|0.288489|0.376569|0.766098|0.825601|0.151515|0.297673|0.188938|-0.070332|0.386141|0.564181|0.784423|0.049645|141.000000|0.445124|0.270301|81.000000|0.061868|0.687500|-0.208551|16.000000|0.000000|2.147682|0.394696|0.394696|0.984589|0.271600|20150824.000000|20150824.000000|20160229.000000|20150615.000000|20160510.000000|20260828.000000
PC20SEP08|2010-05-01|0.278215|0.702224|0.775468|0.396191|1.465772|7.377223|10.000000|0.245605|0.376577|0.503898|0.687676|0.000000|0.290956|0.380941|0.778665|0.832650|0.132075|0.298565|0.215816|-0.087218|0.380941|0.568069|0.768088|0.059259|135.000000|0.445748|0.265540|75.000000|0.067873|0.733333|-0.208449|15.000000|0.000000|1.915732|0.321408|0.321408|1.000000|0.279441|20150824.000000|20150824.000000|20160229.000000|20150612.000000|20160510.000000|20260828.000000
PC20SEP08|2010-11-01|0.295046|0.655975|0.835322|0.449783|1.414222|6.726350|10.000000|0.242898|0.319526|0.385328|0.677800|0.000000|0.303106|0.338853|0.822428|0.851744|0.078431|0.315894|0.238271|-0.010449|0.381473|0.624607|0.849200|0.023256|129.000000|0.444682|0.286206|69.000000|0.049035|0.666667|-0.107155|15.000000|0.000000|2.176448|0.402697|0.402697|1.000000|0.296141|20200203.000000|20200203.000000|20160229.000000|20150612.000000|20160510.000000|20260828.000000
PC20SEP08|2011-05-01|0.309058|0.698033|0.848038|0.442756|1.436498|6.820115|10.000000|0.245708|0.330325|0.382360|0.684370|0.000000|0.319583|0.381516|0.887566|0.879119|0.034014|0.320550|0.253623|-0.010214|0.381516|0.712977|0.820422|0.016260|123.000000|0.467393|0.287851|63.000000|0.247221|0.714286|-0.154163|14.000000|0.000000|1.950254|0.333420|0.333420|1.000000|0.310225|20150824.000000|20150824.000000|20160531.000000|20150612.000000|20160510.000000|20260828.000000
PC20SEP08|2011-11-01|0.329375|0.663136|0.893560|0.496692|1.482938|6.915706|10.000000|0.245311|0.322798|0.377029|0.682633|0.000000|0.319258|0.381488|0.886803|0.902953|0.014184|0.330704|0.273939|0.069946|0.381488|0.733380|0.873910|0.000000|117.000000|0.496176|0.298907|57.000000|0.247284|0.714286|-0.088285|14.000000|0.000000|1.957646|0.335937|0.335937|1.000000|0.330819|20150824.000000|20150824.000000|20161230.000000|20150612.000000|20160510.000000|20260828.000000
PC20SEP08|2012-05-01|0.330732|0.708265|0.893319|0.466960|1.503703|7.245229|10.000000|0.240248|0.331549|0.408320|0.674711|0.000000|0.317536|0.381068|0.918595|0.885505|0.029630|0.316714|0.264899|0.087761|0.381068|0.776864|0.873600|0.000000|111.000000|0.490631|0.287678|51.000000|0.395187|0.692308|-0.184745|13.000000|0.000000|2.028630|0.359174|0.359174|1.000000|0.331877|20150824.000000|20150824.000000|20200630.000000|20150615.000000|20160510.000000|20260828.000000
PC20SEP08|2012-11-01|0.350776|0.678907|0.945763|0.516678|1.529905|6.638676|10.000000|0.240863|0.324258|0.378551|0.676177|0.000000|0.303149|0.381075|0.844254|0.854559|0.023256|0.303617|0.257637|0.079361|0.381075|0.763318|0.877652|0.000000|105.000000|0.477814|0.294444|45.000000|0.383182|0.692308|-0.119162|13.000000|0.000000|2.177028|0.402856|0.402856|1.000000|0.352379|20200203.000000|20200203.000000|20200630.000000|20150615.000000|20160519.000000|20260828.000000
PC20SEP08|2013-05-01|0.355019|0.649651|0.956526|0.546476|1.509440|7.299331|11.000000|0.242486|0.304899|0.355460|0.676266|0.000000|0.316512|0.357650|0.924208|0.888146|0.000000|0.321281|0.278235|0.096263|0.381120|0.803233|0.914650|0.000000|99.000000|0.473417|0.320718|39.000000|0.404438|0.750000|-0.108570|12.000000|0.000000|2.177013|0.402852|0.402852|1.000000|0.356119|20200203.000000|20200203.000000|20200630.000000|20150615.000000|20160519.000000|20260828.000000
PC20SEP08|2013-11-01|0.369286|0.691159|0.944862|0.534300|1.525961|7.045687|11.000000|0.241017|0.326059|0.390876|0.673797|0.000000|0.314728|0.381145|0.936273|0.884193|0.000000|0.321149|0.268409|0.082634|0.381145|0.812079|0.898917|0.000000|93.000000|0.479132|0.328327|33.000000|0.366973|0.666667|-0.162324|12.000000|0.000000|1.978027|0.342779|0.342779|1.000000|0.370309|20150824.000000|20150824.000000|20200630.000000|20150612.000000|20160519.000000|20260828.000000
PC20SEP08|2014-05-01|0.407094|0.714742|1.016216|0.569568|1.546786|7.525804|11.000000|0.242432|0.342745|0.406474|0.679009|0.000000|0.331660|0.332036|1.080035|0.917960|0.000000|0.334623|0.275788|0.069408|0.381077|0.847104|0.945407|0.000000|87.000000|0.483248|0.347950|27.000000|0.395496|0.636364|-0.158510|11.000000|0.000000|1.909626|0.319238|0.319238|1.000000|0.408027|20150824.000000|20150824.000000|20200630.000000|20150612.000000|20160510.000000|20260828.000000
PC20SEP08|2014-11-01|0.385201|0.727552|0.981730|0.529447|1.543123|7.279230|11.000000|0.236562|0.278719|0.411723|0.667449|0.000000|0.316054|0.294500|1.107464|0.932911|0.000000|0.331334|0.258958|0.073544|0.381016|0.880640|0.950893|0.000000|81.000000|0.465662|0.369592|21.000000|0.391047|0.727273|-0.278908|11.000000|0.000000|1.927210|0.325450|0.325450|1.000000|0.386338|20150824.000000|20150824.000000|20200630.000000|20150612.000000|20160128.000000|20260828.000000
PC20SEP08|2015-05-01|0.363347|0.462937|1.063943|0.784874|1.459913|7.539213|11.000000|0.238349|0.274447|0.336976|0.668725|0.000000|0.323137|0.282268|1.211384|0.989024|0.000000|0.337965|0.280939|0.172249|0.380877|0.947948|1.002078|0.000000|75.000000|0.475674|0.372962|15.000000|0.389335|0.800000|-0.146903|10.000000|0.000000|2.177339|0.402941|0.402941|1.000000|0.364369|20200203.000000|20200203.000000|20200529.000000|20150612.000000|20160530.000000|20260828.000000
PC20SEP08|2015-11-01|0.396418|0.380628|1.130863|1.041485|1.515729|8.149310|11.000000|0.240312|0.273677|0.336598|0.672311|0.000000|0.316280|0.283961|1.173401|0.953167|0.000000|0.344172|0.292264|0.171357|0.380628|0.945687|1.020745|0.000000|69.000000|0.467614|0.466475|9.000000|0.388836|0.700000|-0.144312|10.000000|0.000000|2.177228|0.402911|0.402911|1.000000|0.397672|20200203.000000|20200203.000000|20230131.000000|20200103.000000|20200323.000000|20260828.000000
PC20SEP08|2016-05-01|0.482464|0.371821|1.338636|1.297570|1.531136|7.668381|11.000000|0.233274|0.260531|0.363477|0.661586|0.000000|0.336857|0.271003|1.186470|1.010063|0.000000|0.360344|0.300680|0.192758|0.371821|1.021199|1.051021|0.000000|63.000000|0.482363|0.481527|3.000000|0.430553|0.777778|-0.056632|9.000000|0.000000|2.174394|0.402132|0.402132|1.000000|0.484285|20200203.000000|20200203.000000|20230131.000000|20200103.000000|20200323.000000|20260828.000000
PC25SEP08|2009-11-01|0.281791|0.738692|0.755262|0.381473|1.507377|6.875571|9.000000|0.301187|0.502962|0.662590|0.837566|0.024820|0.318840|0.374131|0.895724|0.857831|0.187879|0.297369|0.160454|-0.115172|0.418717|0.724295|0.765457|0.092199|141.000000|0.466414|0.272735|81.000000|0.183623|0.750000|-0.309934|16.000000|0.000000|1.912137|0.320133|0.320133|0.984589|0.282939|20150824.000000|20150824.000000|20160229.000000|20150612.000000|20160613.000000|20260828.000000
PC25SEP08|2010-05-01|0.287975|0.704563|0.772595|0.408728|1.537156|7.225707|9.000000|0.302529|0.475312|0.662168|0.845799|0.025589|0.307868|0.369364|0.869812|0.829805|0.132075|0.293900|0.209612|-0.100058|0.369364|0.676323|0.767277|0.081481|135.000000|0.451798|0.273075|75.000000|0.188611|0.733333|-0.270309|15.000000|0.000000|1.962977|0.337741|0.337741|1.000000|0.289249|20200323.000000|20200323.000000|20160229.000000|20150615.000000|20160613.000000|20260828.000000
PC25SEP08|2010-11-01|0.291907|0.695123|0.782017|0.419936|1.479515|7.072151|9.000000|0.296478|0.422806|0.489968|0.837638|0.000000|0.301761|0.350972|0.860103|0.821820|0.084967|0.300245|0.237890|-0.040212|0.370458|0.720431|0.777537|0.054264|129.000000|0.435027|0.273258|69.000000|0.156002|0.666667|-0.170243|15.000000|0.000000|1.816557|0.284361|0.284361|1.000000|0.292989|20150824.000000|20150824.000000|20160630.000000|20150612.000000|20160519.000000|20260828.000000
PC25SEP08|2011-05-01|0.306234|0.703522|0.810350|0.435287|1.493819|6.175586|9.000000|0.300300|0.428429|0.494538|0.842577|0.000000|0.323702|0.376575|0.918511|0.847007|0.047619|0.308052|0.249181|-0.037408|0.376575|0.783555|0.802424|0.024390|123.000000|0.445733|0.279150|63.000000|0.287647|0.714286|-0.193438|14.000000|0.000000|1.841711|0.294135|0.294135|1.000000|0.307389|20150826.000000|20150826.000000|20160531.000000|20150612.000000|20160530.000000|20260828.000000
PC25SEP08|2011-11-01|0.338062|0.693326|0.871075|0.487595|1.544802|5.854153|10.000000|0.299825|0.418551|0.488382|0.831281|0.000000|0.335263|0.374017|1.005556|0.905139|0.021277|0.348103|0.271932|0.052549|0.374017|0.843726|0.854436|0.000000|117.000000|0.530162|0.307939|57.000000|0.254307|0.714286|-0.167326|14.000000|0.000000|1.884218|0.310058|0.310058|1.000000|0.339550|20150824.000000|20150824.000000|20161230.000000|20150612.000000|20160530.000000|20260828.000000
PC25SEP08|2012-05-01|0.345851|0.711423|0.890927|0.486140|1.555408|7.388489|9.000000|0.294063|0.408529|0.501239|0.835460|0.000000|0.324574|0.370758|0.934181|0.852902|0.022222|0.323883|0.257857|0.085439|0.370758|0.771524|0.852707|0.000000|111.000000|0.520545|0.294239|51.000000|0.395744|0.769231|-0.163498|13.000000|0.000000|1.952140|0.334064|0.334064|1.000000|0.347056|20150824.000000|20150824.000000|20200630.000000|20150615.000000|20160613.000000|20260828.000000
PC25SEP08|2012-11-01|0.411980|0.732038|0.991881|0.562784|1.592661|5.961390|10.000000|0.290031|0.400789|0.517365|0.824381|0.000000|0.385651|0.412108|1.051778|0.980551|0.031008|0.390718|0.321385|0.120563|0.412108|0.947576|0.988795|0.000000|105.000000|0.571848|0.352231|45.000000|0.393759|0.846154|-0.234878|13.000000|0.000000|1.906795|0.318228|0.318228|1.000000|0.413902|20200323.000000|20200323.000000|20200630.000000|20150612.000000|20160201.000000|20260828.000000
PC25SEP08|2013-05-01|0.389357|0.691590|0.949669|0.562988|1.589987|7.402592|10.000000|0.291234|0.396411|0.501659|0.826376|0.000000|0.367201|0.366530|1.139686|0.964543|0.016260|0.379217|0.303274|0.113452|0.367954|1.036193|1.011872|0.000000|99.000000|0.549389|0.349701|39.000000|0.427474|0.750000|-0.171777|12.000000|0.000000|1.724776|0.246279|0.246279|1.000000|0.390578|20150825.000000|20150825.000000|20200630.000000|20150612.000000|20160613.000000|20260828.000000
PC25SEP08|2013-11-01|0.430573|0.653551|1.041048|0.658822|1.564802|7.156925|10.000000|0.289394|0.360828|0.423578|0.820763|0.000000|0.388933|0.368234|1.101883|1.006503|0.000000|0.394935|0.339133|0.146011|0.411161|0.953889|1.018355|0.000000|93.000000|0.551032|0.398982|33.000000|0.457392|0.750000|-0.104649|12.000000|0.000000|1.982631|0.344306|0.344306|1.000000|0.431790|20200323.000000|20200323.000000|20200630.000000|20150612.000000|20160510.000000|20260828.000000
PC25SEP08|2014-05-01|0.447605|0.696059|1.056844|0.643056|1.580784|7.408850|9.000000|0.290953|0.402330|0.483785|0.824214|0.000000|0.367520|0.350745|1.028262|0.950700|0.000000|0.364184|0.312857|0.099613|0.454727|0.795163|0.958470|0.000000|87.000000|0.530416|0.382662|27.000000|0.395760|0.727273|-0.110968|11.000000|0.000000|1.913599|0.320652|0.320652|1.000000|0.448645|20150824.000000|20150824.000000|20200630.000000|20150612.000000|20160229.000000|20260828.000000
PC25SEP08|2014-11-01|0.409287|0.740867|1.002210|0.552442|1.542038|6.428105|9.000000|0.283668|0.331399|0.427361|0.807995|0.000000|0.353498|0.298846|1.049857|0.916226|0.000000|0.352661|0.287244|0.068388|0.438453|0.829070|0.956508|0.000000|81.000000|0.513454|0.393045|21.000000|0.394657|0.727273|-0.330625|11.000000|0.000000|2.053318|0.370453|0.366878|1.000000|0.410505|20150703.000000|20150703.000000|20200630.000000|20150609.000000|20160520.000000|20260828.000000
PC25SEP08|2015-05-01|0.413021|0.503004|1.109370|0.821110|1.487024|7.269250|9.000000|0.288405|0.327438|0.379319|0.811983|0.000000|0.385818|0.284571|1.092420|1.042115|0.000000|0.402361|0.340169|0.198378|0.398639|1.043826|1.065743|0.000000|75.000000|0.541983|0.434901|15.000000|0.439564|0.800000|-0.111689|10.000000|0.000000|2.123161|0.387705|0.387705|1.000000|0.414203|20200323.000000|20200323.000000|20200529.000000|20150612.000000|20160530.000000|20260828.000000
PC25SEP08|2015-11-01|0.465956|0.398739|1.212776|1.168576|1.541853|7.379299|10.000000|0.289031|0.327202|0.386878|0.813156|0.000000|0.391061|0.284418|1.171257|1.027516|0.000000|0.420747|0.361310|0.235153|0.398739|1.100729|1.099654|0.000000|69.000000|0.545118|0.544324|9.000000|0.430663|0.800000|-0.106091|10.000000|0.000000|2.120298|0.386878|0.386878|1.000000|0.467464|20200323.000000|20200323.000000|20230131.000000|20200103.000000|20200323.000000|20260828.000000
PC25SEP08|2016-05-01|0.523151|0.461803|1.336580|1.132845|1.573245|7.345172|10.000000|0.284371|0.322872|0.409444|0.805674|0.000000|0.359867|0.290026|1.222046|0.956389|0.000000|0.396186|0.324722|0.208552|0.461803|0.865036|1.049320|0.000000|63.000000|0.522892|0.521411|3.000000|0.525976|0.888889|-0.049908|9.000000|0.000000|1.958676|0.336286|0.336286|1.000000|0.525151|20200319.000000|20200319.000000|20230131.000000|20200114.000000|20200323.000000|20260828.000000
PC30SEP08|2009-11-01|0.303101|0.733782|0.779374|0.413067|1.539457|6.292426|8.000000|0.352071|0.605067|0.825265|0.981824|0.102507|0.328993|0.449317|0.882131|0.903157|0.187879|0.337863|0.164577|-0.131420|0.449317|0.735895|0.837941|0.099291|141.000000|0.557231|0.311641|81.000000|0.234551|0.687500|-0.303177|16.000000|0.000000|1.892932|0.313235|0.313235|0.984589|0.304346|20150826.000000|20150826.000000|20160229.000000|20150612.000000|20160613.000000|20260828.000000
PC30SEP08|2010-05-01|0.315202|0.732256|0.795651|0.430453|1.577556|6.627870|8.000000|0.356670|0.612663|0.817705|0.986701|0.104913|0.350960|0.448817|0.891249|0.899492|0.157233|0.339004|0.215580|-0.130036|0.448817|0.747451|0.843511|0.103704|135.000000|0.529049|0.307273|75.000000|0.253523|0.666667|-0.302550|15.000000|0.000000|1.894886|0.313943|0.313943|1.000000|0.316610|20150824.000000|20150824.000000|20160229.000000|20150612.000000|20160613.000000|20260828.000000
PC30SEP08|2010-11-01|0.307796|0.704683|0.782118|0.436787|1.541893|6.412920|9.000000|0.347516|0.507998|0.590597|0.967349|0.000000|0.331824|0.360331|0.929275|0.867363|0.084967|0.329371|0.221789|-0.043335|0.431090|0.825346|0.816331|0.054264|129.000000|0.438601|0.294416|69.000000|0.213604|0.733333|-0.232389|15.000000|0.000000|1.766925|0.264259|0.264259|1.000000|0.308944|20150826.000000|20150826.000000|20160229.000000|20150609.000000|20160530.000000|20260828.000000
PC30SEP08|2011-05-01|0.322326|0.705433|0.811545|0.456919|1.547132|6.899814|9.000000|0.346622|0.512265|0.594227|0.974377|0.000000|0.330792|0.359283|0.935740|0.869797|0.054422|0.335076|0.238492|-0.037119|0.422298|0.847130|0.825256|0.016260|123.000000|0.449120|0.292631|63.000000|0.300758|0.714286|-0.223683|14.000000|0.000000|1.791284|0.274264|0.274264|1.000000|0.323549|20150826.000000|20150826.000000|20160531.000000|20150612.000000|20160519.000000|20260828.000000
PC30SEP08|2011-11-01|0.348055|0.705201|0.853269|0.493554|1.594406|6.376064|9.000000|0.348473|0.511055|0.601558|0.974737|0.000281|0.354975|0.359175|0.993818|0.910198|0.021277|0.354753|0.256267|0.037236|0.422097|0.947222|0.862992|0.000000|117.000000|0.549980|0.315172|57.000000|0.313551|0.714286|-0.223391|14.000000|0.000000|1.774141|0.267251|0.267251|1.000000|0.349592|20150825.000000|20150825.000000|20161230.000000|20150612.000000|20160519.000000|20260828.000000
PC30SEP08|2012-05-01|0.340104|0.744566|0.838724|0.456781|1.598164|6.382353|9.000000|0.348341|0.536621|0.673574|0.972671|0.030783|0.351589|0.440013|0.941966|0.899379|0.066667|0.341757|0.225418|0.027849|0.440013|0.776698|0.865091|0.000000|111.000000|0.539100|0.292879|51.000000|0.387392|0.769231|-0.300118|13.000000|0.000000|1.845330|0.295519|0.295519|1.000000|0.341286|20200323.000000|20200323.000000|20200630.000000|20150609.000000|20160613.000000|20260828.000000
PC30SEP08|2012-11-01|0.419546|0.704537|0.968502|0.595492|1.637549|7.055578|9.000000|0.343582|0.469459|0.578298|0.971902|0.000000|0.379401|0.440215|1.045633|0.971777|0.023256|0.414400|0.303633|0.087834|0.440215|0.941357|0.983711|0.000000|105.000000|0.575640|0.352850|45.000000|0.387567|0.846154|-0.206267|13.000000|0.000000|1.770062|0.265562|0.265562|1.000000|0.421509|20150825.000000|20150825.000000|20200630.000000|20150609.000000|20160613.000000|20260828.000000
PC30SEP08|2013-05-01|0.416303|0.691621|0.980389|0.601924|1.590868|7.087503|9.000000|0.341964|0.463241|0.554828|0.960568|0.000000|0.394048|0.428899|0.966196|0.940974|0.016260|0.398329|0.333259|0.134330|0.456784|0.858068|0.967309|0.000000|99.000000|0.580955|0.376643|39.000000|0.448369|0.750000|-0.148699|12.000000|0.000000|1.776307|0.268144|0.268144|1.000000|0.417621|20150825.000000|20150825.000000|20200630.000000|20150615.000000|20160613.000000|20260828.000000
PC30SEP08|2013-11-01|0.389746|0.741448|0.930342|0.525655|1.629194|6.469084|9.000000|0.340726|0.550698|0.668272|0.960239|0.023077|0.375095|0.358708|1.062932|0.945238|0.017094|0.397119|0.292593|0.070638|0.424257|1.074557|0.990175|0.000000|93.000000|0.544103|0.340349|33.000000|0.409783|0.750000|-0.248473|12.000000|0.000000|1.860454|0.301246|0.301246|1.000000|0.390832|20150824.000000|20150824.000000|20200630.000000|20150612.000000|20160613.000000|20260828.000000
PC30SEP08|2014-05-01|0.451134|0.742025|1.023949|0.607977|1.606466|7.039911|9.000000|0.342017|0.549716|0.662117|0.971675|0.039693|0.377553|0.351382|0.982731|0.948991|0.000000|0.380212|0.323389|0.091628|0.493281|0.780099|0.955231|0.000000|87.000000|0.560662|0.385659|27.000000|0.388504|0.636364|-0.221842|11.000000|0.000000|1.769100|0.265163|0.265163|1.000000|0.452184|20150824.000000|20150824.000000|20200630.000000|20150609.000000|20160229.000000|20260828.000000
PC30SEP08|2014-11-01|0.426330|0.793019|0.990067|0.537604|1.583818|6.482929|9.000000|0.336336|0.385290|0.504906|0.939673|0.000000|0.401405|0.308664|1.022060|1.000035|0.000000|0.400322|0.330783|0.046768|0.471891|0.861252|0.996490|0.000000|81.000000|0.563669|0.428132|21.000000|0.387196|0.727273|-0.443465|11.000000|0.000000|1.889331|0.311926|0.311926|1.000000|0.427606|20150824.000000|20150824.000000|20200529.000000|20150609.000000|20160510.000000|20260828.000000
PC30SEP08|2015-05-01|0.424296|0.535312|1.092049|0.792613|1.518287|6.980996|9.000000|0.340775|0.380430|0.486001|0.957458|0.000000|0.375157|0.310503|1.125250|1.009747|0.000000|0.398144|0.336720|0.200349|0.421403|0.947377|1.006741|0.000000|75.000000|0.561803|0.452372|15.000000|0.465591|0.800000|-0.113709|10.000000|0.000000|1.910738|0.319635|0.319635|1.000000|0.425514|20200323.000000|20200323.000000|20200529.000000|20150612.000000|20160530.000000|20260828.000000
PC30SEP08|2015-11-01|0.483583|0.416128|1.188793|1.162104|1.570411|6.788002|9.000000|0.337837|0.383109|0.486230|0.948241|0.000000|0.419971|0.319080|1.158318|0.999909|0.000000|0.440178|0.380554|0.255935|0.416128|1.112434|1.069958|0.000000|69.000000|0.568161|0.565950|9.000000|0.468298|0.800000|-0.123792|10.000000|0.000000|1.918787|0.322489|0.322489|1.000000|0.485157|20200323.000000|20200323.000000|20230131.000000|20200103.000000|20200323.000000|20260828.000000
PC30SEP08|2016-05-01|0.553099|0.440237|1.305167|1.256364|1.611859|7.480972|9.000000|0.335025|0.384994|0.423936|0.942110|0.000000|0.376390|0.361746|1.111043|0.999191|0.000000|0.419872|0.352001|0.214731|0.440237|0.965232|1.008956|0.000000|63.000000|0.553339|0.549650|3.000000|0.432835|0.888889|-0.142317|9.000000|0.000000|1.896855|0.314655|0.314655|1.000000|0.555232|20200323.000000|20200323.000000|20230131.000000|20200103.000000|20200323.000000|20260828.000000
#EX5|2011-11-01|601088,002128,000933,000651,000338
EX5:BASE|2009-11-01|0.323211|0.747002|0.810373|0.432678|1.518298|6.377823|6.000000|0.622829|0.720456|0.951353|1.366326|0.664653|0.395623|0.544576|0.746949|0.897334|0.151515|0.388681|0.219117|-0.174675|0.544576|0.650737|0.878021|0.106383|141.000000|0.504277|0.349218|81.000000|0.247777|0.625000|-0.346536|16.000000|0.000000|1.680803|0.226560|0.226560|0.984589|0.324548|20200323.000000|20200323.000000|20160229.000000|20110328.000000|20140320.000000|20260828.000000
EX5:BASE|2010-05-01|0.346838|0.746047|0.845730|0.464900|1.552428|6.186945|6.000000|0.624717|0.721419|0.948088|1.377367|0.658790|0.408378|0.544113|0.819885|0.927747|0.119497|0.398709|0.317818|-0.159893|0.544113|0.690511|0.906275|0.081481|135.000000|0.493910|0.366905|75.000000|0.312532|0.666667|-0.346227|15.000000|0.000000|1.681238|0.226760|0.226760|1.000000|0.348405|20200323.000000|20200323.000000|20160229.000000|20110328.000000|20140320.000000|20260828.000000
EX5:BASE|2010-11-01|0.380720|0.607389|0.927596|0.626814|1.477373|5.868668|6.000000|0.613558|0.714445|0.966608|1.335703|0.606126|0.428115|0.459484|0.867119|0.972426|0.084967|0.414977|0.346672|-0.016833|0.545557|0.732668|0.938660|0.007752|129.000000|0.503956|0.392043|69.000000|0.321026|0.666667|-0.202368|15.000000|0.000000|1.679106|0.225779|0.225779|1.000000|0.382177|20200323.000000|20200323.000000|20160229.000000|20150615.000000|20160229.000000|20260828.000000
EX5:BASE|2011-05-01|0.400993|0.647831|0.941686|0.618978|1.527429|6.054928|7.000000|0.616400|0.712927|0.949980|1.359071|0.628790|0.425765|0.446711|0.882031|0.984930|0.040816|0.411690|0.352084|0.035113|0.545588|0.726416|0.936904|0.000000|123.000000|0.509980|0.405457|63.000000|0.364335|0.714286|-0.202480|14.000000|0.000000|1.589673|0.182222|0.182222|1.000000|0.402557|20150825.000000|20150825.000000|20160531.000000|20150615.000000|20160229.000000|20260828.000000
EX5:BASE|2011-11-01|0.429333|0.647953|0.980364|0.662598|1.575303|6.978992|7.000000|0.619761|0.712832|0.950122|1.352471|0.653050|0.450745|0.516050|1.037607|1.045321|0.000000|0.438256|0.370645|0.084642|0.545600|0.796197|1.005347|0.000000|117.000000|0.623396|0.431414|57.000000|0.401376|0.714286|-0.202459|14.000000|0.000000|1.590403|0.182597|0.182597|1.000000|0.431282|20150825.000000|20150825.000000|20161230.000000|20150615.000000|20160229.000000|20260828.000000
EX5:BASE|2012-05-01|0.448899|0.656458|1.024764|0.683820|1.600386|5.846693|7.000000|0.617827|0.706232|0.950754|1.347289|0.634843|0.432466|0.544560|0.940567|1.039117|0.000000|0.428444|0.370227|0.133451|0.544560|0.731777|0.964489|0.000000|111.000000|0.600891|0.410202|51.000000|0.444515|0.769231|-0.129949|13.000000|0.000000|1.680314|0.226335|0.226335|1.000000|0.450518|20200323.000000|20200323.000000|20200529.000000|20150615.000000|20160229.000000|20260828.000000
EX5:BASE|2012-11-01|0.497180|0.671043|1.075410|0.740906|1.641236|5.917698|7.000000|0.612950|0.714097|0.994978|1.331284|0.596486|0.452184|0.545674|1.016826|1.097213|0.007752|0.449818|0.382928|0.125621|0.545674|0.819801|1.028174|0.000000|105.000000|0.609587|0.437944|45.000000|0.462752|0.769231|-0.130043|13.000000|0.000000|1.557060|0.165093|0.165093|1.000000|0.499564|20150825.000000|20150825.000000|20200529.000000|20150615.000000|20160229.000000|20260828.000000
EX5:BASE|2013-05-01|0.437022|0.686305|0.983022|0.636775|1.625549|5.948761|7.000000|0.611569|0.729546|1.060315|1.310438|0.594878|0.408679|0.506177|0.900202|1.005264|0.000000|0.419094|0.319613|0.075892|0.531196|0.788963|0.987759|0.000000|99.000000|0.592817|0.381743|39.000000|0.457579|0.833333|-0.237957|12.000000|0.000000|1.626376|0.200677|0.200677|1.000000|0.438414|20150825.000000|20150825.000000|20200529.000000|20150615.000000|20160229.000000|20260828.000000
EX5:BASE|2013-11-01|0.481404|0.659942|1.049428|0.729463|1.627681|5.915589|7.000000|0.613910|0.711301|0.951783|1.360280|0.624679|0.445793|0.472097|0.974898|1.055954|0.000000|0.470786|0.360838|0.143689|0.546543|0.861389|1.069282|0.000000|93.000000|0.612427|0.436388|33.000000|0.396085|0.833333|-0.174884|12.000000|0.000000|1.671445|0.222230|0.222230|1.000000|0.482787|20150825.000000|20150825.000000|20200529.000000|20150615.000000|20160229.000000|20260828.000000
EX5:BASE|2014-05-01|0.514422|0.716158|1.104067|0.718307|1.610342|6.016768|8.000000|0.609873|0.748387|1.002131|1.321429|0.593062|0.432476|0.465276|1.119944|1.056012|0.000000|0.458432|0.349583|0.075129|0.545385|0.842000|1.066401|0.000000|87.000000|0.601346|0.428146|27.000000|0.444501|0.727273|-0.247844|11.000000|0.000000|1.679333|0.225883|0.225883|1.000000|0.515643|20200323.000000|20200323.000000|20200529.000000|20150615.000000|20160229.000000|20260828.000000
EX5:BASE|2014-11-01|0.494898|0.743455|1.066162|0.665673|1.602770|6.378887|7.000000|0.614217|0.706071|0.950148|1.316273|0.613217|0.462102|0.357899|1.310680|1.140100|0.000000|0.478840|0.374428|0.058450|0.545545|0.877728|1.084905|0.000000|81.000000|0.603864|0.474726|21.000000|0.481892|0.727273|-0.315999|11.000000|0.000000|1.521648|0.145663|0.145663|1.000000|0.496412|20150825.000000|20150825.000000|20200529.000000|20150615.000000|20160128.000000|20260828.000000
EX5:BASE|2015-05-01|0.459130|0.564354|1.124997|0.813550|1.508081|5.998019|7.000000|0.604105|0.692944|0.818276|1.338182|0.535472|0.446562|0.320577|1.508314|1.090102|0.000000|0.482739|0.349240|0.122725|0.474254|1.017891|1.110883|0.000000|75.000000|0.607898|0.449823|15.000000|0.484007|0.800000|-0.272405|10.000000|0.000000|1.785690|0.271990|0.271990|1.000000|0.460464|20200323.000000|20200323.000000|20200529.000000|20150615.000000|20160613.000000|20260828.000000
EX5:BASE|2015-11-01|0.477669|0.478839|1.164295|0.997555|1.567354|5.936524|7.000000|0.603741|0.693867|0.803670|1.331754|0.540437|0.399232|0.320714|1.450706|1.113493|0.000000|0.440863|0.362350|0.213095|0.474550|0.940336|1.065645|0.000000|69.000000|0.573013|0.569529|9.000000|0.427481|0.800000|-0.267057|10.000000|0.000000|1.784613|0.271551|0.271551|1.000000|0.479220|20200323.000000|20200323.000000|20230131.000000|20151225.000000|20160613.000000|20260828.000000
EX5:BASE|2016-05-01|0.622485|0.474701|1.404678|1.311320|1.591794|5.940075|7.000000|0.603761|0.694616|0.826776|1.354213|0.532483|0.468000|0.320116|1.548988|1.211854|0.000000|0.502381|0.429232|0.269597|0.474701|1.079670|1.151692|0.000000|63.000000|0.614575|0.616504|3.000000|0.544806|0.888889|-0.076812|9.000000|0.000000|1.784219|0.271390|0.271390|1.000000|0.624935|20200323.000000|20200323.000000|20230131.000000|20200114.000000|20200323.000000|20260828.000000
EX5:PC20SEP08|2009-11-01|0.251279|0.648072|0.761678|0.387733|1.334286|6.855014|10.000000|0.237222|0.277218|0.433339|0.665788|0.000000|0.234954|0.364991|0.616726|0.760534|0.145455|0.273324|0.160625|-0.045613|0.407005|0.515540|0.773810|0.014184|141.000000|0.340212|0.243521|81.000000|0.043919|0.687500|-0.102747|16.000000|0.000000|1.703531|0.236879|0.236879|0.984589|0.252290|20150825.000000|20150825.000000|20160229.000000|20150612.000000|20160229.000000|20260828.000000
EX5:PC20SEP08|2010-05-01|0.250342|0.649402|0.752787|0.385496|1.366438|6.598193|10.000000|0.240210|0.279985|0.432334|0.671907|0.000000|0.219956|0.381504|0.576551|0.698759|0.119497|0.265215|0.153849|-0.053210|0.390449|0.498517|0.770073|0.014815|135.000000|0.325386|0.230777|75.000000|0.034001|0.600000|-0.102758|15.000000|0.000000|1.713390|0.241270|0.241270|1.000000|0.251434|20150825.000000|20150825.000000|20160229.000000|20150612.000000|20160229.000000|20260828.000000
EX5:PC20SEP08|2010-11-01|0.273427|0.648181|0.809825|0.421837|1.371073|7.267891|10.000000|0.234824|0.282368|0.422599|0.662151|0.000000|0.234941|0.323414|0.631604|0.757360|0.045752|0.280405|0.173878|0.004179|0.363887|0.536226|0.797647|0.000000|129.000000|0.321186|0.245371|69.000000|0.072892|0.733333|-0.065698|15.000000|0.000000|1.746301|0.255569|0.255569|1.000000|0.274433|20150825.000000|20150825.000000|20160229.000000|20150612.000000|20160229.000000|20260828.000000
EX5:PC20SEP08|2011-05-01|0.279877|0.648571|0.816912|0.431528|1.409453|6.632300|10.000000|0.235285|0.280819|0.433012|0.665058|0.000000|0.234660|0.363189|0.630899|0.755438|0.020408|0.281361|0.191753|0.058221|0.363189|0.543384|0.786988|0.000000|123.000000|0.309901|0.241918|63.000000|0.128366|0.857143|-0.065667|14.000000|0.000000|1.704702|0.237403|0.237403|1.000000|0.280922|20150825.000000|20150825.000000|20160531.000000|20150612.000000|20160229.000000|20260828.000000
EX5:PC20SEP08|2011-11-01|0.287954|0.652024|0.824505|0.441631|1.459081|6.911694|10.000000|0.239521|0.287822|0.433056|0.672980|0.000000|0.248378|0.381560|0.624602|0.765236|0.007092|0.284084|0.199453|0.081263|0.381560|0.540224|0.798698|0.000000|117.000000|0.387627|0.244713|57.000000|0.148127|0.714286|-0.065588|14.000000|0.000000|1.708507|0.239102|0.239102|1.000000|0.289198|20150825.000000|20150825.000000|20230131.000000|20150612.000000|20160229.000000|20260828.000000
EX5:PC20SEP08|2012-05-01|0.307469|0.652486|0.862951|0.471226|1.500541|6.990336|10.000000|0.237961|0.287441|0.433171|0.669233|0.000000|0.239332|0.365401|0.663205|0.776416|0.007407|0.289506|0.218745|0.075745|0.365401|0.564707|0.801437|0.000000|111.000000|0.384002|0.249587|51.000000|0.198128|0.769231|-0.040278|13.000000|0.000000|1.709251|0.239433|0.239433|1.000000|0.308525|20150825.000000|20150825.000000|20230131.000000|20150612.000000|20160229.000000|20260828.000000
EX5:PC20SEP08|2012-11-01|0.341763|0.649712|0.928425|0.526022|1.542949|6.677042|10.000000|0.239002|0.278898|0.433408|0.672463|0.000000|0.237941|0.363376|0.696749|0.779765|0.000000|0.297454|0.216996|0.079368|0.363376|0.607444|0.830767|0.000000|105.000000|0.389658|0.266248|45.000000|0.206065|0.846154|-0.044715|13.000000|0.000000|1.716689|0.242728|0.242728|1.000000|0.343319|20150825.000000|20150825.000000|20230131.000000|20150612.000000|20160229.000000|20260828.000000
EX5:PC20SEP08|2013-05-01|0.338318|0.614781|0.957717|0.550306|1.504917|6.774020|10.000000|0.234778|0.292746|0.402016|0.663484|0.000000|0.256398|0.364602|0.764691|0.860951|0.000000|0.290220|0.214042|0.087257|0.364602|0.663626|0.867186|0.000000|99.000000|0.392939|0.294667|39.000000|0.274196|0.833333|-0.072346|12.000000|0.000000|2.130432|0.389795|0.389795|1.000000|0.339360|20150825.000000|20150825.000000|20200529.000000|20150615.000000|20160229.000000|20260828.000000
EX5:PC20SEP08|2013-11-01|0.366440|0.580596|0.998659|0.631145|1.523140|6.778725|11.000000|0.235654|0.281694|0.359721|0.664324|0.000000|0.268633|0.383949|0.904744|0.865710|0.000000|0.276851|0.212431|0.080103|0.383949|0.663604|0.863973|0.000000|93.000000|0.381987|0.306865|33.000000|0.253728|0.750000|-0.096290|12.000000|0.000000|2.023881|0.357670|0.357670|1.000000|0.367454|20150824.000000|20150824.000000|20230131.000000|20150615.000000|20160229.000000|20260828.000000
EX5:PC20SEP08|2014-05-01|0.389987|0.579472|1.075228|0.673005|1.531715|6.386631|10.000000|0.233439|0.279628|0.379334|0.661953|0.000000|0.245933|0.318146|0.922624|0.877914|0.000000|0.269849|0.199588|0.084139|0.364193|0.679241|0.885665|0.000000|87.000000|0.387125|0.305304|27.000000|0.208122|0.818182|-0.060130|11.000000|0.000000|2.122788|0.387598|0.387598|1.000000|0.390877|20150825.000000|20150825.000000|20230131.000000|20150615.000000|20160229.000000|20260828.000000
EX5:PC20SEP08|2014-11-01|0.338062|0.683657|0.937972|0.494490|1.492090|6.570144|10.000000|0.234660|0.288648|0.382184|0.665424|0.000000|0.230754|0.221080|1.000459|0.779385|0.000000|0.254717|0.174407|0.042716|0.370242|0.718257|0.850597|0.000000|81.000000|0.392677|0.309803|21.000000|0.189786|0.636364|-0.257711|11.000000|0.000000|1.752312|0.258123|0.258123|1.000000|0.339043|20150824.000000|20150824.000000|20200529.000000|20150612.000000|20160229.000000|20260828.000000
EX5:PC20SEP08|2015-05-01|0.309960|0.366354|1.044556|0.846065|1.420148|7.117786|11.000000|0.235165|0.265643|0.350307|0.662980|0.000000|0.226694|0.265114|1.086441|0.874866|0.000000|0.249494|0.179751|0.080867|0.361783|0.714316|0.888092|0.000000|75.000000|0.391600|0.296074|15.000000|0.252003|0.700000|-0.155583|10.000000|0.000000|2.200847|0.409318|0.409318|1.000000|0.310815|20200203.000000|20200203.000000|20230131.000000|20150615.000000|20160510.000000|20260828.000000
EX5:PC20SEP08|2015-11-01|0.318934|0.362355|1.043491|0.880172|1.484855|6.702457|11.000000|0.235112|0.269985|0.334464|0.664522|0.000000|0.206125|0.255940|1.032550|0.755259|0.000000|0.237969|0.173832|0.064709|0.362355|0.670385|0.820017|0.000000|69.000000|0.378992|0.369699|9.000000|0.202989|0.700000|-0.152534|10.000000|0.000000|2.222849|0.415165|0.415165|1.000000|0.319916|20200203.000000|20200203.000000|20230131.000000|20200114.000000|20200323.000000|20260828.000000
EX5:PC20SEP08|2016-05-01|0.373368|0.379931|1.205592|0.982725|1.496690|6.814295|11.000000|0.236492|0.271520|0.355837|0.663991|0.000000|0.203989|0.260855|1.061083|0.749380|0.000000|0.248927|0.165824|0.067237|0.379931|0.660840|0.838385|0.000000|63.000000|0.371110|0.369551|3.000000|0.289167|0.666667|-0.053210|9.000000|0.000000|2.224754|0.415666|0.415666|1.000000|0.374727|20200203.000000|20200203.000000|20230131.000000|20200114.000000|20200323.000000|20260828.000000
EX5:PC25SEP08|2009-11-01|0.263027|0.655898|0.756203|0.401018|1.379580|6.095260|9.000000|0.292486|0.343239|0.453967|0.815903|0.000000|0.217318|0.422060|0.518356|0.669028|0.121212|0.252203|0.146311|-0.041025|0.428726|0.523316|0.754065|0.007092|141.000000|0.300409|0.241250|81.000000|0.079768|0.625000|-0.129928|16.000000|0.000000|1.572470|0.173275|0.173275|0.984589|0.264091|20150825.000000|20150825.000000|20160229.000000|20150615.000000|20160229.000000|20260828.000000
EX5:PC25SEP08|2010-05-01|0.263646|0.664850|0.753635|0.396550|1.407920|6.501033|9.000000|0.289031|0.336838|0.433917|0.810656|0.000000|0.212939|0.414459|0.581819|0.642850|0.113208|0.262011|0.145723|-0.067850|0.416576|0.509251|0.763871|0.029630|135.000000|0.303054|0.233526|75.000000|0.077459|0.666667|-0.129797|15.000000|0.000000|1.555878|0.164459|0.164459|1.000000|0.264802|20150825.000000|20150825.000000|20160229.000000|20150612.000000|20160229.000000|20260828.000000
EX5:PC25SEP08|2010-11-01|0.302701|0.654825|0.839098|0.462262|1.418304|6.363569|9.000000|0.283196|0.341227|0.461041|0.805741|0.000000|0.257083|0.356147|0.682535|0.777813|0.039216|0.296157|0.188581|0.016738|0.387030|0.587688|0.824191|0.000000|129.000000|0.331816|0.271464|69.000000|0.161510|0.733333|-0.099704|15.000000|0.000000|1.572843|0.173471|0.173471|1.000000|0.303827|20150825.000000|20150825.000000|20160229.000000|20150615.000000|20160229.000000|20260828.000000
EX5:PC25SEP08|2011-05-01|0.291672|0.660533|0.810236|0.441571|1.433663|6.691349|8.000000|0.291989|0.345170|0.505498|0.815034|0.000000|0.240835|0.420556|0.535608|0.666108|0.020408|0.273047|0.164537|0.044798|0.420556|0.520718|0.779146|0.000000|123.000000|0.307796|0.236590|63.000000|0.109358|0.642857|-0.089517|14.000000|0.000000|1.576153|0.175207|0.175207|1.000000|0.292767|20150825.000000|20150825.000000|20230131.000000|20150615.000000|20160229.000000|20260828.000000
EX5:PC25SEP08|2011-11-01|0.335246|0.651146|0.895798|0.514855|1.515253|6.003864|9.000000|0.282109|0.344984|0.498067|0.806949|0.000000|0.281296|0.385235|0.731651|0.823797|0.000000|0.316234|0.247692|0.109430|0.385235|0.629143|0.846163|0.000000|117.000000|0.446595|0.285788|57.000000|0.159736|0.857143|-0.098785|14.000000|0.000000|1.579893|0.177160|0.177160|1.000000|0.336720|20150825.000000|20150825.000000|20230131.000000|20150615.000000|20160229.000000|20260828.000000
EX5:PC25SEP08|2012-05-01|0.356770|0.653850|0.930135|0.545646|1.543971|6.760068|9.000000|0.286302|0.339700|0.458018|0.807503|0.000000|0.269933|0.379317|0.718928|0.806195|0.000000|0.317679|0.243320|0.092793|0.379317|0.617351|0.839692|0.000000|111.000000|0.429769|0.277561|51.000000|0.178067|0.846154|-0.094675|13.000000|0.000000|1.573840|0.173995|0.173995|1.000000|0.358018|20150825.000000|20150825.000000|20230131.000000|20150615.000000|20160229.000000|20260828.000000
EX5:PC25SEP08|2012-11-01|0.359627|0.667060|0.921951|0.539122|1.570144|6.372336|9.000000|0.292233|0.339795|0.439856|0.820525|0.000000|0.243166|0.424060|0.621440|0.737597|0.000000|0.293606|0.188410|0.050228|0.424060|0.552465|0.811822|0.000000|105.000000|0.402252|0.271208|45.000000|0.202183|0.769231|-0.064992|13.000000|0.000000|1.553603|0.163235|0.163235|1.000000|0.361275|20150825.000000|20150825.000000|20230131.000000|20150612.000000|20160229.000000|20260828.000000
EX5:PC25SEP08|2013-05-01|0.336848|0.646848|0.910289|0.520753|1.528836|6.556461|9.000000|0.289341|0.349751|0.462169|0.814982|0.000000|0.237244|0.417242|0.638010|0.766385|0.000000|0.272808|0.194570|0.064533|0.417242|0.541917|0.799320|0.000000|99.000000|0.420103|0.272053|39.000000|0.223399|0.750000|-0.171014|12.000000|0.000000|1.900525|0.315979|0.315979|1.000000|0.337885|20150825.000000|20150825.000000|20230131.000000|20150615.000000|20160229.000000|20260828.000000
EX5:PC25SEP08|2013-11-01|0.372420|0.618107|0.994911|0.602516|1.551447|6.617856|9.000000|0.283161|0.338823|0.485485|0.800963|0.000000|0.257113|0.379362|0.734355|0.833249|0.000000|0.280788|0.224684|0.085866|0.379362|0.640694|0.829140|0.000000|93.000000|0.419389|0.302136|33.000000|0.243697|0.750000|-0.140387|12.000000|0.000000|1.924967|0.324664|0.324664|1.000000|0.373452|20150825.000000|20150825.000000|20230131.000000|20150615.000000|20160229.000000|20260828.000000
EX5:PC25SEP08|2014-05-01|0.395154|0.639152|1.030022|0.618247|1.565460|6.323532|9.000000|0.285885|0.344370|0.442525|0.807912|0.000000|0.254228|0.361331|0.703922|0.827265|0.000000|0.269991|0.205007|0.083599|0.398194|0.618979|0.823282|0.000000|87.000000|0.419980|0.307914|27.000000|0.122783|0.818182|-0.173303|11.000000|0.000000|1.890827|0.312470|0.312470|1.000000|0.396056|20150825.000000|20150825.000000|20200529.000000|20150612.000000|20160229.000000|20260828.000000
EX5:PC25SEP08|2014-11-01|0.371158|0.729892|0.957513|0.508511|1.543248|7.051351|10.000000|0.287197|0.345241|0.539442|0.808879|0.000000|0.260372|0.277595|1.026392|0.869674|0.000000|0.286373|0.200854|0.058457|0.383809|0.746916|0.909356|0.000000|81.000000|0.442967|0.346624|21.000000|0.207660|0.727273|-0.329109|11.000000|0.000000|1.600657|0.187833|0.187833|1.000000|0.372248|20150825.000000|20150825.000000|20200529.000000|20150612.000000|20160229.000000|20260828.000000
EX5:PC25SEP08|2015-05-01|0.328679|0.411005|1.037399|0.799695|1.432917|6.772888|9.000000|0.289298|0.326871|0.401071|0.807974|0.000000|0.242096|0.279713|0.829591|0.841665|0.000000|0.256849|0.194446|0.082168|0.411005|0.628114|0.832353|0.000000|75.000000|0.419740|0.308302|15.000000|0.259111|0.600000|-0.196259|10.000000|0.000000|2.181039|0.403954|0.403954|1.000000|0.329592|20200323.000000|20200323.000000|20230131.000000|20200114.000000|20200323.000000|20260828.000000
EX5:PC25SEP08|2015-11-01|0.357061|0.411137|1.097853|0.868472|1.493945|6.919877|9.000000|0.289701|0.327925|0.400949|0.809388|0.000000|0.238826|0.279756|0.929147|0.816670|0.000000|0.264108|0.205508|0.081516|0.411137|0.668231|0.871499|0.000000|69.000000|0.423800|0.410806|9.000000|0.262909|0.600000|-0.192034|10.000000|0.000000|2.180119|0.403702|0.403702|1.000000|0.358175|20200323.000000|20200323.000000|20230131.000000|20200114.000000|20200323.000000|20260828.000000
EX5:PC25SEP08|2016-05-01|0.407731|0.410760|1.233385|0.992624|1.529804|6.455793|10.000000|0.290977|0.331810|0.401162|0.816084|0.000000|0.194854|0.284529|0.736376|0.706794|0.000000|0.234887|0.168280|0.054910|0.410760|0.573103|0.779059|0.000000|63.000000|0.406642|0.402736|3.000000|0.355908|0.666667|-0.046118|9.000000|0.000000|2.170685|0.401111|0.401111|1.000000|0.409232|20200323.000000|20200323.000000|20230131.000000|20200114.000000|20200323.000000|20260828.000000
EX5:PC30SEP08|2009-11-01|0.259232|0.720699|0.727999|0.359694|1.410101|6.586381|8.000000|0.338189|0.407297|0.575248|0.944634|0.000000|0.235607|0.468586|0.531154|0.709836|0.157576|0.280229|0.153338|-0.112445|0.471844|0.482571|0.750835|0.056738|141.000000|0.351755|0.242013|81.000000|0.015603|0.562500|-0.159106|16.000000|0.000000|1.490719|0.127938|0.127938|0.984589|0.260279|20150825.000000|20150825.000000|20160229.000000|20150612.000000|20160229.000000|20260828.000000
EX5:PC30SEP08|2010-05-01|0.280098|0.675705|0.775457|0.414527|1.437735|6.393457|8.000000|0.346137|0.404286|0.539172|0.954668|0.000000|0.244352|0.463053|0.574038|0.702515|0.113208|0.287479|0.166496|-0.076711|0.463053|0.534137|0.795031|0.029630|135.000000|0.362815|0.261684|75.000000|0.097735|0.600000|-0.159083|15.000000|0.000000|1.670043|0.221577|0.221577|1.000000|0.281333|20150825.000000|20150825.000000|20160229.000000|20150612.000000|20160229.000000|20260828.000000
EX5:PC30SEP08|2010-11-01|0.289962|0.660443|0.805783|0.439041|1.406656|6.663877|8.000000|0.337878|0.405012|0.524858|0.945345|0.000000|0.234909|0.398628|0.564397|0.720138|0.065359|0.287690|0.179662|-0.018349|0.469912|0.526667|0.778403|0.007752|129.000000|0.359069|0.251570|69.000000|0.045863|0.600000|-0.098885|15.000000|0.000000|1.692115|0.231731|0.231731|1.000000|0.291036|20150825.000000|20150825.000000|20160229.000000|20150612.000000|20160229.000000|20260828.000000
EX5:PC30SEP08|2011-05-01|0.293874|0.694693|0.792551|0.423028|1.449725|6.493641|9.000000|0.339720|0.411409|0.552914|0.945707|0.000000|0.229400|0.451112|0.577970|0.722035|0.027211|0.297750|0.184514|0.013866|0.468994|0.492875|0.761162|0.000000|123.000000|0.366667|0.253704|63.000000|0.093669|0.642857|-0.108230|14.000000|0.000000|1.507407|0.137592|0.137592|1.000000|0.294978|20150825.000000|20150825.000000|20160531.000000|20150612.000000|20160229.000000|20260828.000000
EX5:PC30SEP08|2011-11-01|0.315834|0.701923|0.826954|0.449955|1.516932|6.438264|9.000000|0.337720|0.411599|0.592835|0.945395|0.000000|0.260182|0.467665|0.618787|0.761557|0.014184|0.316918|0.215690|0.091258|0.467665|0.510963|0.787656|0.000000|117.000000|0.442267|0.266179|57.000000|0.122046|0.642857|-0.099005|14.000000|0.000000|1.498624|0.132538|0.132538|1.000000|0.317212|20150825.000000|20150825.000000|20161230.000000|20150612.000000|20160229.000000|20260828.000000
EX5:PC30SEP08|2012-05-01|0.346417|0.704549|0.877308|0.491686|1.552510|6.417608|9.000000|0.340099|0.404907|0.570889|0.946220|0.000000|0.261776|0.459966|0.606772|0.760111|0.014815|0.318635|0.230697|0.094670|0.459966|0.526807|0.798219|0.000000|111.000000|0.442417|0.271162|51.000000|0.163939|0.692308|-0.079568|13.000000|0.000000|1.486927|0.125714|0.125714|1.000000|0.347624|20150825.000000|20150825.000000|20230131.000000|20150612.000000|20150825.000000|20260828.000000
EX5:PC30SEP08|2012-11-01|0.391621|0.673761|0.961817|0.581246|1.581151|6.407370|8.000000|0.343169|0.413698|0.528053|0.949321|0.000000|0.269146|0.467889|0.693666|0.799723|0.000000|0.337161|0.222494|0.086355|0.467889|0.585584|0.838878|0.000000|105.000000|0.443087|0.297123|45.000000|0.180208|0.692308|-0.083174|13.000000|0.000000|1.534127|0.152613|0.152613|1.000000|0.393435|20150825.000000|20150825.000000|20230131.000000|20150612.000000|20150825.000000|20260828.000000
EX5:PC30SEP08|2013-05-01|0.351212|0.638824|0.915742|0.549779|1.563402|6.561781|8.000000|0.338318|0.420407|0.511744|0.946045|0.000000|0.257100|0.452765|0.690092|0.789475|0.000000|0.295912|0.224641|0.094042|0.468798|0.548687|0.812695|0.000000|99.000000|0.443131|0.289546|39.000000|0.280432|0.666667|-0.191050|12.000000|0.000000|1.805460|0.279962|0.279962|1.000000|0.352299|20150825.000000|20150825.000000|20230131.000000|20150615.000000|20160229.000000|20260828.000000
EX5:PC30SEP08|2013-11-01|0.374722|0.664171|0.950968|0.564196|1.555675|6.385353|9.000000|0.338686|0.411224|0.515723|0.944679|0.000000|0.274945|0.433275|0.732308|0.816132|0.000000|0.295674|0.227267|0.087583|0.467191|0.564091|0.816476|0.000000|93.000000|0.449187|0.304056|33.000000|0.274356|0.666667|-0.196873|12.000000|0.000000|1.702153|0.236261|0.236261|1.000000|0.375762|20150825.000000|20150825.000000|20200529.000000|20150615.000000|20160229.000000|20260828.000000
EX5:PC30SEP08|2014-05-01|0.410836|0.704140|1.003263|0.583458|1.571825|6.534774|8.000000|0.338085|0.420255|0.539782|0.942223|0.000000|0.266681|0.424523|0.722079|0.815569|0.000000|0.283409|0.212360|0.075120|0.467135|0.556303|0.817921|0.000000|87.000000|0.444239|0.320558|27.000000|0.161479|0.545455|-0.142706|11.000000|0.000000|1.658165|0.216001|0.216001|1.000000|0.411780|20150824.000000|20150824.000000|20200529.000000|20150612.000000|20160229.000000|20260828.000000
EX5:PC30SEP08|2014-11-01|0.368309|0.719623|0.932134|0.511808|1.573106|6.927865|8.000000|0.338999|0.415692|0.595300|0.933683|0.000000|0.253078|0.323207|0.808196|0.778008|0.000000|0.270473|0.194351|0.040296|0.454671|0.594877|0.836114|0.000000|81.000000|0.442458|0.335556|21.000000|0.111407|0.636364|-0.299745|11.000000|0.000000|1.625096|0.200047|0.200047|1.000000|0.369389|20150824.000000|20150824.000000|20200529.000000|20150612.000000|20160128.000000|20260828.000000
EX5:PC30SEP08|2015-05-01|0.344976|0.462518|1.036971|0.745864|1.448083|6.548459|8.000000|0.337962|0.390963|0.469824|0.924769|0.000000|0.254694|0.276468|0.837558|0.854402|0.000000|0.268340|0.212473|0.091756|0.462518|0.580172|0.825189|0.000000|75.000000|0.447044|0.329500|15.000000|0.239840|0.600000|-0.199556|10.000000|0.000000|1.884934|0.310321|0.310321|1.000000|0.345939|20200323.000000|20200323.000000|20230131.000000|20200114.000000|20200323.000000|20260828.000000
EX5:PC30SEP08|2015-11-01|0.370038|0.461990|1.085288|0.800966|1.510874|6.762869|8.000000|0.338867|0.390025|0.469224|0.927485|0.000000|0.243598|0.278262|0.901617|0.824525|0.000000|0.273746|0.205449|0.087657|0.461990|0.599296|0.849062|0.000000|69.000000|0.441559|0.429219|9.000000|0.225663|0.700000|-0.194446|10.000000|0.000000|1.885514|0.310533|0.310533|1.000000|0.371198|20200323.000000|20200323.000000|20230131.000000|20200114.000000|20200323.000000|20260828.000000
EX5:PC30SEP08|2016-05-01|0.439753|0.461933|1.256141|0.951983|1.518154|6.852087|8.000000|0.338744|0.399768|0.468886|0.922233|0.000000|0.227826|0.278350|0.667118|0.739250|0.000000|0.252005|0.190263|0.076896|0.461933|0.545545|0.795103|0.000000|63.000000|0.437334|0.435381|3.000000|0.358265|0.777778|-0.037238|9.000000|0.000000|1.885116|0.310387|0.310387|1.000000|0.441390|20200323.000000|20200323.000000|20230131.000000|20200114.000000|20200323.000000|20260828.000000
